49 108
0 0
0 1
1 1
1 2
1 3
2 2
2 29
2 36
3 3
29 17
29 29
36 7
36 17
36 31
36 36
36 37
4 4
4 27
4 31
27 19
27 26
27 27
27 31
27 34
31 31
31 32
31 33
5 5
5 14
5 32
14 11
14 13
14 14
14 15
14 35
32 32
32 41
6 6
6 16
6 19
6 33
16 7
16 16
19 19
19 30
33 33
7 7
8 8
8 13
13 9
13 10
13 13
13 40
9 9
10 10
11 11
12 12
12 15
15 15
15 21
40 40
40 41
40 42
35 34
35 35
21 21
21 22
21 37
21 44
17 17
17 18
18 18
18 20
20 20
20 44
30 30
44 44
44 45
44 48
22 22
22 23
22 24
22 25
22 37
22 48
37 37
23 23
24 24
25 25
48 38
48 45
48 48
26 26
26 28
28 28
34 34
41 41
41 43
38 38
38 39
39 39
42 42
43 43
45 45
45 46
45 47
46 46
47 47
