73 225
0 0
0 1
0 15
0 16
0 27
0 39
1 1
1 2
15 14
15 15
16 16
16 25
27 4
27 17
27 26
27 27
27 28
27 42
27 56
27 60
39 12
39 23
39 24
39 38
39 39
39 40
39 48
39 60
2 2
2 3
2 17
2 25
2 29
3 3
3 4
17 17
25 14
25 24
25 25
25 26
25 41
25 58
25 62
29 6
29 18
29 28
29 29
29 30
29 43
29 54
29 58
4 4
4 5
4 18
4 31
5 5
5 6
18 18
31 8
31 19
31 30
31 31
31 32
31 44
31 52
31 56
6 6
6 7
6 19
6 33
7 7
7 8
19 19
33 10
33 20
33 32
33 33
33 34
33 45
33 50
33 54
8 8
8 9
8 20
8 35
9 9
9 10
20 20
35 12
35 21
35 34
35 35
35 36
35 46
35 48
35 52
10 10
10 11
10 21
10 37
11 11
11 12
21 21
37 14
37 22
37 36
37 37
37 38
37 47
37 50
37 62
12 12
12 13
12 22
13 13
13 14
22 22
14 14
14 23
23 23
24 24
26 26
41 41
41 60
58 42
58 57
58 58
58 59
58 69
62 40
62 61
62 62
62 63
62 71
28 28
42 42
56 43
56 55
56 56
56 57
56 68
60 59
60 60
60 61
60 70
30 30
43 43
54 44
54 53
54 54
54 55
54 67
32 32
44 44
52 45
52 51
52 52
52 53
52 66
34 34
45 45
50 46
50 49
50 50
50 51
50 65
36 36
46 46
48 47
48 48
48 49
48 63
48 64
38 38
47 47
40 40
49 49
49 64
49 65
63 63
63 64
63 71
64 64
64 65
64 71
64 72
65 51
65 65
65 66
65 72
51 51
51 66
66 53
66 66
66 67
66 72
53 53
53 67
67 55
67 67
67 68
67 72
55 55
55 68
68 57
68 68
68 69
68 72
57 57
57 69
69 59
69 69
69 70
69 72
59 59
59 70
70 61
70 70
70 71
70 72
61 61
61 71
71 71
71 72
72 72
