62 140
0 0
0 2
2 1
2 2
2 3
1 1
1 4
4 3
4 4
4 8
4 9
3 3
3 5
5 5
5 6
5 7
8 7
8 8
8 14
8 18
9 9
9 10
9 12
6 6
6 7
6 19
7 7
19 18
19 19
19 57
14 12
14 13
14 14
18 17
18 18
10 10
10 11
10 58
12 11
12 12
11 11
11 13
58 58
58 59
13 13
13 15
15 15
15 16
15 61
16 16
16 17
16 21
16 22
16 31
16 52
61 61
17 17
17 20
21 20
21 21
21 31
22 22
22 23
31 30
31 31
31 32
52 52
20 20
57 53
57 56
57 57
23 23
23 24
23 30
24 24
24 25
30 29
30 30
25 25
25 26
25 29
26 26
26 28
26 51
29 28
29 29
28 28
28 34
28 47
51 27
51 51
51 55
27 27
34 34
34 35
34 60
47 47
47 48
47 49
47 50
32 32
32 33
33 33
33 36
36 36
36 41
36 56
35 35
35 41
35 42
60 41
60 60
41 41
41 46
42 42
56 37
56 56
37 37
37 38
38 38
38 39
39 39
39 40
40 40
40 53
53 53
53 54
46 43
46 46
43 43
43 44
44 44
44 45
45 45
48 48
49 49
50 50
55 55
54 54
59 59
