87 314
0 0
0 1
0 2
0 3
0 31
0 33
0 59
1 1
1 3
1 23
1 27
1 29
1 32
1 34
1 59
1 64
2 2
2 3
2 4
2 33
2 56
2 65
3 3
3 4
3 5
3 27
3 35
3 47
3 53
3 64
31 31
33 33
33 34
33 56
33 59
33 85
59 34
59 59
23 23
23 24
23 27
23 29
27 26
27 27
27 29
27 64
29 28
29 29
29 34
29 64
32 32
34 34
34 56
34 64
34 86
64 5
64 53
64 56
64 64
64 66
4 4
4 5
4 6
4 7
4 20
4 21
4 22
4 60
4 65
56 56
56 65
56 66
65 6
65 60
65 65
65 66
65 67
5 5
5 7
5 47
5 60
5 66
5 68
35 35
35 38
35 47
35 53
47 44
47 47
47 53
47 66
53 50
53 53
53 66
6 6
6 7
6 8
6 67
6 69
7 7
7 8
7 9
7 68
20 20
20 21
21 21
21 22
22 8
22 12
22 22
60 60
60 66
66 66
66 67
66 68
66 81
66 82
66 83
68 9
68 67
68 68
68 70
8 8
8 9
8 10
8 11
8 61
8 69
67 67
67 69
67 70
69 10
69 61
69 69
69 70
69 71
9 9
9 11
9 36
9 48
9 54
9 61
9 70
9 72
10 10
10 11
10 12
10 71
10 73
11 11
11 12
11 13
11 48
11 72
61 61
61 70
36 36
36 39
36 48
36 54
48 45
48 48
48 54
48 72
54 51
54 54
54 70
70 70
70 71
70 72
70 83
72 13
72 71
72 72
72 74
12 12
12 13
12 14
12 15
12 62
12 73
71 71
71 73
71 74
73 14
73 62
73 73
73 74
73 75
13 13
13 15
13 62
13 74
13 76
14 14
14 15
14 16
14 77
15 15
15 16
15 17
15 76
62 62
62 74
74 74
74 75
74 76
74 83
76 75
76 76
76 78
16 16
16 17
16 18
16 19
16 63
16 77
77 18
77 63
77 75
77 77
77 78
77 79
17 17
17 19
17 37
17 49
17 55
17 63
17 78
17 80
18 18
18 19
18 79
19 19
19 49
19 80
63 63
63 78
37 37
37 40
37 49
37 55
49 46
49 49
49 55
49 80
55 52
55 55
55 78
55 80
78 75
78 78
78 79
78 80
80 79
80 80
79 79
24 24
24 25
24 26
24 28
25 25
25 26
25 28
25 30
26 26
26 28
28 28
30 30
85 85
86 86
38 38
38 41
38 44
38 50
39 39
39 42
39 45
39 51
40 40
40 43
40 46
40 52
41 41
41 44
41 50
41 84
44 44
44 50
50 50
42 42
42 45
42 51
42 57
45 45
45 51
51 51
43 43
43 46
43 52
43 58
46 46
46 52
52 52
84 84
57 57
58 58
81 81
81 82
82 82
82 83
83 83
75 75
