216 2295
0 0
0 1
0 2
0 3
0 5
0 7
0 23
0 24
0 25
0 29
0 30
0 35
0 37
1 1
1 2
1 3
1 5
1 7
1 23
1 24
1 25
1 29
1 30
1 35
1 37
2 2
2 3
2 5
2 7
2 23
2 24
2 25
2 29
2 30
2 35
2 37
3 3
3 5
3 7
3 23
3 24
3 25
3 29
3 30
3 35
3 37
5 5
5 6
5 7
5 9
5 11
5 13
5 23
5 24
5 25
5 26
5 29
5 30
5 35
5 37
5 38
5 44
5 46
7 6
7 7
7 9
7 11
7 13
7 23
7 24
7 25
7 26
7 29
7 30
7 35
7 37
7 38
7 44
7 46
23 23
23 24
23 25
23 30
23 32
23 33
23 35
23 37
23 40
23 63
23 64
23 65
23 70
23 72
24 4
24 8
24 24
24 30
24 31
24 35
24 36
25 4
25 6
25 8
25 9
25 10
25 11
25 13
25 14
25 25
25 30
25 31
25 35
25 36
25 38
25 39
25 44
25 45
29 4
29 8
29 29
29 31
29 32
29 33
29 34
29 35
29 36
29 40
29 41
29 63
29 65
29 66
29 70
29 71
30 30
30 32
30 33
30 35
30 37
30 40
30 63
30 64
30 65
30 70
30 72
35 6
35 9
35 11
35 13
35 26
35 32
35 33
35 35
35 37
35 38
35 40
35 42
35 44
35 46
35 49
35 63
35 64
35 65
35 70
35 72
35 73
35 79
35 81
37 4
37 6
37 8
37 9
37 10
37 11
37 13
37 14
37 31
37 32
37 33
37 34
37 36
37 37
37 38
37 39
37 40
37 41
37 42
37 43
37 44
37 45
37 49
37 50
37 63
37 65
37 66
37 70
37 71
37 73
37 74
37 79
37 80
4 4
4 8
4 31
4 36
8 8
8 10
8 14
8 26
8 31
8 36
8 39
8 45
8 46
31 31
31 34
31 36
31 41
31 64
31 66
31 71
31 72
36 10
36 14
36 26
36 34
36 36
36 39
36 41
36 43
36 45
36 46
36 50
36 64
36 66
36 71
36 72
36 74
36 80
36 81
6 6
6 9
6 11
6 13
6 26
6 38
6 44
6 46
9 9
9 11
9 13
9 26
9 38
9 44
9 46
11 11
11 12
11 13
11 15
11 17
11 19
11 26
11 27
11 38
11 44
11 46
11 47
11 53
11 55
13 12
13 13
13 15
13 17
13 19
13 26
13 27
13 38
13 44
13 46
13 47
13 53
13 55
26 10
26 12
26 14
26 15
26 16
26 17
26 19
26 20
26 26
26 38
26 39
26 44
26 45
26 47
26 48
26 53
26 54
38 38
38 40
38 42
38 44
38 46
38 49
38 70
38 72
38 73
38 79
38 81
44 12
44 15
44 17
44 19
44 27
44 40
44 42
44 44
44 46
44 47
44 49
44 51
44 53
44 55
44 59
44 70
44 72
44 73
44 79
44 81
44 82
44 88
44 90
46 10
46 12
46 14
46 15
46 16
46 17
46 19
46 20
46 39
46 40
46 41
46 42
46 43
46 45
46 46
46 47
46 48
46 49
46 50
46 51
46 52
46 53
46 54
46 59
46 60
46 70
46 71
46 73
46 74
46 79
46 80
46 82
46 83
46 88
46 89
10 10
10 14
10 39
10 45
14 14
14 16
14 20
14 27
14 39
14 45
14 48
14 54
14 55
39 39
39 41
39 43
39 45
39 50
39 71
39 72
39 74
39 80
39 81
45 16
45 20
45 27
45 41
45 43
45 45
45 48
45 50
45 52
45 54
45 55
45 60
45 71
45 72
45 74
45 80
45 81
45 83
45 89
45 90
12 12
12 15
12 17
12 19
12 27
12 47
12 53
12 55
15 15
15 17
15 19
15 27
15 47
15 53
15 55
17 17
17 18
17 19
17 21
17 27
17 28
17 47
17 53
17 55
17 56
17 58
19 18
19 19
19 21
19 27
19 28
19 47
19 53
19 55
19 56
19 58
27 16
27 18
27 20
27 21
27 22
27 27
27 47
27 48
27 53
27 54
27 56
27 57
47 47
47 49
47 51
47 53
47 59
47 79
47 81
47 82
47 88
47 90
53 18
53 21
53 28
53 49
53 51
53 53
53 55
53 56
53 58
53 59
53 61
53 79
53 81
53 82
53 88
53 90
53 91
53 93
55 16
55 18
55 20
55 21
55 22
55 48
55 49
55 50
55 51
55 52
55 54
55 55
55 56
55 57
55 59
55 60
55 61
55 62
55 79
55 80
55 82
55 83
55 88
55 89
55 91
55 92
16 16
16 20
16 48
16 54
20 20
20 22
20 28
20 48
20 54
20 57
20 58
48 48
48 50
48 52
48 54
48 60
48 80
48 81
48 83
48 89
48 90
54 22
54 28
54 50
54 52
54 54
54 57
54 58
54 60
54 62
54 80
54 81
54 83
54 89
54 90
54 92
54 93
18 18
18 21
18 28
18 56
18 58
21 21
21 28
21 56
21 58
28 22
28 28
28 56
28 57
56 56
56 58
56 59
56 61
56 88
56 90
56 91
56 93
58 22
58 57
58 58
58 59
58 60
58 61
58 62
58 88
58 89
58 91
58 92
22 22
22 57
57 57
57 60
57 62
57 89
57 90
57 92
57 93
32 32
32 33
32 40
32 63
32 64
32 65
32 70
32 72
33 33
33 40
33 63
33 64
33 65
33 70
33 72
40 40
40 42
40 49
40 63
40 64
40 65
40 70
40 72
40 73
40 79
40 81
63 63
63 65
63 67
63 68
63 70
63 72
63 75
63 121
63 122
63 123
63 125
63 127
64 34
64 41
64 64
64 65
64 66
64 67
64 68
64 69
64 70
64 71
64 75
64 76
64 121
64 123
64 124
64 125
64 126
65 65
65 67
65 68
65 70
65 75
65 121
65 122
65 123
65 125
65 127
70 42
70 49
70 67
70 68
70 70
70 72
70 73
70 75
70 77
70 79
70 81
70 84
70 112
70 114
70 116
70 121
70 122
70 123
70 125
70 127
72 34
72 41
72 42
72 43
72 49
72 50
72 66
72 67
72 68
72 69
72 71
72 72
72 73
72 74
72 75
72 76
72 77
72 78
72 79
72 80
72 84
72 85
72 112
72 113
72 114
72 115
72 121
72 123
72 124
72 125
72 126
34 34
34 41
34 66
34 71
41 41
41 43
41 50
41 66
41 71
41 74
41 80
41 81
66 66
66 69
66 71
66 76
66 122
66 124
66 126
66 127
71 43
71 50
71 69
71 71
71 74
71 76
71 78
71 80
71 81
71 85
71 113
71 115
71 116
71 122
71 124
71 126
71 127
42 42
42 49
42 73
42 79
42 81
49 49
49 51
49 59
49 73
49 79
49 81
49 82
49 88
49 90
73 73
73 75
73 77
73 79
73 81
73 84
73 112
73 114
73 116
73 125
73 127
79 51
79 59
79 75
79 77
79 79
79 81
79 82
79 84
79 86
79 88
79 90
79 94
79 103
79 105
79 107
79 112
79 114
79 116
79 125
79 127
81 43
81 50
81 51
81 52
81 59
81 60
81 74
81 75
81 76
81 77
81 78
81 80
81 81
81 82
81 83
81 84
81 85
81 86
81 87
81 88
81 89
81 94
81 95
81 103
81 104
81 105
81 106
81 112
81 113
81 114
81 115
81 125
81 126
43 43
43 50
43 74
43 80
50 50
50 52
50 60
50 74
50 80
50 83
50 89
50 90
74 74
74 76
74 78
74 80
74 85
74 113
74 115
74 116
74 126
74 127
80 52
80 60
80 76
80 78
80 80
80 83
80 85
80 87
80 89
80 90
80 95
80 104
80 106
80 107
80 113
80 115
80 116
80 126
80 127
51 51
51 59
51 82
51 88
51 90
59 59
59 61
59 82
59 88
59 90
59 91
59 93
82 82
82 84
82 86
82 88
82 90
82 94
82 103
82 105
82 107
82 114
82 116
88 61
88 84
88 86
88 88
88 90
88 91
88 93
88 94
88 96
88 98
88 100
88 103
88 105
88 107
88 114
88 116
90 52
90 60
90 61
90 62
90 83
90 84
90 85
90 86
90 87
90 89
90 90
90 91
90 92
90 94
90 95
90 96
90 97
90 98
90 99
90 103
90 104
90 105
90 106
90 114
90 115
52 52
52 60
52 83
52 89
60 60
60 62
60 83
60 89
60 92
60 93
83 83
83 85
83 87
83 89
83 95
83 104
83 106
83 107
83 115
83 116
89 62
89 85
89 87
89 89
89 92
89 93
89 95
89 97
89 99
89 100
89 104
89 106
89 107
89 115
89 116
61 61
61 91
61 93
91 91
91 93
91 94
91 96
91 98
91 100
91 105
91 107
93 62
93 92
93 93
93 94
93 95
93 96
93 97
93 98
93 99
93 105
93 106
62 62
62 92
92 92
92 95
92 97
92 99
92 100
92 106
92 107
67 67
67 68
67 75
67 121
67 122
67 123
67 125
67 127
68 68
68 75
68 121
68 122
68 123
68 125
68 127
75 75
75 77
75 84
75 112
75 114
75 116
75 121
75 122
75 123
75 125
75 127
121 121
121 123
121 125
121 127
121 128
121 129
121 131
121 154
121 155
121 156
121 164
121 166
122 69
122 76
122 122
122 123
122 124
122 126
122 128
122 129
122 130
122 131
122 132
122 154
122 156
122 157
122 164
122 165
123 123
123 125
123 128
123 129
123 131
123 154
123 155
123 156
123 164
123 166
125 77
125 84
125 112
125 114
125 116
125 117
125 119
125 125
125 127
125 128
125 129
125 131
125 154
125 155
125 156
125 161
125 163
125 164
125 166
125 167
127 69
127 76
127 77
127 78
127 84
127 85
127 112
127 113
127 114
127 115
127 117
127 118
127 119
127 120
127 124
127 126
127 127
127 128
127 129
127 130
127 131
127 132
127 154
127 156
127 157
127 161
127 162
127 164
127 165
127 167
127 168
69 69
69 76
69 124
69 126
76 76
76 78
76 85
76 113
76 115
76 116
76 124
76 126
124 124
124 126
124 130
124 132
124 155
124 157
124 165
124 166
126 78
126 85
126 113
126 115
126 116
126 118
126 120
126 126
126 130
126 132
126 155
126 157
126 162
126 163
126 165
126 166
126 168
77 77
77 84
77 112
77 114
77 116
84 84
84 86
84 94
84 103
84 105
84 107
84 112
84 114
84 116
112 112
112 114
112 116
112 117
112 119
112 131
112 161
112 163
112 164
112 166
112 167
114 86
114 94
114 103
114 105
114 107
114 108
114 110
114 114
114 116
114 117
114 119
114 131
114 145
114 147
114 148
114 161
114 163
114 164
114 166
114 167
116 78
116 85
116 86
116 87
116 94
116 95
116 103
116 104
116 105
116 106
116 108
116 109
116 110
116 111
116 113
116 115
116 116
116 117
116 118
116 119
116 120
116 131
116 132
116 145
116 146
116 148
116 149
116 161
116 162
116 164
116 165
116 167
116 168
78 78
78 85
78 113
78 115
85 85
85 87
85 95
85 104
85 106
85 107
85 113
85 115
113 113
113 115
113 118
113 120
113 132
113 162
113 163
113 165
113 166
113 168
115 87
115 95
115 104
115 106
115 107
115 109
115 111
115 115
115 118
115 120
115 132
115 146
115 147
115 149
115 162
115 163
115 165
115 166
115 168
86 86
86 94
86 103
86 105
86 107
94 94
94 96
94 98
94 100
94 103
94 105
94 107
103 103
103 105
103 107
103 108
103 110
103 119
103 145
103 147
103 148
103 161
103 163
105 96
105 98
105 100
105 101
105 105
105 107
105 108
105 110
105 119
105 133
105 135
105 145
105 147
105 148
105 161
105 163
107 87
107 95
107 96
107 97
107 98
107 99
107 101
107 102
107 104
107 106
107 107
107 108
107 109
107 110
107 111
107 119
107 120
107 133
107 134
107 145
107 146
107 148
107 149
107 161
107 162
87 87
87 95
87 104
87 106
95 95
95 97
95 99
95 100
95 104
95 106
104 104
104 106
104 109
104 111
104 120
104 146
104 147
104 149
104 162
104 163
106 97
106 99
106 100
106 102
106 106
106 109
106 111
106 120
106 134
106 135
106 146
106 147
106 149
106 162
106 163
96 96
96 98
96 100
98 98
98 100
98 101
98 110
98 133
98 135
98 145
98 147
100 97
100 99
100 100
100 101
100 102
100 110
100 111
100 133
100 134
100 145
100 146
97 97
97 99
99 99
99 102
99 111
99 134
99 135
99 146
99 147
101 101
101 110
101 133
101 135
101 145
101 147
110 108
110 110
110 119
110 133
110 135
110 145
110 147
110 148
110 161
110 163
133 133
133 135
133 136
133 138
133 140
133 145
133 147
133 150
133 175
133 177
135 102
135 111
135 134
135 135
135 136
135 137
135 138
135 139
135 145
135 146
135 150
135 151
135 175
135 176
145 108
145 119
145 136
145 138
145 140
145 145
145 147
145 148
145 150
145 152
145 161
145 163
145 173
145 175
145 177
145 182
145 197
145 199
147 102
147 108
147 109
147 111
147 119
147 120
147 134
147 136
147 137
147 138
147 139
147 146
147 147
147 148
147 149
147 150
147 151
147 152
147 153
147 161
147 162
147 173
147 174
147 175
147 176
147 182
147 183
147 197
147 198
102 102
102 111
102 134
102 146
111 109
111 111
111 120
111 134
111 146
111 149
111 162
111 163
134 134
134 137
134 139
134 140
134 146
134 151
134 176
134 177
146 109
146 120
146 137
146 139
146 140
146 146
146 149
146 151
146 153
146 162
146 163
146 174
146 176
146 177
146 183
146 198
146 199
108 108
108 119
108 148
108 161
108 163
119 117
119 119
119 131
119 148
119 161
119 163
119 164
119 166
119 167
148 148
148 150
148 152
148 161
148 163
148 173
148 175
148 177
148 182
148 197
148 199
161 117
161 131
161 150
161 152
161 161
161 164
161 166
161 167
161 169
161 171
161 173
161 175
161 177
161 182
161 197
161 199
161 200
161 202
161 203
163 109
163 117
163 118
163 120
163 131
163 132
163 149
163 150
163 151
163 152
163 153
163 162
163 163
163 164
163 165
163 167
163 168
163 169
163 170
163 171
163 172
163 173
163 174
163 175
163 176
163 182
163 183
163 197
163 198
163 200
163 201
163 203
163 204
109 109
109 120
109 149
109 162
120 118
120 120
120 132
120 149
120 162
120 165
120 166
120 168
149 149
149 151
149 153
149 162
149 174
149 176
149 177
149 183
149 198
149 199
162 118
162 132
162 151
162 153
162 162
162 165
162 166
162 168
162 170
162 172
162 174
162 176
162 177
162 183
162 198
162 199
162 201
162 202
162 204
117 117
117 131
117 164
117 166
117 167
131 128
131 129
131 131
131 154
131 155
131 156
131 164
131 166
131 167
164 128
164 129
164 154
164 155
164 156
164 158
164 159
164 164
164 167
164 169
164 171
164 173
164 187
164 188
164 189
164 197
164 199
164 200
164 202
164 203
166 118
166 128
166 129
166 130
166 132
166 154
166 156
166 157
166 158
166 159
166 160
166 165
166 166
166 167
166 168
166 169
166 170
166 171
166 172
166 173
166 174
166 187
166 189
166 190
166 197
166 198
166 200
166 201
166 203
166 204
167 167
167 169
167 171
167 173
167 197
167 199
167 200
167 202
167 203
118 118
118 132
118 165
118 168
132 130
132 132
132 155
132 157
132 165
132 168
165 130
165 155
165 157
165 160
165 165
165 168
165 170
165 172
165 174
165 188
165 190
165 198
165 199
165 201
165 202
165 204
168 168
168 170
168 172
168 174
168 198
168 199
168 201
168 202
168 204
128 128
128 129
128 154
128 155
128 156
129 129
129 154
129 155
129 156
154 154
154 155
154 156
154 158
154 159
154 169
154 187
154 188
154 189
154 200
154 202
155 130
155 155
155 157
155 158
155 159
155 160
155 169
155 170
155 187
155 189
155 190
155 200
155 201
156 156
156 158
156 159
156 169
156 187
156 188
156 189
156 200
156 202
130 130
130 157
157 157
157 160
157 170
157 188
157 190
157 201
157 202
136 136
136 138
136 140
136 150
136 175
136 177
138 138
138 140
138 141
138 143
138 144
138 150
138 175
138 177
138 178
138 180
138 181
140 137
140 139
140 140
140 141
140 142
140 143
140 150
140 151
140 175
140 176
140 178
140 179
140 180
150 150
150 152
150 173
150 175
150 177
150 182
150 197
150 199
175 141
175 143
175 144
175 152
175 173
175 175
175 177
175 178
175 180
175 181
175 182
175 184
175 186
175 197
175 205
175 207
175 208
177 137
177 139
177 141
177 142
177 143
177 151
177 152
177 153
177 173
177 174
177 176
177 177
177 178
177 179
177 180
177 182
177 183
177 184
177 185
177 186
177 197
177 198
177 205
177 206
177 207
137 137
137 139
137 151
137 176
139 139
139 142
139 144
139 151
139 176
139 179
139 181
151 151
151 153
151 174
151 176
151 183
151 198
151 199
176 142
176 144
176 153
176 174
176 176
176 179
176 181
176 183
176 185
176 198
176 199
176 206
176 208
141 141
141 143
141 144
141 178
141 180
141 181
143 143
143 144
143 178
143 180
143 181
144 142
144 144
144 178
144 179
144 180
178 178
178 180
178 181
178 182
178 184
178 186
178 197
178 199
178 205
178 207
178 208
180 180
180 181
180 182
180 184
180 186
180 197
180 199
180 205
180 207
180 208
181 142
181 179
181 181
181 182
181 183
181 184
181 185
181 186
181 197
181 198
181 205
181 206
181 207
142 142
142 179
179 179
179 183
179 185
179 198
179 199
179 206
179 208
152 152
152 173
152 182
152 197
152 199
173 169
173 171
173 173
173 182
173 197
173 199
173 200
173 202
173 203
182 182
182 184
182 186
182 197
182 199
182 205
182 207
182 208
197 169
197 171
197 184
197 186
197 197
197 199
197 200
197 202
197 203
197 205
197 207
197 208
197 209
197 211
197 212
197 213
197 215
199 153
199 169
199 170
199 171
199 172
199 174
199 183
199 184
199 185
199 186
199 198
199 199
199 200
199 201
199 203
199 204
199 205
199 206
199 207
199 209
199 210
199 211
199 213
199 214
199 215
153 153
153 174
153 183
153 198
174 170
174 172
174 174
174 183
174 198
174 201
174 202
174 204
183 183
183 185
183 198
183 206
183 208
198 170
198 172
198 185
198 198
198 201
198 202
198 204
198 206
198 208
198 210
198 212
198 214
158 158
158 159
158 169
158 187
158 188
158 189
158 200
158 202
159 159
159 169
159 187
159 188
159 189
159 200
159 202
169 169
169 171
169 187
169 188
169 189
169 200
169 202
169 203
187 187
187 188
187 189
187 191
187 192
187 194
187 195
187 196
187 200
187 202
187 209
187 211
187 212
188 160
188 170
188 188
188 190
188 191
188 192
188 193
188 194
188 196
188 200
188 201
188 209
188 210
188 211
189 189
189 191
189 192
189 194
189 195
189 196
189 200
189 202
189 209
189 211
189 212
200 171
200 191
200 192
200 194
200 195
200 196
200 200
200 202
200 203
200 205
200 207
200 208
200 209
200 211
200 212
200 213
200 215
202 160
202 170
202 171
202 172
202 190
202 191
202 192
202 193
202 194
202 196
202 201
202 202
202 203
202 204
202 205
202 206
202 207
202 209
202 210
202 211
202 213
202 214
202 215
160 160
160 170
160 190
160 201
170 170
170 172
170 190
170 201
170 204
190 190
190 193
190 195
190 201
190 210
190 212
201 172
201 193
201 195
201 201
201 204
201 206
201 208
201 210
201 212
201 214
171 171
171 203
203 203
203 205
203 207
203 208
203 209
203 211
203 212
203 213
203 215
172 172
172 204
204 204
204 206
204 208
204 210
204 212
204 214
184 184
184 186
184 205
184 207
184 208
186 186
186 205
186 207
186 208
205 205
205 207
205 208
205 209
205 211
205 212
205 213
205 215
207 207
207 208
207 209
207 211
207 212
207 213
207 215
208 185
208 206
208 208
208 209
208 210
208 211
208 213
208 214
208 215
185 185
185 206
206 206
206 210
206 212
206 214
191 191
191 192
191 194
191 195
191 196
191 209
191 211
191 212
192 192
192 194
192 195
192 196
192 209
192 211
192 212
194 194
194 195
194 196
194 209
194 211
194 212
195 193
195 195
195 196
195 209
195 210
195 211
196 196
196 209
196 211
196 212
209 209
209 211
209 212
209 213
209 215
211 211
211 212
211 213
211 215
212 193
212 210
212 212
212 213
212 214
212 215
193 193
193 210
210 210
210 214
213 213
213 215
215 215
214 214
