100 347
0 0
0 1
0 2
0 12
0 13
1 1
1 11
1 12
1 13
2 2
2 4
12 4
12 5
12 10
12 12
12 14
13 3
13 4
13 5
13 13
13 23
11 10
11 11
11 21
11 22
11 23
4 4
4 6
4 16
4 17
3 3
6 6
6 8
16 5
16 8
16 9
16 14
16 16
16 18
17 5
17 7
17 8
17 9
17 17
17 27
5 5
5 15
15 15
15 22
15 23
15 25
15 26
15 27
8 8
8 9
7 7
9 9
9 19
19 18
19 19
19 26
19 27
19 29
10 10
10 22
10 23
22 14
22 20
22 22
22 24
23 14
23 23
23 33
21 20
21 21
21 31
21 32
21 33
14 14
14 26
14 27
26 18
26 24
26 26
26 28
27 18
27 27
27 37
25 25
25 32
25 33
25 35
25 36
25 37
18 18
29 28
29 29
29 36
29 37
29 39
20 20
20 32
20 33
32 24
32 30
32 32
32 34
33 24
33 33
33 43
31 30
31 31
31 41
31 42
31 43
24 24
24 36
24 37
36 28
36 34
36 36
36 38
37 28
37 37
37 47
35 35
35 42
35 43
35 45
35 46
35 47
28 28
39 38
39 39
39 46
39 47
39 49
30 30
30 42
30 43
42 34
42 40
42 42
42 44
43 34
43 43
43 53
41 40
41 41
41 51
41 52
41 53
34 34
34 46
34 47
46 38
46 44
46 46
46 48
47 38
47 47
47 57
45 45
45 52
45 53
45 55
45 56
45 57
38 38
49 48
49 49
49 56
49 57
49 59
40 40
40 52
40 53
52 44
52 50
52 52
52 54
53 44
53 53
53 63
51 50
51 51
51 61
51 62
51 63
44 44
44 56
44 57
56 48
56 54
56 56
56 58
57 48
57 57
57 67
55 55
55 62
55 63
55 65
55 66
55 67
48 48
59 58
59 59
59 66
59 67
59 69
50 50
50 62
50 63
62 54
62 60
62 62
62 64
63 54
63 63
63 73
61 60
61 61
61 71
61 72
61 73
54 54
54 66
54 67
66 58
66 64
66 66
66 68
67 58
67 67
67 77
65 65
65 72
65 73
65 75
65 76
65 77
58 58
69 68
69 69
69 76
69 77
69 79
60 60
60 72
60 73
72 64
72 70
72 72
72 74
73 64
73 73
73 83
71 70
71 71
71 81
71 82
71 83
64 64
64 76
64 77
76 68
76 74
76 76
76 78
77 68
77 77
77 87
75 75
75 82
75 83
75 85
75 86
75 87
68 68
79 78
79 79
79 86
79 87
79 89
70 70
70 82
70 83
82 74
82 80
82 82
82 84
83 74
83 83
83 93
81 80
81 81
81 91
81 92
81 93
74 74
74 86
74 87
86 78
86 84
86 86
86 88
87 78
87 87
87 97
85 85
85 92
85 93
85 95
85 96
85 97
78 78
89 88
89 89
89 96
89 97
89 99
80 80
80 92
80 93
92 84
92 90
92 92
92 94
93 84
93 93
91 91
84 84
84 96
84 97
96 88
96 94
96 96
96 98
97 88
97 97
95 95
88 88
99 99
90 90
94 94
98 98
