200 13930
0 2
0 3
0 4
0 6
0 7
0 10
0 11
0 13
0 14
0 15
0 16
0 17
0 18
0 20
0 21
0 22
0 25
0 26
0 28
0 29
0 30
0 31
0 32
0 33
0 36
0 37
0 38
0 39
0 41
0 42
0 43
0 44
0 45
0 47
0 49
0 53
0 55
0 57
0 59
0 60
0 61
0 62
0 63
0 65
0 66
0 68
0 69
0 71
0 72
0 73
0 74
0 76
0 77
0 78
0 80
0 83
0 84
0 85
0 86
0 87
0 88
0 89
0 92
0 93
0 96
0 97
0 98
0 100
0 104
0 105
0 107
0 108
0 109
0 110
0 111
0 112
0 115
0 116
0 117
0 118
0 120
0 121
0 122
0 123
0 124
0 125
0 126
0 127
0 128
0 129
0 130
0 132
0 133
0 134
0 138
0 139
0 141
0 143
0 145
0 147
0 150
0 151
0 152
0 154
0 155
0 157
0 158
0 160
0 161
0 162
0 164
0 166
0 167
0 169
0 170
0 171
0 172
0 173
0 175
0 176
0 177
0 178
0 182
0 184
0 185
0 186
0 187
0 189
0 190
0 193
0 196
0 197
0 198
2 3
2 4
2 6
2 7
2 8
2 9
2 11
2 14
2 15
2 16
2 17
2 21
2 22
2 23
2 24
2 25
2 26
2 31
2 32
2 33
2 35
2 36
2 37
2 38
2 39
2 40
2 41
2 42
2 43
2 44
2 46
2 49
2 50
2 51
2 53
2 54
2 56
2 57
2 58
2 59
2 60
2 61
2 63
2 64
2 65
2 66
2 67
2 71
2 72
2 73
2 74
2 76
2 77
2 78
2 79
2 80
2 81
2 83
2 84
2 85
2 86
2 87
2 88
2 92
2 93
2 95
2 96
2 97
2 98
2 99
2 101
2 103
2 104
2 105
2 106
2 107
2 108
2 109
2 111
2 113
2 115
2 117
2 118
2 120
2 121
2 122
2 124
2 125
2 126
2 127
2 130
2 132
2 134
2 139
2 141
2 142
2 145
2 146
2 147
2 148
2 150
2 151
2 152
2 154
2 155
2 159
2 160
2 161
2 162
2 164
2 166
2 167
2 169
2 170
2 171
2 172
2 174
2 175
2 176
2 177
2 178
2 180
2 183
2 184
2 186
2 187
2 189
2 190
2 192
2 193
2 195
2 196
2 197
2 198
3 1
3 4
3 6
3 7
3 9
3 10
3 14
3 16
3 17
3 18
3 21
3 22
3 25
3 26
3 28
3 29
3 30
3 31
3 35
3 36
3 37
3 39
3 40
3 41
3 42
3 43
3 44
3 47
3 48
3 49
3 50
3 51
3 52
3 53
3 55
3 57
3 58
3 59
3 61
3 62
3 64
3 66
3 68
3 71
3 73
3 74
3 76
3 77
3 78
3 80
3 81
3 83
3 84
3 85
3 86
3 87
3 88
3 92
3 93
3 95
3 96
3 97
3 98
3 99
3 101
3 102
3 104
3 105
3 107
3 108
3 109
3 111
3 114
3 117
3 118
3 119
3 120
3 121
3 122
3 124
3 125
3 126
3 127
3 128
3 129
3 130
3 131
3 132
3 133
3 134
3 138
3 140
3 141
3 145
3 147
3 148
3 150
3 151
3 152
3 153
3 154
3 155
3 156
3 159
3 160
3 161
3 162
3 164
3 166
3 167
3 168
3 169
3 170
3 171
3 172
3 174
3 175
3 177
3 178
3 180
3 184
3 185
3 187
3 188
3 189
3 190
3 191
3 196
3 197
3 198
3 199
4 5
4 6
4 7
4 9
4 11
4 14
4 16
4 17
4 18
4 21
4 22
4 24
4 25
4 26
4 31
4 32
4 33
4 37
4 38
4 39
4 40
4 41
4 42
4 43
4 44
4 46
4 47
4 48
4 49
4 53
4 54
4 56
4 57
4 58
4 59
4 60
4 61
4 62
4 64
4 65
4 66
4 67
4 68
4 70
4 72
4 73
4 76
4 80
4 81
4 82
4 83
4 86
4 87
4 88
4 91
4 92
4 93
4 95
4 96
4 97
4 98
4 99
4 100
4 103
4 104
4 105
4 107
4 108
4 109
4 111
4 112
4 114
4 116
4 117
4 120
4 121
4 122
4 125
4 126
4 127
4 129
4 130
4 132
4 133
4 134
4 137
4 138
4 139
4 140
4 141
4 142
4 144
4 145
4 147
4 148
4 150
4 151
4 152
4 154
4 155
4 159
4 160
4 162
4 167
4 168
4 170
4 171
4 172
4 173
4 175
4 177
4 178
4 180
4 181
4 182
4 183
4 184
4 185
4 186
4 187
4 189
4 190
4 193
4 195
4 197
4 198
4 199
6 5
6 7
6 9
6 10
6 11
6 12
6 13
6 14
6 15
6 16
6 17
6 18
6 19
6 21
6 22
6 23
6 25
6 26
6 27
6 29
6 31
6 32
6 35
6 36
6 37
6 39
6 40
6 41
6 42
6 44
6 45
6 48
6 49
6 52
6 53
6 54
6 58
6 59
6 62
6 63
6 64
6 65
6 66
6 68
6 71
6 72
6 73
6 76
6 79
6 80
6 83
6 84
6 85
6 86
6 87
6 88
6 92
6 95
6 96
6 97
6 98
6 102
6 103
6 104
6 105
6 107
6 108
6 109
6 110
6 111
6 113
6 120
6 121
6 122
6 125
6 126
6 127
6 128
6 129
6 130
6 131
6 132
6 133
6 134
6 136
6 137
6 138
6 139
6 142
6 143
6 145
6 146
6 147
6 148
6 150
6 151
6 152
6 154
6 155
6 156
6 157
6 159
6 160
6 161
6 162
6 164
6 166
6 167
6 169
6 170
6 171
6 172
6 174
6 175
6 177
6 178
6 180
6 181
6 182
6 183
6 184
6 185
6 187
6 189
6 190
6 191
6 195
6 196
6 197
6 198
6 199
7 8
7 9
7 11
7 16
7 17
7 18
7 19
7 20
7 21
7 22
7 23
7 25
7 26
7 27
7 28
7 31
7 32
7 36
7 37
7 39
7 40
7 41
7 42
7 43
7 44
7 47
7 48
7 49
7 51
7 53
7 55
7 57
7 58
7 59
7 60
7 61
7 64
7 65
7 66
7 68
7 71
7 72
7 73
7 74
7 75
7 76
7 80
7 81
7 83
7 84
7 85
7 86
7 87
7 88
7 90
7 92
7 93
7 95
7 96
7 97
7 98
7 101
7 104
7 105
7 106
7 107
7 108
7 109
7 113
7 115
7 116
7 117
7 119
7 120
7 121
7 122
7 124
7 127
7 128
7 129
7 130
7 131
7 132
7 133
7 134
7 136
7 137
7 138
7 139
7 141
7 142
7 144
7 145
7 146
7 147
7 149
7 151
7 154
7 155
7 158
7 159
7 160
7 162
7 163
7 164
7 166
7 167
7 168
7 169
7 170
7 172
7 174
7 175
7 176
7 177
7 178
7 179
7 180
7 181
7 183
7 184
7 185
7 187
7 188
7 189
7 190
7 191
7 192
7 193
7 197
7 198
7 199
10 1
10 5
10 8
10 9
10 12
10 13
10 15
10 16
10 18
10 19
10 20
10 23
10 24
10 25
10 26
10 27
10 28
10 30
10 31
10 33
10 34
10 35
10 36
10 38
10 40
10 41
10 42
10 43
10 45
10 46
10 47
10 48
10 49
10 50
10 51
10 52
10 54
10 55
10 56
10 57
10 58
10 60
10 61
10 62
10 63
10 65
10 66
10 67
10 68
10 69
10 70
10 72
10 73
10 74
10 75
10 77
10 78
10 79
10 80
10 81
10 82
10 83
10 84
10 86
10 88
10 89
10 90
10 91
10 92
10 93
10 94
10 95
10 96
10 97
10 98
10 99
10 100
10 102
10 103
10 104
10 105
10 106
10 107
10 108
10 110
10 111
10 112
10 113
10 114
10 115
10 116
10 117
10 118
10 121
10 123
10 124
10 128
10 129
10 131
10 132
10 134
10 135
10 136
10 137
10 138
10 139
10 140
10 141
10 142
10 143
10 144
10 145
10 146
10 147
10 148
10 149
10 150
10 152
10 153
10 155
10 157
10 161
10 162
10 163
10 165
10 166
10 167
10 168
10 171
10 172
10 173
10 174
10 176
10 178
10 179
10 180
10 181
10 182
10 183
10 184
10 185
10 188
10 189
10 191
10 192
10 193
10 194
10 195
10 196
10 198
10 199
11 1
11 9
11 12
11 14
11 15
11 16
11 17
11 18
11 20
11 21
11 22
11 25
11 26
11 30
11 31
11 33
11 34
11 36
11 37
11 39
11 40
11 41
11 42
11 43
11 44
11 45
11 46
11 48
11 49
11 52
11 53
11 54
11 56
11 57
11 58
11 59
11 61
11 63
11 64
11 66
11 68
11 71
11 73
11 76
11 77
11 80
11 83
11 84
11 85
11 86
11 87
11 88
11 89
11 90
11 91
11 92
11 93
11 94
11 96
11 97
11 98
11 99
11 100
11 104
11 105
11 106
11 107
11 108
11 109
11 110
11 112
11 116
11 117
11 119
11 120
11 121
11 122
11 125
11 126
11 127
11 129
11 130
11 131
11 132
11 133
11 134
11 135
11 136
11 137
11 138
11 140
11 141
11 142
11 143
11 145
11 146
11 147
11 149
11 150
11 151
11 152
11 153
11 154
11 155
11 156
11 157
11 159
11 160
11 162
11 163
11 164
11 167
11 168
11 169
11 170
11 171
11 172
11 174
11 175
11 176
11 177
11 180
11 181
11 183
11 184
11 186
11 187
11 189
11 190
11 194
11 195
11 196
11 197
11 198
11 199
13 1
13 5
13 8
13 9
13 12
13 15
13 16
13 18
13 19
13 20
13 21
13 22
13 23
13 24
13 26
13 27
13 28
13 29
13 30
13 32
13 33
13 34
13 37
13 38
13 39
13 40
13 44
13 45
13 46
13 47
13 49
13 50
13 51
13 52
13 54
13 55
13 56
13 57
13 58
13 60
13 63
13 64
13 67
13 69
13 70
13 74
13 75
13 77
13 78
13 79
13 81
13 82
13 83
13 84
13 86
13 87
13 89
13 90
13 91
13 92
13 93
13 94
13 95
13 96
13 97
13 100
13 101
13 102
13 103
13 106
13 107
13 110
13 111
13 112
13 114
13 115
13 116
13 118
13 119
13 121
13 123
13 124
13 125
13 126
13 128
13 131
13 134
13 135
13 136
13 137
13 139
13 140
13 142
13 143
13 144
13 145
13 146
13 148
13 149
13 151
13 152
13 153
13 154
13 155
13 156
13 157
13 158
13 159
13 160
13 161
13 163
13 166
13 167
13 168
13 169
13 170
13 171
13 173
13 174
13 176
13 178
13 179
13 181
13 182
13 183
13 185
13 186
13 188
13 191
13 192
13 193
13 194
13 195
13 196
13 199
14 9
14 16
14 17
14 18
14 21
14 22
14 25
14 26
14 27
14 31
14 32
14 33
14 34
14 35
14 36
14 37
14 39
14 40
14 41
14 42
14 43
14 44
14 45
14 48
14 49
14 50
14 52
14 53
14 54
14 55
14 58
14 59
14 60
14 61
14 64
14 65
14 66
14 67
14 68
14 71
14 72
14 73
14 76
14 77
14 78
14 80
14 82
14 83
14 84
14 85
14 86
14 87
14 88
14 91
14 92
14 93
14 96
14 97
14 98
14 99
14 101
14 104
14 105
14 107
14 108
14 109
14 110
14 111
14 115
14 116
14 117
14 118
14 120
14 121
14 122
14 124
14 127
14 128
14 129
14 130
14 132
14 133
14 134
14 135
14 136
14 138
14 139
14 141
14 142
14 143
14 144
14 145
14 146
14 147
14 148
14 151
14 152
14 154
14 155
14 159
14 160
14 161
14 162
14 164
14 165
14 166
14 167
14 169
14 170
14 172
14 175
14 177
14 178
14 179
14 180
14 181
14 184
14 187
14 188
14 189
14 190
14 192
14 194
14 195
14 197
14 198
15 1
15 8
15 12
15 16
15 17
15 18
15 19
15 20
15 21
15 23
15 24
15 27
15 28
15 29
15 30
15 33
15 34
15 35
15 36
15 37
15 38
15 40
15 41
15 43
15 45
15 46
15 48
15 49
15 50
15 51
15 52
15 53
15 55
15 56
15 57
15 60
15 62
15 63
15 66
15 67
15 68
15 70
15 71
15 74
15 75
15 76
15 77
15 78
15 79
15 80
15 81
15 86
15 88
15 89
15 90
15 91
15 92
15 94
15 95
15 97
15 98
15 99
15 100
15 101
15 102
15 103
15 106
15 107
15 108
15 110
15 111
15 112
15 113
15 114
15 115
15 116
15 117
15 118
15 119
15 122
15 123
15 124
15 125
15 127
15 128
15 130
15 131
15 133
15 135
15 136
15 137
15 138
15 139
15 140
15 141
15 142
15 143
15 144
15 146
15 148
15 149
15 151
15 152
15 153
15 155
15 156
15 157
15 158
15 159
15 160
15 161
15 162
15 163
15 165
15 166
15 167
15 168
15 169
15 170
15 171
15 173
15 174
15 175
15 178
15 179
15 181
15 182
15 183
15 184
15 185
15 186
15 188
15 189
15 190
15 191
15 192
15 193
15 194
15 195
15 196
15 199
16 1
16 5
16 9
16 17
16 18
16 20
16 21
16 22
16 24
16 25
16 26
16 29
16 30
16 31
16 32
16 34
16 35
16 36
16 37
16 39
16 40
16 41
16 42
16 43
16 44
16 45
16 49
16 50
16 51
16 53
16 54
16 55
16 58
16 59
16 61
16 64
16 65
16 68
16 69
16 71
16 72
16 73
16 74
16 75
16 76
16 79
16 80
16 82
16 83
16 84
16 85
16 86
16 87
16 88
16 91
16 93
16 94
16 96
16 97
16 101
16 102
16 104
16 105
16 107
16 108
16 109
16 110
16 112
16 113
16 115
16 117
16 118
16 119
16 120
16 121
16 122
16 125
16 126
16 127
16 128
16 129
16 130
16 131
16 132
16 133
16 134
16 137
16 138
16 139
16 141
16 142
16 143
16 144
16 147
16 148
16 150
16 151
16 152
16 153
16 154
16 155
16 157
16 158
16 159
16 160
16 162
16 164
16 165
16 166
16 167
16 168
16 169
16 171
16 172
16 173
16 175
16 177
16 178
16 180
16 181
16 182
16 184
16 187
16 188
16 189
16 190
16 192
16 194
16 196
16 197
16 198
16 199
17 5
17 8
17 9
17 18
17 20
17 21
17 23
17 24
17 25
17 26
17 27
17 29
17 32
17 34
17 36
17 37
17 39
17 40
17 41
17 43
17 44
17 45
17 46
17 49
17 51
17 52
17 53
17 56
17 58
17 59
17 61
17 63
17 64
17 65
17 66
17 67
17 68
17 69
17 71
17 72
17 73
17 74
17 76
17 80
17 81
17 83
17 84
17 85
17 87
17 88
17 92
17 93
17 96
17 97
17 98
17 103
17 104
17 105
17 106
17 107
17 108
17 109
17 110
17 111
17 113
17 114
17 116
17 117
17 120
17 121
17 122
17 124
17 125
17 126
17 127
17 129
17 131
17 132
17 133
17 134
17 136
17 138
17 139
17 140
17 141
17 145
17 147
17 149
17 150
17 151
17 153
17 154
17 155
17 156
17 159
17 160
17 162
17 164
17 165
17 166
17 167
17 168
17 169
17 170
17 171
17 172
17 174
17 175
17 177
17 180
17 181
17 184
17 187
17 188
17 189
17 190
17 191
17 193
17 194
17 195
17 197
17 198
17 199
18 1
18 8
18 9
18 12
18 21
18 22
18 24
18 25
18 26
18 27
18 28
18 30
18 31
18 32
18 33
18 35
18 36
18 37
18 38
18 39
18 40
18 41
18 42
18 43
18 44
18 46
18 48
18 49
18 51
18 52
18 53
18 56
18 58
18 59
18 61
18 62
18 64
18 65
18 66
18 69
18 70
18 71
18 72
18 73
18 74
18 75
18 76
18 77
18 80
18 83
18 84
18 85
18 86
18 87
18 88
18 89
18 90
18 91
18 92
18 93
18 95
18 96
18 97
18 98
18 100
18 101
18 104
18 105
18 107
18 108
18 109
18 110
18 112
18 116
18 117
18 118
18 119
18 120
18 121
18 122
18 125
18 126
18 127
18 130
18 132
18 134
18 135
18 137
18 139
18 140
18 141
18 143
18 145
18 147
18 148
18 149
18 150
18 151
18 152
18 153
18 154
18 155
18 156
18 157
18 159
18 160
18 161
18 162
18 164
18 165
18 167
18 168
18 169
18 170
18 171
18 172
18 173
18 174
18 175
18 176
18 177
18 178
18 180
18 181
18 182
18 184
18 186
18 187
18 188
18 189
18 190
18 191
18 193
18 195
18 196
18 197
18 198
20 1
20 5
20 8
20 9
20 19
20 22
20 23
20 24
20 25
20 27
20 28
20 29
20 30
20 31
20 33
20 34
20 35
20 36
20 38
20 39
20 41
20 43
20 45
20 46
20 47
20 48
20 49
20 50
20 51
20 52
20 54
20 55
20 56
20 59
20 60
20 62
20 63
20 65
20 66
20 67
20 68
20 69
20 70
20 71
20 72
20 73
20 74
20 75
20 76
20 77
20 78
20 81
20 82
20 83
20 84
20 88
20 89
20 90
20 91
20 92
20 93
20 94
20 95
20 96
20 98
20 99
20 100
20 101
20 102
20 103
20 105
20 106
20 108
20 109
20 110
20 111
20 112
20 113
20 114
20 115
20 116
20 118
20 119
20 120
20 122
20 123
20 126
20 128
20 129
20 131
20 132
20 135
20 137
20 139
20 140
20 141
20 142
20 143
20 144
20 146
20 148
20 151
20 152
20 153
20 154
20 156
20 157
20 158
20 159
20 161
20 163
20 165
20 166
20 168
20 169
20 173
20 174
20 175
20 176
20 178
20 179
20 180
20 181
20 182
20 183
20 185
20 186
20 187
20 188
20 189
20 191
20 192
20 193
20 194
20 195
20 196
20 199
21 1
21 5
21 9
21 12
21 22
21 23
21 25
21 26
21 28
21 29
21 30
21 31
21 32
21 33
21 36
21 37
21 38
21 39
21 40
21 41
21 42
21 43
21 44
21 45
21 46
21 53
21 55
21 56
21 58
21 59
21 61
21 64
21 65
21 66
21 68
21 70
21 71
21 72
21 73
21 74
21 76
21 78
21 79
21 80
21 82
21 83
21 84
21 85
21 86
21 87
21 89
21 91
21 92
21 93
21 94
21 96
21 97
21 98
21 100
21 101
21 102
21 103
21 104
21 106
21 107
21 108
21 109
21 110
21 116
21 117
21 119
21 120
21 121
21 123
21 124
21 125
21 126
21 129
21 130
21 132
21 133
21 134
21 138
21 139
21 141
21 142
21 145
21 146
21 147
21 149
21 150
21 151
21 153
21 154
21 155
21 156
21 158
21 159
21 160
21 161
21 162
21 164
21 167
21 169
21 170
21 171
21 172
21 175
21 176
21 177
21 179
21 180
21 181
21 182
21 184
21 185
21 187
21 189
21 190
21 191
21 194
21 197
21 198
21 199
22 1
22 5
22 8
22 9
22 12
22 19
22 24
22 25
22 26
22 27
22 28
22 32
22 33
22 36
22 37
22 38
22 39
22 40
22 41
22 43
22 44
22 45
22 47
22 49
22 51
22 52
22 53
22 55
22 57
22 58
22 59
22 60
22 61
22 62
22 63
22 64
22 65
22 66
22 68
22 71
22 72
22 73
22 76
22 77
22 80
22 82
22 83
22 84
22 85
22 87
22 88
22 92
22 93
22 94
22 95
22 96
22 97
22 98
22 99
22 100
22 101
22 102
22 104
22 105
22 107
22 108
22 109
22 111
22 113
22 114
22 117
22 118
22 119
22 120
22 121
22 122
22 124
22 125
22 126
22 127
22 128
22 129
22 132
22 133
22 134
22 138
22 139
22 140
22 141
22 142
22 145
22 146
22 147
22 150
22 151
22 152
22 154
22 155
22 156
22 157
22 159
22 160
22 162
22 164
22 165
22 166
22 167
22 169
22 170
22 171
22 172
22 175
22 176
22 177
22 180
22 184
22 187
22 189
22 190
22 191
22 193
22 197
22 198
22 199
25 5
25 9
25 23
25 26
25 27
25 30
25 31
25 32
25 33
25 36
25 37
25 38
25 39
25 40
25 41
25 42
25 43
25 44
25 45
25 47
25 49
25 52
25 53
25 54
25 55
25 58
25 59
25 60
25 61
25 63
25 64
25 65
25 66
25 68
25 71
25 72
25 73
25 74
25 75
25 76
25 78
25 79
25 82
25 83
25 84
25 85
25 86
25 87
25 88
25 92
25 93
25 95
25 96
25 97
25 98
25 100
25 103
25 104
25 105
25 106
25 107
25 108
25 109
25 110
25 112
25 115
25 116
25 117
25 118
25 121
25 122
25 123
25 124
25 125
25 126
25 127
25 128
25 129
25 130
25 131
25 132
25 133
25 134
25 138
25 139
25 140
25 141
25 143
25 144
25 145
25 146
25 147
25 148
25 150
25 151
25 152
25 153
25 154
25 155
25 156
25 159
25 160
25 162
25 163
25 164
25 166
25 169
25 170
25 171
25 173
25 174
25 175
25 176
25 177
25 178
25 180
25 182
25 184
25 186
25 187
25 190
25 191
25 197
25 198
25 199
26 9
26 12
26 19
26 23
26 27
26 31
26 32
26 33
26 34
26 35
26 36
26 37
26 39
26 40
26 41
26 42
26 43
26 44
26 45
26 47
26 49
26 50
26 51
26 53
26 58
26 60
26 61
26 64
26 65
26 66
26 68
26 69
26 70
26 71
26 72
26 76
26 78
26 80
26 82
26 83
26 84
26 85
26 86
26 87
26 88
26 89
26 91
26 92
26 93
26 94
26 95
26 96
26 97
26 98
26 99
26 100
26 101
26 104
26 105
26 106
26 107
26 108
26 109
26 112
26 114
26 117
26 118
26 119
26 120
26 121
26 122
26 125
26 126
26 127
26 128
26 129
26 130
26 131
26 132
26 133
26 134
26 138
26 139
26 140
26 141
26 142
26 143
26 144
26 145
26 146
26 148
26 150
26 151
26 152
26 154
26 155
26 156
26 159
26 160
26 161
26 162
26 164
26 165
26 166
26 167
26 168
26 169
26 170
26 171
26 172
26 173
26 174
26 176
26 178
26 179
26 180
26 182
26 184
26 187
26 189
26 190
26 193
26 194
26 198
28 5
28 8
28 12
28 19
28 23
28 24
28 27
28 29
28 30
28 31
28 33
28 34
28 35
28 37
28 38
28 42
28 43
28 45
28 46
28 47
28 48
28 50
28 51
28 52
28 53
28 54
28 55
28 56
28 57
28 58
28 60
28 61
28 62
28 63
28 64
28 66
28 67
28 68
28 69
28 70
28 71
28 72
28 73
28 74
28 75
28 77
28 78
28 79
28 81
28 82
28 86
28 87
28 90
28 91
28 93
28 94
28 95
28 97
28 99
28 100
28 101
28 103
28 105
28 106
28 108
28 109
28 110
28 111
28 112
28 113
28 114
28 115
28 117
28 118
28 119
28 120
28 122
28 123
28 124
28 126
28 128
28 130
28 131
28 132
28 133
28 135
28 136
28 137
28 138
28 139
28 140
28 141
28 142
28 143
28 144
28 146
28 148
28 149
28 150
28 152
28 153
28 156
28 157
28 158
28 161
28 163
28 165
28 166
28 167
28 168
28 169
28 173
28 174
28 175
28 176
28 177
28 178
28 179
28 180
28 181
28 182
28 185
28 186
28 187
28 188
28 191
28 193
28 194
28 195
28 196
28 197
28 199
29 1
29 5
29 8
29 12
29 19
29 23
29 24
29 27
29 30
29 31
29 33
29 34
29 35
29 36
29 38
29 39
29 41
29 42
29 45
29 46
29 47
29 48
29 49
29 50
29 51
29 52
29 54
29 55
29 56
29 57
29 60
29 61
29 62
29 63
29 66
29 67
29 69
29 70
29 71
29 74
29 75
29 77
29 78
29 79
29 80
29 81
29 82
29 85
29 86
29 88
29 89
29 90
29 91
29 92
29 93
29 94
29 95
29 98
29 99
29 100
29 102
29 103
29 104
29 105
29 106
29 107
29 108
29 109
29 110
29 111
29 112
29 113
29 114
29 115
29 116
29 118
29 120
29 123
29 124
29 126
29 127
29 128
29 129
29 131
29 132
29 133
29 134
29 135
29 136
29 137
29 139
29 140
29 142
29 143
29 144
29 146
29 148
29 149
29 150
29 151
29 152
29 153
29 154
29 157
29 160
29 161
29 162
29 163
29 165
29 166
29 167
29 168
29 169
29 170
29 171
29 173
29 174
29 176
29 177
29 178
29 179
29 180
29 181
29 182
29 183
29 185
29 188
29 189
29 190
29 191
29 192
29 193
29 194
29 195
29 196
29 197
29 199
30 1
30 5
30 8
30 9
30 12
30 19
30 23
30 24
30 27
30 31
30 33
30 34
30 35
30 36
30 37
30 38
30 40
30 45
30 46
30 47
30 48
30 50
30 51
30 54
30 55
30 56
30 57
30 59
30 60
30 61
30 62
30 63
30 64
30 65
30 66
30 68
30 69
30 71
30 74
30 75
30 77
30 78
30 79
30 80
30 81
30 82
30 83
30 84
30 87
30 89
30 90
30 91
30 93
30 94
30 95
30 97
30 99
30 100
30 101
30 102
30 103
30 106
30 108
30 110
30 111
30 113
30 114
30 115
30 116
30 117
30 118
30 119
30 120
30 121
30 122
30 123
30 124
30 125
30 127
30 128
30 130
30 131
30 132
30 135
30 136
30 137
30 138
30 140
30 141
30 142
30 143
30 144
30 146
30 147
30 148
30 149
30 151
30 152
30 153
30 156
30 157
30 158
30 159
30 160
30 161
30 162
30 163
30 165
30 166
30 167
30 168
30 170
30 171
30 173
30 174
30 175
30 176
30 178
30 179
30 180
30 181
30 182
30 183
30 185
30 186
30 187
30 188
30 192
30 194
30 195
30 196
30 198
30 199
31 1
31 9
31 23
31 32
31 33
31 34
31 35
31 36
31 37
31 38
31 39
31 40
31 41
31 43
31 44
31 46
31 47
31 48
31 49
31 50
31 53
31 57
31 58
31 59
31 61
31 63
31 64
31 65
31 66
31 68
31 69
31 71
31 72
31 73
31 74
31 75
31 76
31 77
31 78
31 80
31 82
31 83
31 84
31 85
31 87
31 88
31 89
31 92
31 93
31 95
31 96
31 97
31 98
31 104
31 105
31 106
31 107
31 108
31 109
31 114
31 117
31 120
31 121
31 122
31 124
31 125
31 126
31 127
31 129
31 132
31 133
31 134
31 136
31 138
31 139
31 140
31 141
31 145
31 147
31 148
31 150
31 151
31 153
31 154
31 155
31 157
31 159
31 160
31 161
31 162
31 163
31 164
31 167
31 168
31 169
31 170
31 171
31 172
31 175
31 176
31 177
31 178
31 180
31 181
31 183
31 184
31 185
31 186
31 187
31 189
31 190
31 191
31 193
31 195
31 197
31 198
31 199
32 1
32 9
32 12
32 23
32 24
32 33
32 36
32 37
32 39
32 40
32 41
32 42
32 43
32 44
32 45
32 47
32 48
32 49
32 50
32 51
32 53
32 54
32 56
32 57
32 58
32 59
32 61
32 64
32 66
32 67
32 68
32 71
32 73
32 76
32 80
32 82
32 83
32 84
32 85
32 86
32 87
32 88
32 89
32 90
32 92
32 93
32 94
32 96
32 97
32 98
32 100
32 103
32 104
32 105
32 106
32 107
32 108
32 109
32 112
32 114
32 115
32 117
32 119
32 120
32 121
32 122
32 125
32 126
32 127
32 128
32 129
32 130
32 132
32 133
32 134
32 136
32 138
32 140
32 141
32 142
32 145
32 147
32 149
32 150
32 151
32 154
32 155
32 156
32 157
32 158
32 159
32 160
32 161
32 162
32 164
32 167
32 169
32 170
32 171
32 172
32 175
32 177
32 180
32 181
32 182
32 184
32 187
32 189
32 190
32 191
32 192
32 193
32 197
32 198
32 199
33 1
33 5
33 8
33 9
33 12
33 19
33 23
33 24
33 27
33 34
33 35
33 38
33 39
33 40
33 43
33 45
33 47
33 48
33 49
33 50
33 51
33 52
33 54
33 55
33 56
33 57
33 58
33 62
33 63
33 65
33 66
33 67
33 68
33 69
33 70
33 72
33 73
33 74
33 75
33 77
33 78
33 79
33 81
33 82
33 85
33 89
33 90
33 91
33 93
33 94
33 95
33 98
33 99
33 100
33 101
33 102
33 103
33 104
33 106
33 110
33 111
33 112
33 113
33 114
33 115
33 116
33 117
33 119
33 120
33 123
33 124
33 126
33 128
33 130
33 134
33 135
33 136
33 137
33 140
33 141
33 142
33 143
33 145
33 146
33 148
33 149
33 150
33 152
33 153
33 156
33 157
33 158
33 161
33 163
33 165
33 166
33 167
33 168
33 169
33 170
33 171
33 172
33 173
33 174
33 176
33 178
33 181
33 182
33 183
33 185
33 186
33 187
33 188
33 191
33 192
33 193
33 194
33 195
33 196
33 198
33 199
36 9
36 12
36 27
36 35
36 37
36 38
36 39
36 40
36 41
36 42
36 43
36 44
36 45
36 47
36 49
36 50
36 51
36 52
36 53
36 54
36 56
36 57
36 58
36 59
36 61
36 62
36 63
36 64
36 65
36 66
36 68
36 69
36 70
36 72
36 73
36 74
36 75
36 76
36 78
36 80
36 83
36 86
36 87
36 88
36 92
36 93
36 95
36 96
36 97
36 98
36 99
36 100
36 102
36 104
36 105
36 106
36 107
36 108
36 109
36 111
36 112
36 113
36 115
36 117
36 118
36 119
36 120
36 121
36 122
36 124
36 125
36 126
36 127
36 128
36 129
36 130
36 131
36 132
36 133
36 134
36 136
36 137
36 138
36 139
36 141
36 143
36 144
36 145
36 147
36 148
36 149
36 150
36 151
36 152
36 153
36 154
36 155
36 156
36 158
36 159
36 160
36 162
36 166
36 167
36 168
36 170
36 171
36 172
36 175
36 176
36 177
36 178
36 179
36 180
36 181
36 184
36 185
36 187
36 189
36 190
36 193
36 195
36 196
36 197
36 198
36 199
37 5
37 8
37 9
37 19
37 24
37 34
37 35
37 40
37 41
37 42
37 43
37 44
37 49
37 50
37 52
37 53
37 54
37 56
37 58
37 59
37 60
37 61
37 64
37 65
37 66
37 67
37 68
37 71
37 72
37 73
37 74
37 75
37 76
37 77
37 78
37 80
37 81
37 83
37 84
37 85
37 86
37 88
37 90
37 92
37 93
37 94
37 96
37 97
37 98
37 99
37 101
37 104
37 105
37 107
37 108
37 110
37 113
37 114
37 115
37 117
37 118
37 119
37 120
37 121
37 122
37 125
37 126
37 127
37 128
37 129
37 130
37 132
37 133
37 134
37 138
37 139
37 141
37 143
37 144
37 145
37 146
37 147
37 150
37 152
37 153
37 154
37 158
37 159
37 160
37 162
37 164
37 166
37 167
37 169
37 170
37 171
37 172
37 175
37 177
37 179
37 180
37 181
37 183
37 185
37 187
37 188
37 189
37 190
37 192
37 193
37 194
37 196
37 197
37 198
38 1
38 5
38 8
38 12
38 19
38 23
38 24
38 27
38 34
38 35
38 40
38 43
38 44
38 46
38 47
38 48
38 50
38 51
38 52
38 54
38 55
38 56
38 57
38 58
38 60
38 61
38 62
38 63
38 64
38 65
38 67
38 69
38 70
38 73
38 74
38 75
38 77
38 78
38 79
38 81
38 82
38 83
38 86
38 87
38 89
38 90
38 91
38 94
38 95
38 96
38 97
38 99
38 101
38 102
38 106
38 107
38 108
38 110
38 111
38 112
38 113
38 115
38 116
38 117
38 118
38 119
38 122
38 123
38 124
38 125
38 128
38 129
38 131
38 132
38 133
38 135
38 136
38 137
38 138
38 139
38 140
38 141
38 143
38 144
38 145
38 146
38 147
38 148
38 149
38 152
38 153
38 156
38 157
38 158
38 159
38 160
38 161
38 162
38 163
38 165
38 166
38 167
38 168
38 170
38 171
38 172
38 173
38 174
38 175
38 176
38 177
38 178
38 179
38 180
38 181
38 182
38 183
38 185
38 186
38 188
38 190
38 191
38 192
38 193
38 194
38 195
38 196
39 1
39 9
39 19
39 23
39 24
39 27
39 40
39 41
39 42
39 43
39 44
39 45
39 47
39 48
39 49
39 52
39 53
39 56
39 58
39 59
39 60
39 61
39 64
39 65
39 66
39 68
39 70
39 71
39 72
39 73
39 74
39 75
39 76
39 77
39 79
39 80
39 81
39 82
39 83
39 84
39 85
39 86
39 88
39 92
39 93
39 96
39 97
39 98
39 99
39 100
39 102
39 104
39 105
39 107
39 108
39 110
39 113
39 114
39 115
39 116
39 117
39 118
39 119
39 120
39 121
39 122
39 123
39 124
39 125
39 126
39 127
39 128
39 129
39 130
39 132
39 133
39 134
39 138
39 139
39 140
39 141
39 143
39 145
39 147
39 148
39 150
39 152
39 154
39 159
39 160
39 162
39 163
39 164
39 167
39 169
39 170
39 171
39 172
39 175
39 177
39 180
39 182
39 187
39 188
39 189
39 190
39 192
39 193
39 197
39 198
41 1
41 9
41 24
41 27
41 40
41 42
41 43
41 44
41 46
41 48
41 49
41 51
41 52
41 53
41 54
41 57
41 58
41 59
41 60
41 61
41 62
41 64
41 65
41 66
41 68
41 71
41 72
41 73
41 75
41 76
41 77
41 79
41 80
41 81
41 82
41 83
41 84
41 85
41 86
41 87
41 88
41 90
41 91
41 92
41 93
41 94
41 96
41 98
41 99
41 101
41 103
41 105
41 109
41 110
41 113
41 114
41 117
41 118
41 119
41 120
41 121
41 122
41 124
41 125
41 126
41 127
41 128
41 129
41 130
41 132
41 133
41 135
41 136
41 137
41 138
41 139
41 141
41 142
41 145
41 147
41 150
41 151
41 154
41 155
41 156
41 157
41 159
41 160
41 161
41 162
41 163
41 164
41 166
41 167
41 168
41 169
41 170
41 171
41 172
41 175
41 177
41 180
41 181
41 182
41 184
41 187
41 188
41 189
41 191
41 192
41 194
41 197
41 198
42 1
42 5
42 9
42 23
42 27
42 40
42 43
42 44
42 45
42 47
42 49
42 52
42 53
42 54
42 55
42 58
42 59
42 61
42 62
42 63
42 64
42 65
42 66
42 67
42 68
42 69
42 71
42 72
42 73
42 75
42 76
42 77
42 78
42 80
42 83
42 84
42 85
42 87
42 88
42 89
42 92
42 93
42 96
42 97
42 98
42 99
42 101
42 104
42 105
42 107
42 108
42 109
42 113
42 114
42 115
42 116
42 117
42 120
42 121
42 122
42 123
42 124
42 125
42 126
42 127
42 128
42 129
42 131
42 132
42 133
42 134
42 138
42 139
42 140
42 141
42 145
42 147
42 148
42 150
42 151
42 152
42 153
42 154
42 155
42 159
42 160
42 161
42 162
42 164
42 167
42 168
42 169
42 170
42 171
42 172
42 173
42 175
42 177
42 180
42 181
42 182
42 184
42 185
42 186
42 187
42 188
42 189
42 190
42 191
42 192
42 193
42 194
42 197
42 198
42 199
43 5
43 8
43 9
43 23
43 35
43 40
43 44
43 47
43 49
43 50
43 51
43 53
43 55
43 58
43 59
43 62
43 63
43 64
43 65
43 66
43 67
43 68
43 71
43 72
43 73
43 74
43 76
43 78
43 79
43 80
43 82
43 83
43 84
43 85
43 86
43 87
43 88
43 92
43 94
43 95
43 96
43 97
43 98
43 99
43 100
43 101
43 104
43 105
43 106
43 107
43 108
43 109
43 110
43 113
43 115
43 116
43 118
43 120
43 121
43 122
43 124
43 125
43 126
43 127
43 129
43 130
43 132
43 133
43 134
43 138
43 139
43 144
43 145
43 147
43 150
43 151
43 152
43 154
43 155
43 158
43 159
43 160
43 161
43 162
43 164
43 165
43 167
43 169
43 170
43 171
43 172
43 173
43 175
43 176
43 177
43 179
43 180
43 181
43 183
43 184
43 187
43 189
43 190
43 192
43 193
43 194
43 195
43 197
43 198
43 199
44 1
44 8
44 9
44 23
44 24
44 27
44 34
44 40
44 46
44 49
44 50
44 55
44 57
44 58
44 59
44 60
44 61
44 62
44 63
44 64
44 65
44 66
44 67
44 68
44 69
44 70
44 71
44 72
44 73
44 74
44 75
44 78
44 79
44 80
44 81
44 82
44 83
44 84
44 85
44 86
44 87
44 88
44 91
44 92
44 93
44 95
44 97
44 98
44 100
44 101
44 102
44 104
44 105
44 107
44 108
44 109
44 113
44 117
44 118
44 120
44 121
44 122
44 123
44 124
44 125
44 126
44 127
44 129
44 130
44 132
44 133
44 134
44 135
44 136
44 137
44 138
44 139
44 141
44 142
44 143
44 144
44 145
44 147
44 149
44 150
44 151
44 154
44 155
44 157
44 158
44 159
44 160
44 163
44 164
44 166
44 167
44 168
44 169
44 170
44 171
44 172
44 173
44 175
44 176
44 177
44 178
44 180
44 181
44 184
44 187
44 189
44 190
44 191
44 197
44 199
45 1
45 5
45 8
45 12
45 19
45 23
45 24
45 27
45 34
45 35
45 40
45 46
45 47
45 48
45 50
45 51
45 52
45 53
45 54
45 55
45 56
45 57
45 60
45 62
45 63
45 67
45 69
45 70
45 72
45 73
45 74
45 75
45 77
45 78
45 79
45 81
45 82
45 83
45 84
45 88
45 89
45 90
45 91
45 92
45 94
45 95
45 97
45 98
45 99
45 101
45 102
45 104
45 105
45 106
45 107
45 110
45 111
45 112
45 113
45 115
45 116
45 118
45 119
45 123
45 124
45 125
45 126
45 128
45 130
45 131
45 132
45 133
45 134
45 135
45 136
45 137
45 138
45 139
45 140
45 143
45 144
45 145
45 146
45 147
45 148
45 149
45 150
45 151
45 152
45 153
45 156
45 157
45 158
45 159
45 161
45 162
45 163
45 165
45 166
45 168
45 169
45 170
45 171
45 172
45 173
45 174
45 175
45 176
45 177
45 178
45 179
45 180
45 181
45 182
45 183
45 184
45 185
45 186
45 188
45 191
45 192
45 193
45 194
45 195
45 196
47 1
47 8
47 9
47 12
47 19
47 23
47 24
47 27
47 34
47 35
47 40
47 46
47 48
47 49
47 50
47 51
47 52
47 53
47 55
47 56
47 57
47 58
47 60
47 62
47 63
47 64
47 66
47 67
47 70
47 71
47 72
47 74
47 75
47 77
47 78
47 79
47 80
47 81
47 84
47 89
47 90
47 91
47 92
47 93
47 94
47 95
47 96
47 98
47 99
47 100
47 101
47 102
47 103
47 105
47 106
47 108
47 110
47 111
47 112
47 113
47 114
47 115
47 116
47 118
47 119
47 122
47 123
47 124
47 125
47 126
47 128
47 130
47 131
47 132
47 135
47 136
47 137
47 139
47 140
47 142
47 143
47 144
47 145
47 146
47 147
47 148
47 149
47 150
47 152
47 153
47 154
47 155
47 156
47 157
47 158
47 159
47 161
47 162
47 163
47 165
47 166
47 168
47 169
47 171
47 173
47 174
47 178
47 179
47 181
47 182
47 183
47 185
47 186
47 188
47 191
47 192
47 193
47 194
47 195
47 196
47 198
47 199
49 9
49 19
49 23
49 27
49 40
49 46
49 48
49 53
49 55
49 57
49 58
49 59
49 60
49 61
49 62
49 64
49 65
49 66
49 68
49 69
49 71
49 72
49 73
49 76
49 77
49 80
49 81
49 83
49 84
49 85
49 86
49 87
49 92
49 93
49 94
49 96
49 97
49 98
49 100
49 101
49 102
49 104
49 107
49 108
49 109
49 112
49 113
49 114
49 116
49 117
49 120
49 121
49 123
49 124
49 125
49 126
49 128
49 129
49 130
49 132
49 133
49 134
49 138
49 139
49 141
49 145
49 146
49 147
49 150
49 151
49 153
49 154
49 155
49 156
49 158
49 159
49 160
49 161
49 162
49 163
49 164
49 165
49 166
49 167
49 168
49 169
49 170
49 171
49 172
49 174
49 175
49 176
49 177
49 180
49 181
49 182
49 184
49 185
49 186
49 187
49 189
49 190
49 191
49 193
49 194
49 196
49 197
49 198
53 5
53 8
53 9
53 19
53 24
53 40
53 48
53 54
53 57
53 58
53 59
53 60
53 61
53 62
53 63
53 64
53 65
53 66
53 68
53 69
53 70
53 71
53 72
53 73
53 77
53 78
53 80
53 82
53 83
53 84
53 85
53 86
53 87
53 88
53 90
53 92
53 93
53 97
53 98
53 100
53 103
53 104
53 105
53 106
53 107
53 108
53 109
53 112
53 114
53 117
53 118
53 120
53 121
53 122
53 124
53 125
53 126
53 127
53 129
53 130
53 131
53 132
53 133
53 134
53 138
53 139
53 141
53 142
53 145
53 147
53 149
53 150
53 151
53 152
53 153
53 154
53 155
53 157
53 158
53 159
53 160
53 164
53 166
53 167
53 169
53 170
53 171
53 172
53 173
53 175
53 176
53 177
53 178
53 179
53 180
53 181
53 182
53 184
53 185
53 186
53 187
53 189
53 190
53 192
53 195
53 196
53 197
55 1
55 5
55 8
55 9
55 12
55 19
55 23
55 24
55 27
55 34
55 35
55 46
55 48
55 50
55 51
55 52
55 54
55 56
55 57
55 58
55 59
55 60
55 62
55 63
55 64
55 65
55 66
55 67
55 68
55 69
55 70
55 73
55 75
55 76
55 77
55 78
55 79
55 80
55 81
55 82
55 85
55 88
55 89
55 90
55 91
55 94
55 95
55 98
55 99
55 100
55 101
55 102
55 103
55 104
55 106
55 107
55 108
55 109
55 110
55 112
55 113
55 114
55 115
55 116
55 118
55 119
55 120
55 122
55 123
55 124
55 126
55 128
55 129
55 130
55 131
55 132
55 133
55 136
55 137
55 140
55 142
55 144
55 146
55 147
55 148
55 149
55 150
55 152
55 153
55 154
55 156
55 157
55 158
55 160
55 161
55 163
55 164
55 165
55 166
55 169
55 171
55 172
55 173
55 174
55 176
55 178
55 179
55 181
55 182
55 183
55 184
55 185
55 186
55 187
55 188
55 189
55 190
55 191
55 192
55 193
55 195
55 196
55 197
55 199
57 1
57 5
57 8
57 9
57 19
57 23
57 24
57 27
57 34
57 35
57 40
57 46
57 48
57 50
57 51
57 52
57 54
57 56
57 60
57 61
57 62
57 63
57 64
57 66
57 67
57 69
57 70
57 72
57 74
57 75
57 77
57 78
57 81
57 82
57 86
57 87
57 88
57 89
57 90
57 91
57 93
57 94
57 95
57 96
57 97
57 98
57 99
57 100
57 101
57 102
57 103
57 105
57 106
57 107
57 108
57 109
57 110
57 111
57 112
57 113
57 114
57 115
57 116
57 117
57 118
57 119
57 123
57 128
57 130
57 131
57 135
57 137
57 140
57 141
57 142
57 143
57 144
57 145
57 146
57 148
57 152
57 153
57 155
57 156
57 157
57 158
57 159
57 160
57 161
57 163
57 164
57 165
57 166
57 168
57 170
57 172
57 173
57 174
57 176
57 177
57 178
57 179
57 181
57 182
57 183
57 185
57 186
57 187
57 188
57 189
57 191
57 192
57 193
57 194
57 195
57 196
57 198
57 199
59 5
59 9
59 24
59 34
59 40
59 46
59 50
59 52
59 54
59 56
59 58
59 60
59 61
59 62
59 63
59 64
59 65
59 66
59 67
59 68
59 69
59 71
59 72
59 74
59 76
59 78
59 80
59 82
59 83
59 84
59 85
59 86
59 87
59 88
59 90
59 91
59 92
59 93
59 95
59 96
59 97
59 98
59 99
59 102
59 104
59 105
59 106
59 107
59 108
59 109
59 110
59 115
59 117
59 118
59 120
59 121
59 122
59 123
59 124
59 125
59 126
59 127
59 129
59 130
59 132
59 133
59 134
59 136
59 137
59 138
59 139
59 141
59 142
59 143
59 145
59 146
59 150
59 151
59 152
59 153
59 154
59 155
59 156
59 157
59 159
59 160
59 161
59 162
59 164
59 166
59 167
59 169
59 170
59 171
59 172
59 176
59 180
59 184
59 187
59 189
59 190
59 192
59 193
59 194
59 195
59 198
60 1
60 5
60 8
60 9
60 12
60 19
60 23
60 24
60 27
60 34
60 35
60 48
60 50
60 51
60 52
60 54
60 56
60 58
60 61
60 62
60 63
60 65
60 67
60 68
60 69
60 70
60 72
60 74
60 75
60 76
60 77
60 78
60 79
60 81
60 82
60 84
60 87
60 88
60 89
60 90
60 91
60 93
60 94
60 95
60 98
60 99
60 100
60 101
60 102
60 103
60 106
60 107
60 109
60 110
60 111
60 112
60 113
60 114
60 115
60 116
60 117
60 119
60 123
60 124
60 125
60 128
60 135
60 136
60 137
60 138
60 140
60 142
60 143
60 146
60 147
60 148
60 149
60 151
60 152
60 153
60 155
60 156
60 157
60 158
60 161
60 162
60 163
60 164
60 165
60 166
60 167
60 168
60 169
60 171
60 173
60 174
60 176
60 177
60 178
60 181
60 182
60 183
60 185
60 186
60 187
60 188
60 190
60 191
60 192
60 193
60 194
60 195
60 196
60 199
61 8
61 9
61 12
61 19
61 24
61 27
61 34
61 40
61 50
61 51
61 52
61 58
61 63
61 64
61 65
61 66
61 67
61 68
61 69
61 71
61 72
61 73
61 75
61 76
61 79
61 80
61 81
61 82
61 83
61 84
61 85
61 86
61 87
61 88
61 91
61 92
61 95
61 96
61 97
61 98
61 100
61 101
61 102
61 104
61 105
61 107
61 108
61 109
61 112
61 113
61 115
61 119
61 120
61 121
61 122
61 123
61 125
61 126
61 127
61 128
61 129
61 130
61 132
61 133
61 134
61 136
61 138
61 139
61 144
61 145
61 146
61 147
61 148
61 149
61 150
61 151
61 152
61 153
61 154
61 155
61 159
61 160
61 162
61 164
61 165
61 167
61 169
61 170
61 171
61 172
61 173
61 175
61 177
61 178
61 179
61 180
61 183
61 184
61 187
61 189
61 190
61 191
61 193
61 197
61 198
61 199
62 1
62 5
62 8
62 12
62 19
62 23
62 24
62 27
62 34
62 46
62 50
62 51
62 52
62 54
62 56
62 58
62 63
62 64
62 66
62 67
62 68
62 69
62 70
62 73
62 74
62 75
62 77
62 78
62 79
62 80
62 81
62 82
62 85
62 86
62 87
62 89
62 90
62 91
62 92
62 94
62 95
62 96
62 97
62 98
62 100
62 101
62 102
62 103
62 105
62 106
62 110
62 111
62 112
62 114
62 115
62 116
62 118
62 119
62 120
62 123
62 124
62 125
62 126
62 128
62 130
62 131
62 133
62 135
62 136
62 137
62 138
62 139
62 140
62 142
62 143
62 144
62 145
62 146
62 148
62 149
62 152
62 153
62 154
62 155
62 156
62 157
62 158
62 161
62 162
62 163
62 166
62 167
62 168
62 170
62 172
62 173
62 174
62 176
62 177
62 178
62 179
62 181
62 182
62 183
62 185
62 186
62 187
62 188
62 189
62 191
62 192
62 193
62 194
62 195
62 196
62 197
62 198
62 199
63 1
63 5
63 8
63 9
63 12
63 19
63 24
63 27
63 35
63 46
63 48
63 50
63 51
63 52
63 54
63 56
63 58
63 64
63 67
63 68
63 69
63 70
63 72
63 73
63 74
63 77
63 79
63 80
63 81
63 82
63 84
63 87
63 89
63 90
63 91
63 92
63 94
63 95
63 97
63 99
63 100
63 101
63 102
63 103
63 106
63 109
63 110
63 111
63 112
63 113
63 114
63 115
63 116
63 117
63 118
63 119
63 121
63 123
63 124
63 126
63 127
63 128
63 131
63 132
63 135
63 136
63 137
63 140
63 142
63 143
63 144
63 145
63 146
63 147
63 148
63 149
63 152
63 156
63 157
63 158
63 161
63 162
63 163
63 164
63 165
63 166
63 167
63 168
63 171
63 172
63 173
63 174
63 176
63 178
63 179
63 180
63 181
63 182
63 183
63 184
63 185
63 186
63 187
63 188
63 189
63 191
63 192
63 193
63 194
63 196
63 197
63 199
65 1
65 9
65 19
65 23
65 24
65 34
65 40
65 50
65 52
65 56
65 58
65 64
65 66
65 67
65 68
65 70
65 71
65 73
65 75
65 76
65 80
65 82
65 83
65 84
65 85
65 86
65 87
65 88
65 89
65 90
65 91
65 92
65 93
65 95
65 96
65 97
65 98
65 99
65 103
65 104
65 105
65 107
65 108
65 109
65 110
65 112
65 113
65 117
65 118
65 119
65 120
65 121
65 122
65 123
65 124
65 125
65 126
65 127
65 128
65 129
65 130
65 132
65 133
65 134
65 138
65 141
65 144
65 145
65 147
65 148
65 150
65 151
65 154
65 155
65 157
65 159
65 160
65 161
65 162
65 163
65 164
65 165
65 166
65 167
65 168
65 169
65 170
65 171
65 172
65 173
65 174
65 175
65 177
65 179
65 180
65 183
65 184
65 187
65 188
65 189
65 190
65 192
65 193
65 194
65 197
65 198
66 5
66 8
66 9
66 19
66 24
66 35
66 40
66 50
66 54
66 58
66 64
66 68
66 71
66 72
66 73
66 74
66 75
66 76
66 80
66 83
66 84
66 85
66 86
66 87
66 88
66 89
66 91
66 93
66 94
66 95
66 96
66 97
66 103
66 104
66 105
66 107
66 108
66 109
66 111
66 112
66 117
66 119
66 120
66 121
66 122
66 123
66 125
66 126
66 127
66 128
66 129
66 130
66 132
66 133
66 134
66 138
66 139
66 140
66 141
66 142
66 143
66 147
66 148
66 149
66 150
66 151
66 152
66 154
66 155
66 156
66 159
66 160
66 162
66 164
66 165
66 167
66 168
66 169
66 171
66 172
66 174
66 175
66 176
66 177
66 178
66 180
66 181
66 182
66 183
66 184
66 185
66 187
66 188
66 189
66 190
66 194
66 197
66 198
68 1
68 5
68 8
68 9
68 12
68 24
68 27
68 34
68 40
68 48
68 50
68 52
68 54
68 56
68 58
68 64
68 67
68 70
68 71
68 72
68 73
68 74
68 75
68 76
68 77
68 79
68 80
68 81
68 83
68 84
68 85
68 86
68 87
68 88
68 89
68 91
68 92
68 93
68 94
68 96
68 97
68 98
68 99
68 101
68 104
68 105
68 106
68 107
68 108
68 109
68 110
68 111
68 112
68 114
68 115
68 117
68 120
68 121
68 122
68 125
68 126
68 127
68 130
68 132
68 134
68 135
68 137
68 139
68 141
68 142
68 143
68 145
68 146
68 147
68 148
68 149
68 150
68 151
68 152
68 154
68 155
68 156
68 157
68 159
68 160
68 161
68 162
68 163
68 164
68 167
68 169
68 170
68 171
68 172
68 173
68 175
68 177
68 178
68 179
68 180
68 181
68 182
68 183
68 184
68 187
68 188
68 189
68 190
68 191
68 192
68 193
68 194
68 195
68 196
68 197
68 198
68 199
69 1
69 8
69 12
69 19
69 23
69 24
69 27
69 34
69 35
69 46
69 48
69 50
69 51
69 52
69 56
69 58
69 67
69 70
69 71
69 72
69 73
69 74
69 75
69 77
69 78
69 79
69 80
69 81
69 84
69 85
69 86
69 87
69 89
69 90
69 91
69 93
69 94
69 95
69 99
69 100
69 101
69 102
69 103
69 105
69 106
69 107
69 108
69 110
69 111
69 112
69 113
69 114
69 115
69 116
69 117
69 118
69 119
69 123
69 124
69 125
69 128
69 130
69 131
69 132
69 135
69 136
69 137
69 140
69 141
69 142
69 143
69 144
69 146
69 147
69 148
69 149
69 150
69 152
69 153
69 154
69 156
69 157
69 158
69 160
69 161
69 163
69 164
69 165
69 166
69 168
69 169
69 171
69 172
69 173
69 174
69 177
69 178
69 179
69 180
69 181
69 182
69 183
69 184
69 185
69 186
69 188
69 189
69 190
69 191
69 192
69 193
69 194
69 195
69 196
69 197
69 199
71 1
71 9
71 12
71 23
71 40
71 46
71 48
71 56
71 58
71 64
71 72
71 73
71 76
71 78
71 80
71 83
71 86
71 87
71 88
71 89
71 90
71 92
71 93
71 95
71 96
71 97
71 98
71 100
71 104
71 105
71 107
71 108
71 109
71 110
71 117
71 120
71 121
71 122
71 123
71 124
71 125
71 126
71 127
71 128
71 129
71 130
71 131
71 132
71 133
71 134
71 135
71 136
71 137
71 138
71 139
71 140
71 141
71 142
71 145
71 147
71 149
71 150
71 151
71 152
71 154
71 155
71 156
71 157
71 158
71 159
71 160
71 162
71 163
71 166
71 167
71 168
71 170
71 171
71 172
71 174
71 175
71 177
71 179
71 180
71 184
71 186
71 187
71 189
71 190
71 191
71 193
71 194
71 195
71 197
71 198
71 199
72 5
72 8
72 9
72 19
72 23
72 27
72 34
72 40
72 46
72 51
72 54
72 56
72 58
72 64
72 67
72 70
72 73
72 75
72 76
72 80
72 82
72 83
72 84
72 85
72 86
72 87
72 88
72 89
72 91
72 92
72 93
72 95
72 96
72 97
72 98
72 99
72 100
72 101
72 102
72 103
72 104
72 105
72 106
72 107
72 108
72 109
72 112
72 117
72 118
72 120
72 121
72 122
72 123
72 125
72 126
72 127
72 129
72 130
72 131
72 132
72 133
72 134
72 136
72 138
72 141
72 144
72 145
72 147
72 150
72 151
72 152
72 154
72 155
72 158
72 159
72 160
72 161
72 162
72 164
72 167
72 169
72 170
72 171
72 172
72 175
72 177
72 178
72 179
72 180
72 181
72 182
72 184
72 185
72 187
72 189
72 190
72 192
72 195
72 197
72 198
72 199
73 1
73 9
73 24
73 27
73 35
73 40
73 48
73 50
73 52
73 58
73 64
73 67
73 74
73 75
73 76
73 77
73 80
73 83
73 84
73 85
73 86
73 87
73 88
73 90
73 91
73 92
73 93
73 96
73 97
73 98
73 99
73 100
73 102
73 103
73 104
73 105
73 106
73 107
73 108
73 109
73 111
73 113
73 114
73 117
73 118
73 120
73 121
73 122
73 124
73 125
73 126
73 127
73 129
73 130
73 131
73 132
73 133
73 134
73 136
73 137
73 138
73 139
73 141
73 142
73 144
73 145
73 146
73 150
73 151
73 152
73 154
73 155
73 159
73 160
73 162
73 163
73 164
73 166
73 167
73 168
73 169
73 170
73 171
73 172
73 173
73 178
73 180
73 182
73 183
73 184
73 185
73 187
73 189
73 190
73 193
73 195
73 196
73 198
73 199
74 1
74 5
74 8
74 9
74 12
74 19
74 23
74 24
74 27
74 34
74 35
74 46
74 48
74 50
74 51
74 52
74 54
74 56
74 58
74 67
74 70
74 75
74 76
74 77
74 78
74 79
74 81
74 82
74 88
74 89
74 90
74 91
74 94
74 95
74 99
74 100
74 101
74 102
74 103
74 106
74 110
74 112
74 113
74 114
74 115
74 116
74 117
74 118
74 119
74 120
74 121
74 122
74 123
74 124
74 126
74 127
74 128
74 131
74 132
74 136
74 137
74 138
74 140
74 142
74 144
74 145
74 146
74 147
74 148
74 149
74 150
74 151
74 152
74 153
74 156
74 157
74 158
74 159
74 161
74 163
74 165
74 166
74 167
74 170
74 171
74 172
74 173
74 174
74 176
74 178
74 179
74 181
74 182
74 183
74 184
74 185
74 186
74 188
74 189
74 190
74 191
74 192
74 193
74 195
74 196
74 198
74 199
76 8
76 9
76 23
76 24
76 40
76 46
76 48
76 50
76 52
76 54
76 58
76 64
76 70
76 77
76 78
76 79
76 80
76 81
76 82
76 83
76 84
76 85
76 86
76 87
76 88
76 90
76 92
76 93
76 94
76 95
76 97
76 98
76 99
76 100
76 102
76 104
76 105
76 107
76 108
76 109
76 117
76 118
76 120
76 121
76 122
76 125
76 126
76 127
76 129
76 130
76 131
76 132
76 133
76 134
76 138
76 139
76 140
76 141
76 143
76 145
76 147
76 148
76 150
76 151
76 154
76 155
76 159
76 160
76 161
76 163
76 164
76 167
76 169
76 170
76 171
76 172
76 175
76 177
76 178
76 179
76 180
76 181
76 182
76 183
76 184
76 187
76 189
76 190
76 196
76 197
76 199
77 1
77 5
77 8
77 9
77 12
77 19
77 23
77 24
77 27
77 34
77 35
77 40
77 46
77 48
77 50
77 51
77 52
77 54
77 64
77 67
77 70
77 75
77 78
77 79
77 81
77 82
77 83
77 84
77 87
77 89
77 90
77 91
77 92
77 95
77 96
77 98
77 99
77 100
77 101
77 102
77 103
77 104
77 106
77 108
77 109
77 110
77 111
77 112
77 113
77 114
77 115
77 116
77 117
77 118
77 119
77 120
77 122
77 123
77 124
77 126
77 127
77 128
77 129
77 131
77 132
77 133
77 134
77 135
77 136
77 137
77 140
77 141
77 142
77 143
77 144
77 146
77 148
77 149
77 151
77 152
77 153
77 156
77 158
77 162
77 163
77 165
77 166
77 168
77 173
77 174
77 175
77 176
77 178
77 179
77 180
77 181
77 182
77 183
77 186
77 187
77 190
77 191
77 192
77 193
77 194
77 195
77 196
77 197
77 198
77 199
78 1
78 5
78 8
78 9
78 12
78 19
78 24
78 27
78 35
78 46
78 48
78 50
78 51
78 52
78 54
78 56
78 67
78 70
78 79
78 80
78 81
78 82
78 84
78 85
78 87
78 89
78 90
78 91
78 92
78 93
78 94
78 95
78 99
78 100
78 101
78 102
78 103
78 105
78 106
78 109
78 110
78 111
78 112
78 113
78 114
78 115
78 116
78 117
78 118
78 119
78 120
78 123
78 124
78 125
78 127
78 128
78 129
78 131
78 135
78 136
78 137
78 139
78 140
78 141
78 142
78 143
78 144
78 146
78 148
78 149
78 150
78 152
78 154
78 155
78 156
78 157
78 158
78 161
78 163
78 164
78 165
78 166
78 167
78 168
78 171
78 173
78 174
78 176
78 178
78 179
78 180
78 181
78 182
78 183
78 185
78 186
78 188
78 189
78 190
78 191
78 192
78 193
78 194
78 196
78 197
78 198
78 199
80 1
80 9
80 12
80 34
80 40
80 46
80 48
80 50
80 52
80 56
80 58
80 64
80 82
80 83
80 84
80 85
80 86
80 87
80 88
80 91
80 92
80 93
80 94
80 95
80 96
80 97
80 98
80 100
80 104
80 105
80 106
80 107
80 108
80 109
80 110
80 111
80 113
80 114
80 116
80 117
80 121
80 122
80 125
80 126
80 127
80 128
80 129
80 130
80 131
80 132
80 133
80 134
80 135
80 137
80 138
80 139
80 140
80 141
80 143
80 145
80 147
80 149
80 150
80 151
80 153
80 154
80 155
80 156
80 157
80 159
80 160
80 162
80 164
80 165
80 169
80 170
80 171
80 173
80 174
80 175
80 177
80 178
80 180
80 181
80 182
80 183
80 184
80 186
80 187
80 190
80 192
80 195
80 197
80 198
83 5
83 9
83 19
83 27
83 34
83 40
83 54
83 58
83 64
83 79
83 81
83 82
83 84
83 85
83 86
83 87
83 88
83 92
83 93
83 96
83 97
83 98
83 100
83 103
83 104
83 105
83 107
83 108
83 109
83 110
83 112
83 113
83 115
83 117
83 120
83 122
83 123
83 125
83 126
83 127
83 128
83 129
83 130
83 133
83 134
83 135
83 138
83 139
83 141
83 142
83 143
83 144
83 145
83 146
83 147
83 148
83 150
83 151
83 152
83 155
83 156
83 157
83 159
83 162
83 163
83 164
83 166
83 167
83 168
83 169
83 170
83 171
83 172
83 175
83 176
83 177
83 180
83 182
83 184
83 185
83 188
83 189
83 190
83 191
83 192
83 195
83 196
83 197
83 198
83 199
84 1
84 8
84 9
84 12
84 24
84 35
84 40
84 52
84 58
84 64
84 67
84 70
84 81
84 82
84 86
84 87
84 88
84 92
84 93
84 94
84 95
84 96
84 97
84 98
84 99
84 103
84 104
84 105
84 106
84 107
84 108
84 109
84 111
84 117
84 119
84 120
84 121
84 122
84 123
84 124
84 125
84 126
84 127
84 129
84 130
84 132
84 133
84 134
84 135
84 138
84 139
84 141
84 142
84 143
84 145
84 147
84 150
84 151
84 152
84 154
84 155
84 156
84 157
84 159
84 160
84 162
84 163
84 165
84 167
84 168
84 170
84 171
84 172
84 175
84 177
84 178
84 179
84 180
84 181
84 184
84 187
84 189
84 190
84 191
84 197
84 198
84 199
85 9
85 12
85 24
85 27
85 34
85 40
85 46
85 52
85 58
85 64
85 67
85 70
85 79
85 86
85 87
85 88
85 90
85 91
85 92
85 93
85 94
85 96
85 97
85 98
85 103
85 104
85 105
85 107
85 108
85 109
85 110
85 111
85 113
85 115
85 116
85 117
85 119
85 120
85 121
85 122
85 123
85 124
85 125
85 126
85 127
85 129
85 130
85 132
85 133
85 134
85 135
85 138
85 139
85 140
85 141
85 143
85 144
85 145
85 147
85 148
85 150
85 151
85 152
85 154
85 155
85 157
85 159
85 160
85 162
85 163
85 166
85 167
85 170
85 171
85 172
85 173
85 174
85 175
85 176
85 177
85 178
85 179
85 180
85 181
85 182
85 183
85 184
85 187
85 188
85 189
85 190
85 191
85 192
85 193
85 194
85 195
85 196
85 197
85 198
86 5
86 8
86 9
86 23
86 34
86 35
86 40
86 46
86 48
86 51
86 54
86 56
86 58
86 64
86 67
86 87
86 88
86 90
86 92
86 93
86 94
86 95
86 96
86 97
86 98
86 104
86 105
86 107
86 108
86 109
86 110
86 112
86 115
86 117
86 119
86 120
86 121
86 122
86 123
86 125
86 126
86 127
86 129
86 131
86 132
86 133
86 134
86 136
86 138
86 139
86 141
86 142
86 143
86 145
86 147
86 148
86 149
86 150
86 151
86 152
86 153
86 154
86 155
86 157
86 158
86 159
86 160
86 162
86 164
86 167
86 168
86 169
86 170
86 171
86 172
86 173
86 175
86 177
86 180
86 183
86 184
86 185
86 187
86 188
86 189
86 190
86 192
86 194
86 197
86 198
86 199
87 1
87 8
87 9
87 12
87 19
87 23
87 24
87 34
87 35
87 40
87 46
87 58
87 64
87 75
87 81
87 88
87 90
87 92
87 93
87 94
87 95
87 96
87 97
87 98
87 99
87 101
87 102
87 104
87 105
87 107
87 108
87 111
87 113
87 117
87 119
87 120
87 121
87 122
87 123
87 124
87 125
87 126
87 127
87 129
87 130
87 131
87 132
87 133
87 134
87 138
87 139
87 140
87 141
87 142
87 144
87 145
87 147
87 149
87 150
87 154
87 159
87 160
87 161
87 162
87 164
87 167
87 168
87 169
87 170
87 171
87 172
87 173
87 175
87 177
87 178
87 179
87 180
87 183
87 185
87 186
87 187
87 188
87 189
87 190
87 192
87 195
87 197
87 198
87 199
88 5
88 8
88 9
88 12
88 23
88 34
88 35
88 40
88 50
88 52
88 54
88 58
88 64
88 70
88 79
88 81
88 89
88 90
88 92
88 93
88 94
88 96
88 97
88 98
88 99
88 101
88 104
88 107
88 108
88 109
88 115
88 116
88 117
88 119
88 120
88 121
88 124
88 125
88 126
88 129
88 130
88 131
88 132
88 133
88 134
88 137
88 138
88 139
88 140
88 141
88 142
88 145
88 146
88 147
88 148
88 149
88 150
88 151
88 154
88 155
88 156
88 159
88 160
88 162
88 164
88 165
88 166
88 167
88 168
88 169
88 170
88 171
88 172
88 175
88 176
88 177
88 178
88 179
88 180
88 182
88 183
88 184
88 187
88 189
88 190
88 191
88 192
88 193
88 197
88 198
88 199
89 5
89 8
89 12
89 19
89 23
89 24
89 27
89 34
89 35
89 46
89 48
89 50
89 51
89 52
89 54
89 56
89 64
89 67
89 70
89 75
89 79
89 81
89 82
89 90
89 91
89 92
89 94
89 95
89 96
89 97
89 99
89 100
89 101
89 103
89 106
89 107
89 108
89 110
89 111
89 112
89 113
89 114
89 115
89 118
89 119
89 120
89 123
89 124
89 126
89 128
89 129
89 131
89 132
89 134
89 135
89 136
89 137
89 139
89 140
89 142
89 143
89 144
89 145
89 146
89 147
89 148
89 149
89 152
89 153
89 154
89 155
89 156
89 157
89 158
89 161
89 163
89 164
89 165
89 166
89 167
89 168
89 172
89 173
89 174
89 176
89 177
89 178
89 179
89 181
89 182
89 185
89 186
89 188
89 190
89 191
89 193
89 194
89 195
89 196
89 197
89 198
89 199
92 9
92 12
92 19
92 24
92 27
92 35
92 40
92 46
92 48
92 51
92 58
92 64
92 70
92 79
92 81
92 90
92 93
92 94
92 96
92 97
92 101
92 102
92 104
92 105
92 107
92 108
92 109
92 110
92 115
92 117
92 118
92 120
92 121
92 122
92 125
92 126
92 127
92 129
92 130
92 131
92 132
92 133
92 134
92 136
92 138
92 139
92 141
92 143
92 147
92 150
92 151
92 154
92 155
92 159
92 160
92 162
92 163
92 164
92 165
92 166
92 167
92 169
92 171
92 172
92 173
92 174
92 175
92 176
92 177
92 179
92 180
92 181
92 184
92 186
92 187
92 188
92 189
92 190
92 192
92 196
92 197
92 198
93 5
93 9
93 12
93 19
93 23
93 24
93 27
93 34
93 35
93 40
93 54
93 58
93 64
93 70
93 75
93 79
93 91
93 95
93 96
93 97
93 98
93 99
93 100
93 102
93 103
93 104
93 105
93 107
93 108
93 109
93 120
93 121
93 122
93 123
93 124
93 125
93 126
93 127
93 129
93 130
93 132
93 133
93 134
93 136
93 138
93 139
93 140
93 143
93 144
93 145
93 146
93 147
93 150
93 151
93 153
93 154
93 155
93 157
93 158
93 159
93 160
93 162
93 163
93 164
93 167
93 168
93 169
93 170
93 171
93 172
93 173
93 175
93 177
93 178
93 180
93 182
93 183
93 184
93 186
93 187
93 189
93 190
93 193
93 195
93 196
93 197
93 198
93 199
96 5
96 8
96 9
96 12
96 19
96 27
96 40
96 50
96 51
96 52
96 56
96 58
96 64
96 67
96 70
96 75
96 79
96 82
96 90
96 94
96 97
96 98
96 99
96 100
96 101
96 102
96 104
96 105
96 107
96 108
96 109
96 114
96 115
96 117
96 118
96 120
96 121
96 122
96 125
96 126
96 127
96 129
96 130
96 132
96 133
96 134
96 136
96 137
96 138
96 139
96 140
96 141
96 142
96 143
96 145
96 147
96 148
96 149
96 150
96 151
96 152
96 153
96 154
96 155
96 158
96 159
96 160
96 164
96 165
96 167
96 169
96 170
96 171
96 172
96 173
96 174
96 175
96 177
96 180
96 184
96 185
96 187
96 189
96 190
96 191
96 196
96 197
96 199
97 1
97 9
97 19
97 35
97 40
97 46
97 48
97 56
97 58
97 64
97 70
97 75
97 79
97 82
97 91
97 98
97 100
97 105
97 109
97 110
97 113
97 117
97 120
97 121
97 122
97 123
97 125
97 126
97 127
97 129
97 130
97 131
97 132
97 133
97 135
97 136
97 137
97 138
97 139
97 140
97 141
97 142
97 145
97 147
97 148
97 149
97 150
97 151
97 154
97 155
97 156
97 157
97 159
97 160
97 162
97 164
97 165
97 166
97 167
97 169
97 170
97 171
97 172
97 174
97 175
97 176
97 177
97 178
97 180
97 181
97 182
97 183
97 184
97 185
97 187
97 188
97 189
97 195
97 197
97 198
98 1
98 5
98 8
98 9
98 12
98 27
98 40
98 46
98 54
98 56
98 58
98 64
98 70
98 79
98 90
98 91
98 95
98 99
98 102
98 104
98 105
98 107
98 108
98 109
98 110
98 111
98 114
98 117
98 118
98 119
98 120
98 121
98 122
98 123
98 125
98 126
98 127
98 128
98 129
98 130
98 131
98 132
98 133
98 134
98 135
98 136
98 138
98 139
98 140
98 141
98 143
98 146
98 147
98 148
98 150
98 151
98 152
98 153
98 154
98 155
98 157
98 159
98 160
98 161
98 162
98 164
98 165
98 167
98 169
98 171
98 172
98 173
98 174
98 175
98 177
98 178
98 179
98 180
98 183
98 184
98 185
98 187
98 189
98 190
98 192
98 194
98 196
98 197
98 198
98 199
100 1
100 5
100 8
100 12
100 19
100 23
100 24
100 27
100 34
100 35
100 40
100 46
100 48
100 50
100 51
100 52
100 54
100 56
100 58
100 67
100 70
100 75
100 79
100 81
100 82
100 90
100 91
100 94
100 95
100 99
100 101
100 102
100 106
100 110
100 111
100 112
100 113
100 115
100 116
100 118
100 119
100 122
100 123
100 124
100 127
100 128
100 130
100 131
100 134
100 135
100 136
100 137
100 140
100 141
100 143
100 144
100 146
100 147
100 148
100 149
100 151
100 152
100 153
100 156
100 157
100 158
100 159
100 160
100 161
100 162
100 163
100 164
100 165
100 166
100 167
100 168
100 170
100 171
100 172
100 173
100 174
100 175
100 176
100 178
100 179
100 181
100 182
100 183
100 185
100 186
100 187
100 188
100 190
100 191
100 192
100 193
100 194
100 195
100 196
100 197
104 5
104 9
104 23
104 27
104 34
104 35
104 40
104 46
104 50
104 51
104 52
104 58
104 64
104 75
104 81
104 90
104 95
104 99
104 103
104 105
104 109
104 112
104 114
104 117
104 119
104 120
104 121
104 122
104 123
104 125
104 126
104 127
104 129
104 130
104 131
104 132
104 133
104 135
104 136
104 137
104 138
104 139
104 140
104 141
104 142
104 144
104 145
104 146
104 147
104 150
104 151
104 153
104 154
104 155
104 156
104 158
104 159
104 160
104 162
104 163
104 164
104 165
104 167
104 168
104 169
104 170
104 171
104 172
104 173
104 174
104 175
104 177
104 178
104 179
104 180
104 184
104 185
104 186
104 187
104 188
104 189
104 193
104 194
104 195
104 196
104 197
104 198
104 199
105 1
105 9
105 12
105 23
105 24
105 27
105 34
105 40
105 51
105 52
105 56
105 58
105 64
105 67
105 79
105 81
105 82
105 90
105 101
105 103
105 106
105 107
105 108
105 109
105 111
105 112
105 115
105 116
105 117
105 119
105 120
105 121
105 125
105 126
105 128
105 129
105 130
105 131
105 132
105 133
105 134
105 137
105 138
105 139
105 141
105 143
105 145
105 146
105 147
105 148
105 150
105 151
105 153
105 154
105 155
105 156
105 158
105 159
105 160
105 162
105 163
105 164
105 167
105 169
105 170
105 171
105 172
105 175
105 176
105 177
105 180
105 183
105 184
105 187
105 189
105 190
105 191
105 197
105 198
107 1
107 5
107 8
107 9
107 19
107 23
107 34
107 40
107 46
107 48
107 50
107 52
107 54
107 58
107 64
107 67
107 70
107 79
107 81
107 82
107 109
107 111
107 112
107 113
107 115
107 116
107 117
107 120
107 121
107 122
107 124
107 125
107 126
107 127
107 128
107 129
107 130
107 131
107 132
107 133
107 135
107 138
107 139
107 141
107 143
107 144
107 145
107 146
107 147
107 150
107 151
107 154
107 155
107 157
107 158
107 159
107 160
107 162
107 163
107 164
107 167
107 169
107 170
107 171
107 172
107 173
107 175
107 177
107 178
107 180
107 184
107 187
107 188
107 189
107 192
107 193
107 195
107 197
107 198
107 199
108 9
108 24
108 27
108 35
108 40
108 48
108 50
108 58
108 64
108 67
108 70
108 79
108 81
108 90
108 99
108 102
108 103
108 109
108 110
108 114
108 115
108 117
108 118
108 120
108 121
108 122
108 125
108 126
108 127
108 129
108 130
108 132
108 133
108 136
108 138
108 139
108 140
108 141
108 142
108 143
108 144
108 145
108 147
108 148
108 149
108 150
108 151
108 152
108 154
108 155
108 159
108 160
108 161
108 162
108 163
108 164
108 165
108 167
108 168
108 169
108 170
108 171
108 172
108 174
108 175
108 177
108 178
108 180
108 182
108 184
108 186
108 187
108 188
108 189
108 191
108 192
108 193
108 194
108 195
108 196
108 197
108 198
108 199
109 1
109 5
109 9
109 12
109 19
109 24
109 27
109 35
109 40
109 50
109 52
109 56
109 58
109 64
109 81
109 91
109 101
109 102
109 113
109 116
109 117
109 119
109 120
109 121
109 122
109 124
109 125
109 126
109 127
109 129
109 130
109 131
109 132
109 133
109 134
109 138
109 139
109 140
109 141
109 145
109 147
109 148
109 150
109 154
109 157
109 158
109 159
109 160
109 161
109 162
109 163
109 164
109 167
109 168
109 169
109 170
109 171
109 172
109 175
109 176
109 177
109 180
109 181
109 187
109 189
109 190
109 193
109 194
109 197
109 198
109 199
110 1
110 5
110 8
110 12
110 19
110 23
110 24
110 27
110 34
110 35
110 46
110 48
110 51
110 52
110 54
110 56
110 67
110 70
110 75
110 79
110 82
110 91
110 94
110 95
110 99
110 101
110 102
110 103
110 106
110 111
110 112
110 113
110 114
110 116
110 117
110 118
110 119
110 122
110 123
110 124
110 127
110 128
110 130
110 131
110 135
110 136
110 137
110 139
110 140
110 141
110 142
110 143
110 144
110 146
110 147
110 148
110 149
110 151
110 153
110 154
110 155
110 156
110 157
110 158
110 159
110 160
110 161
110 162
110 163
110 165
110 166
110 167
110 168
110 170
110 171
110 174
110 175
110 176
110 178
110 179
110 181
110 182
110 183
110 185
110 186
110 187
110 188
110 189
110 191
110 192
110 193
110 194
110 195
110 196
110 199
111 1
111 5
111 8
111 9
111 12
111 19
111 23
111 24
111 27
111 34
111 35
111 40
111 46
111 48
111 50
111 51
111 52
111 54
111 56
111 58
111 64
111 67
111 70
111 75
111 79
111 81
111 82
111 90
111 91
111 94
111 95
111 99
111 101
111 102
111 103
111 106
111 112
111 113
111 114
111 115
111 116
111 118
111 119
111 120
111 123
111 124
111 125
111 127
111 128
111 129
111 130
111 131
111 133
111 134
111 136
111 137
111 138
111 139
111 140
111 142
111 144
111 145
111 146
111 148
111 149
111 152
111 153
111 155
111 156
111 157
111 158
111 159
111 161
111 163
111 165
111 166
111 167
111 173
111 174
111 176
111 177
111 178
111 179
111 180
111 181
111 182
111 183
111 184
111 185
111 186
111 187
111 188
111 190
111 191
111 192
111 193
111 195
111 196
111 198
111 199
112 1
112 5
112 8
112 9
112 12
112 19
112 23
112 24
112 27
112 34
112 35
112 40
112 46
112 48
112 50
112 51
112 54
112 56
112 75
112 79
112 81
112 82
112 90
112 91
112 94
112 95
112 99
112 101
112 102
112 103
112 106
112 113
112 114
112 115
112 116
112 117
112 118
112 119
112 123
112 124
112 127
112 128
112 131
112 133
112 134
112 135
112 136
112 137
112 138
112 139
112 140
112 142
112 143
112 144
112 145
112 146
112 147
112 148
112 149
112 150
112 152
112 153
112 154
112 155
112 156
112 157
112 158
112 160
112 161
112 163
112 165
112 166
112 168
112 170
112 172
112 173
112 174
112 176
112 178
112 179
112 180
112 181
112 182
112 183
112 184
112 185
112 186
112 188
112 189
112 190
112 192
112 194
112 195
112 196
112 197
112 199
115 1
115 5
115 8
115 12
115 19
115 23
115 24
115 27
115 34
115 35
115 40
115 46
115 48
115 51
115 52
115 54
115 56
115 58
115 64
115 67
115 70
115 75
115 79
115 82
115 91
115 94
115 95
115 99
115 101
115 102
115 103
115 106
115 113
115 114
115 116
115 118
115 119
115 120
115 121
115 123
115 124
115 125
115 126
115 128
115 129
115 131
115 132
115 135
115 136
115 137
115 139
115 140
115 141
115 142
115 143
115 144
115 146
115 147
115 148
115 149
115 150
115 153
115 156
115 157
115 158
115 159
115 161
115 163
115 165
115 166
115 168
115 170
115 174
115 176
115 178
115 179
115 180
115 181
115 182
115 183
115 185
115 186
115 188
115 189
115 191
115 192
115 193
115 194
115 195
115 196
115 198
115 199
116 5
116 8
116 9
116 12
116 19
116 23
116 24
116 27
116 34
116 35
116 46
116 48
116 50
116 51
116 52
116 54
116 56
116 58
116 67
116 70
116 75
116 79
116 81
116 82
116 90
116 91
116 94
116 95
116 99
116 101
116 103
116 106
116 113
116 114
116 118
116 119
116 123
116 124
116 125
116 127
116 128
116 129
116 131
116 135
116 136
116 137
116 138
116 139
116 140
116 141
116 142
116 143
116 144
116 146
116 147
116 148
116 149
116 150
116 152
116 153
116 156
116 157
116 158
116 159
116 160
116 161
116 163
116 165
116 166
116 167
116 168
116 170
116 173
116 174
116 175
116 176
116 177
116 178
116 179
116 181
116 182
116 185
116 186
116 188
116 189
116 191
116 193
116 194
116 195
116 196
116 197
116 199
117 5
117 8
117 9
117 19
117 34
117 35
117 40
117 48
117 50
117 51
117 58
117 64
117 75
117 91
117 95
117 99
117 102
117 103
117 106
117 118
117 119
117 120
117 121
117 122
117 125
117 126
117 127
117 129
117 130
117 132
117 133
117 134
117 135
117 137
117 138
117 139
117 142
117 143
117 145
117 146
117 147
117 149
117 150
117 151
117 152
117 154
117 155
117 157
117 159
117 160
117 161
117 162
117 163
117 164
117 165
117 166
117 167
117 169
117 170
117 171
117 172
117 175
117 177
117 178
117 179
117 180
117 181
117 182
117 184
117 185
117 186
117 187
117 189
117 190
117 191
117 194
117 195
117 197
117 198
117 199
118 1
118 5
118 8
118 9
118 12
118 19
118 23
118 24
118 27
118 34
118 35
118 48
118 50
118 51
118 52
118 54
118 56
118 67
118 70
118 75
118 79
118 81
118 82
118 90
118 91
118 94
118 95
118 99
118 101
118 102
118 103
118 106
118 113
118 114
118 119
118 123
118 124
118 125
118 126
118 128
118 132
118 133
118 135
118 136
118 137
118 138
118 139
118 140
118 141
118 142
118 143
118 146
118 148
118 149
118 152
118 153
118 154
118 156
118 157
118 158
118 159
118 160
118 161
118 163
118 165
118 166
118 167
118 168
118 172
118 173
118 174
118 176
118 177
118 178
118 180
118 181
118 182
118 183
118 184
118 185
118 186
118 188
118 189
118 190
118 191
118 192
118 193
118 194
118 195
118 196
118 199
120 5
120 8
120 9
120 12
120 23
120 34
120 35
120 40
120 48
120 56
120 58
120 64
120 70
120 75
120 79
120 82
120 90
120 91
120 94
120 95
120 102
120 114
120 121
120 122
120 123
120 125
120 126
120 127
120 128
120 129
120 130
120 131
120 132
120 133
120 134
120 135
120 138
120 139
120 141
120 145
120 147
120 150
120 151
120 153
120 154
120 155
120 156
120 157
120 159
120 160
120 161
120 162
120 164
120 168
120 169
120 170
120 171
120 173
120 175
120 177
120 178
120 179
120 180
120 182
120 183
120 184
120 186
120 187
120 190
120 192
120 194
120 195
120 197
120 198
120 199
121 1
121 5
121 9
121 12
121 34
121 35
121 40
121 46
121 54
121 56
121 58
121 64
121 79
121 81
121 91
121 102
121 103
121 106
121 119
121 122
121 123
121 125
121 126
121 127
121 129
121 130
121 133
121 134
121 136
121 137
121 138
121 139
121 140
121 141
121 145
121 147
121 149
121 150
121 151
121 153
121 155
121 157
121 158
121 159
121 162
121 164
121 165
121 167
121 169
121 170
121 171
121 172
121 175
121 176
121 177
121 178
121 180
121 184
121 186
121 189
121 190
121 191
121 192
121 193
121 197
121 198
122 1
122 9
122 23
122 24
122 35
122 40
122 46
122 48
122 51
122 56
122 58
122 64
122 79
122 81
122 82
122 101
122 102
122 113
122 114
122 119
122 125
122 126
122 128
122 129
122 130
122 132
122 133
122 134
122 135
122 136
122 137
122 138
122 139
122 140
122 141
122 144
122 145
122 146
122 147
122 148
122 149
122 150
122 151
122 153
122 154
122 155
122 156
122 159
122 160
122 162
122 164
122 165
122 166
122 167
122 168
122 169
122 170
122 171
122 172
122 174
122 175
122 177
122 178
122 179
122 180
122 181
122 182
122 184
122 186
122 187
122 188
122 189
122 190
122 192
122 194
122 195
122 197
122 198
123 1
123 5
123 8
123 9
123 12
123 23
123 24
123 27
123 34
123 35
123 40
123 46
123 48
123 50
123 51
123 52
123 54
123 56
123 67
123 70
123 75
123 79
123 81
123 82
123 90
123 91
123 94
123 95
123 99
123 101
123 102
123 103
123 106
123 113
123 114
123 119
123 124
123 128
123 129
123 131
123 133
123 135
123 136
123 138
123 140
123 142
123 143
123 144
123 146
123 147
123 148
123 149
123 152
123 153
123 154
123 155
123 156
123 157
123 158
123 159
123 161
123 162
123 165
123 168
123 170
123 172
123 173
123 174
123 176
123 179
123 181
123 183
123 184
123 185
123 186
123 187
123 188
123 189
123 190
123 191
123 192
123 193
123 194
123 195
123 196
123 199
124 1
124 5
124 8
124 9
124 19
124 23
124 24
124 27
124 34
124 35
124 46
124 48
124 50
124 51
124 52
124 54
124 56
124 64
124 67
124 70
124 75
124 81
124 82
124 90
124 91
124 94
124 95
124 99
124 101
124 102
124 103
124 106
124 113
124 114
124 119
124 125
124 128
124 131
124 133
124 135
124 137
124 140
124 141
124 142
124 143
124 144
124 146
124 147
124 148
124 152
124 153
124 156
124 157
124 158
124 159
124 160
124 161
124 163
124 165
124 166
124 167
124 168
124 171
124 172
124 173
124 174
124 175
124 176
124 177
124 178
124 179
124 180
124 181
124 182
124 183
124 184
124 185
124 186
124 187
124 188
124 191
124 192
124 193
124 194
124 195
124 196
124 197
124 199
125 1
125 5
125 8
125 9
125 23
125 27
125 34
125 35
125 40
125 50
125 51
125 54
125 58
125 64
125 67
125 79
125 90
125 91
125 94
125 95
125 99
125 101
125 102
125 113
125 119
125 127
125 129
125 130
125 131
125 132
125 133
125 134
125 136
125 138
125 139
125 141
125 143
125 144
125 145
125 147
125 148
125 151
125 152
125 154
125 155
125 156
125 158
125 159
125 160
125 162
125 163
125 164
125 165
125 166
125 167
125 168
125 169
125 170
125 172
125 174
125 175
125 177
125 178
125 180
125 183
125 184
125 186
125 187
125 189
125 190
125 193
125 197
125 198
126 5
126 8
126 9
126 19
126 24
126 35
126 40
126 46
126 51
126 54
126 56
126 58
126 64
126 75
126 79
126 81
126 90
126 91
126 99
126 102
126 106
126 113
126 119
126 127
126 128
126 129
126 130
126 132
126 133
126 134
126 135
126 136
126 138
126 139
126 141
126 142
126 143
126 145
126 147
126 151
126 153
126 154
126 155
126 156
126 159
126 160
126 162
126 163
126 164
126 166
126 167
126 168
126 169
126 170
126 172
126 173
126 174
126 175
126 177
126 178
126 180
126 181
126 183
126 184
126 186
126 187
126 189
126 190
126 192
126 193
126 197
126 198
127 1
127 5
127 8
127 9
127 24
127 34
127 40
127 50
127 51
127 52
127 54
127 58
127 64
127 67
127 75
127 79
127 90
127 91
127 95
127 99
127 101
127 102
127 113
127 129
127 130
127 131
127 132
127 133
127 134
127 136
127 138
127 139
127 141
127 143
127 144
127 145
127 147
127 148
127 149
127 150
127 151
127 153
127 154
127 155
127 159
127 160
127 161
127 162
127 164
127 167
127 169
127 170
127 171
127 172
127 175
127 177
127 178
127 179
127 180
127 184
127 187
127 188
127 189
127 190
127 194
127 196
127 197
127 198
128 1
128 5
128 8
128 12
128 19
128 23
128 24
128 34
128 35
128 40
128 46
128 48
128 50
128 52
128 54
128 56
128 64
128 67
128 70
128 75
128 79
128 81
128 82
128 90
128 91
128 94
128 95
128 99
128 101
128 102
128 103
128 106
128 113
128 114
128 119
128 129
128 130
128 131
128 133
128 134
128 135
128 136
128 137
128 138
128 141
128 142
128 143
128 144
128 145
128 147
128 149
128 150
128 152
128 153
128 154
128 156
128 157
128 158
128 161
128 163
128 165
128 166
128 167
128 168
128 169
128 173
128 174
128 176
128 177
128 178
128 179
128 182
128 183
128 184
128 185
128 186
128 187
128 188
128 191
128 192
128 193
128 194
128 195
128 196
128 199
129 5
129 8
129 9
129 12
129 34
129 35
129 40
129 48
129 50
129 58
129 64
129 75
129 81
129 90
129 91
129 94
129 95
129 113
129 114
129 130
129 131
129 132
129 134
129 139
129 141
129 145
129 146
129 147
129 150
129 151
129 153
129 154
129 155
129 156
129 157
129 158
129 159
129 160
129 162
129 164
129 166
129 167
129 168
129 169
129 170
129 171
129 172
129 174
129 175
129 177
129 180
129 184
129 185
129 187
129 188
129 189
129 190
129 191
129 193
129 194
129 197
129 198
129 199
130 1
130 5
130 8
130 9
130 19
130 23
130 24
130 27
130 40
130 46
130 48
130 51
130 56
130 58
130 64
130 70
130 75
130 79
130 81
130 95
130 101
130 102
130 103
130 113
130 132
130 133
130 134
130 135
130 137
130 138
130 139
130 140
130 141
130 144
130 145
130 147
130 148
130 149
130 150
130 151
130 154
130 155
130 156
130 157
130 159
130 160
130 162
130 163
130 164
130 165
130 166
130 167
130 169
130 170
130 171
130 172
130 173
130 174
130 175
130 177
130 178
130 179
130 180
130 182
130 184
130 186
130 187
130 189
130 190
130 192
130 195
130 197
130 198
130 199
132 5
132 8
132 9
132 19
132 40
132 46
132 51
132 58
132 64
132 67
132 75
132 81
132 82
132 94
132 95
132 99
132 113
132 114
132 131
132 133
132 134
132 136
132 137
132 138
132 139
132 141
132 143
132 145
132 147
132 148
132 150
132 151
132 152
132 155
132 158
132 159
132 161
132 162
132 164
132 166
132 167
132 168
132 169
132 170
132 171
132 172
132 174
132 175
132 176
132 177
132 179
132 180
132 183
132 184
132 185
132 186
132 189
132 190
132 191
132 193
132 196
132 197
132 198
132 199
133 9
133 12
133 19
133 23
133 27
133 40
133 46
133 48
133 52
133 56
133 58
133 64
133 70
133 79
133 82
133 90
133 95
133 101
133 103
133 114
133 119
133 131
133 134
133 139
133 141
133 143
133 145
133 146
133 147
133 148
133 150
133 151
133 152
133 153
133 154
133 155
133 157
133 158
133 159
133 160
133 161
133 162
133 163
133 164
133 165
133 167
133 168
133 169
133 170
133 171
133 172
133 173
133 175
133 177
133 179
133 180
133 181
133 182
133 184
133 187
133 189
133 190
133 192
133 193
133 194
133 197
133 198
134 5
134 8
134 9
134 19
134 40
134 54
134 58
134 64
134 79
134 90
134 94
134 95
134 99
134 101
134 102
134 103
134 131
134 135
134 138
134 139
134 141
134 142
134 145
134 146
134 147
134 148
134 149
134 150
134 151
134 152
134 154
134 155
134 159
134 160
134 162
134 164
134 166
134 167
134 169
134 170
134 171
134 172
134 173
134 175
134 177
134 179
134 180
134 182
134 184
134 187
134 189
134 193
134 194
134 195
134 197
134 198
134 199
138 1
138 5
138 9
138 23
138 34
138 35
138 40
138 48
138 51
138 56
138 58
138 64
138 67
138 70
138 75
138 91
138 95
138 99
138 103
138 106
138 119
138 135
138 139
138 141
138 145
138 146
138 147
138 148
138 150
138 151
138 153
138 154
138 155
138 156
138 157
138 159
138 160
138 161
138 162
138 163
138 164
138 165
138 167
138 169
138 170
138 171
138 172
138 173
138 175
138 176
138 177
138 178
138 179
138 180
138 181
138 182
138 184
138 187
138 189
138 190
138 193
138 194
138 195
138 196
138 197
138 198
138 199
139 5
139 9
139 12
139 19
139 27
139 34
139 35
139 40
139 51
139 52
139 56
139 58
139 64
139 67
139 81
139 82
139 101
139 103
139 106
139 113
139 114
139 119
139 135
139 137
139 141
139 142
139 145
139 147
139 148
139 150
139 151
139 154
139 155
139 157
139 158
139 159
139 160
139 161
139 162
139 163
139 164
139 165
139 167
139 169
139 170
139 171
139 172
139 173
139 175
139 177
139 178
139 180
139 184
139 186
139 187
139 189
139 190
139 191
139 196
139 197
139 198
139 199
141 1
141 9
141 19
141 40
141 46
141 48
141 50
141 51
141 56
141 58
141 64
141 79
141 91
141 94
141 99
141 102
141 106
141 131
141 135
141 137
141 140
141 145
141 146
141 147
141 148
141 149
141 150
141 151
141 153
141 154
141 155
141 156
141 159
141 160
141 162
141 164
141 165
141 166
141 167
141 169
141 170
141 171
141 172
141 174
141 175
141 176
141 177
141 180
141 184
141 187
141 189
141 190
141 191
141 195
141 197
141 198
143 1
143 5
143 8
143 12
143 19
143 23
143 24
143 27
143 34
143 35
143 46
143 48
143 50
143 51
143 52
143 54
143 56
143 64
143 67
143 70
143 75
143 79
143 81
143 82
143 90
143 91
143 94
143 95
143 99
143 101
143 102
143 103
143 106
143 113
143 114
143 119
143 131
143 136
143 137
143 140
143 142
143 144
143 145
143 146
143 148
143 149
143 151
143 152
143 153
143 156
143 157
143 158
143 161
143 162
143 163
143 165
143 166
143 173
143 174
143 176
143 177
143 178
143 179
143 181
143 182
143 183
143 184
143 185
143 186
143 188
143 189
143 190
143 191
143 192
143 193
143 195
143 196
143 197
143 198
143 199
145 8
145 9
145 19
145 24
145 27
145 35
145 40
145 52
145 54
145 58
145 64
145 79
145 90
145 91
145 94
145 99
145 103
145 106
145 135
145 136
145 137
145 140
145 144
145 147
145 150
145 151
145 152
145 154
145 155
145 156
145 159
145 160
145 161
145 162
145 163
145 164
145 166
145 167
145 169
145 171
145 172
145 173
145 175
145 176
145 177
145 178
145 179
145 180
145 182
145 183
145 184
145 187
145 189
145 190
145 193
145 194
145 196
145 197
145 198
147 1
147 9
147 12
147 23
147 24
147 35
147 40
147 46
147 50
147 51
147 52
147 54
147 58
147 64
147 67
147 91
147 94
147 99
147 102
147 106
147 114
147 149
147 150
147 151
147 153
147 154
147 155
147 158
147 159
147 160
147 162
147 163
147 164
147 167
147 169
147 170
147 171
147 172
147 174
147 179
147 180
147 181
147 182
147 183
147 184
147 186
147 187
147 189
147 190
147 192
147 194
147 196
147 198
147 199
150 1
150 5
150 9
150 12
150 23
150 24
150 27
150 34
150 35
150 40
150 50
150 54
150 58
150 64
150 75
150 91
150 99
150 101
150 106
150 113
150 119
150 135
150 136
150 144
150 148
150 151
150 154
150 155
150 157
150 158
150 159
150 160
150 161
150 162
150 164
150 167
150 168
150 169
150 170
150 172
150 174
150 175
150 177
150 179
150 180
150 182
150 184
150 186
150 187
150 189
150 190
150 192
150 193
150 196
150 197
150 198
151 1
151 8
151 9
151 23
151 40
151 46
151 48
151 52
151 56
151 58
151 64
151 67
151 81
151 82
151 91
151 103
151 119
151 135
151 137
151 140
151 149
151 153
151 154
151 156
151 158
151 159
151 160
151 162
151 164
151 166
151 167
151 169
151 170
151 171
151 172
151 174
151 175
151 177
151 178
151 179
151 180
151 182
151 187
151 188
151 189
151 190
151 191
151 195
151 196
151 197
151 198
152 1
152 5
152 8
152 9
152 12
152 19
152 23
152 24
152 27
152 34
152 35
152 46
152 48
152 51
152 52
152 54
152 56
152 58
152 64
152 67
152 70
152 75
152 79
152 82
152 91
152 94
152 95
152 99
152 101
152 102
152 103
152 106
152 113
152 114
152 119
152 131
152 135
152 136
152 137
152 140
152 142
152 144
152 146
152 148
152 149
152 153
152 156
152 157
152 158
152 159
152 161
152 163
152 165
152 166
152 168
152 172
152 174
152 176
152 177
152 178
152 179
152 181
152 182
152 183
152 185
152 186
152 187
152 188
152 190
152 191
152 192
152 193
152 194
152 195
152 196
152 197
152 198
152 199
154 5
154 9
154 12
154 19
154 23
154 24
154 27
154 34
154 35
154 40
154 46
154 48
154 50
154 54
154 58
154 64
154 67
154 79
154 82
154 90
154 95
154 99
154 131
154 142
154 146
154 149
154 155
154 156
154 157
154 158
154 159
154 161
154 162
154 164
154 166
154 167
154 169
154 170
154 171
154 172
154 173
154 175
154 177
154 178
154 179
154 180
154 181
154 184
154 186
154 188
154 189
154 190
154 191
154 193
154 197
154 198
155 5
155 8
155 9
155 27
155 40
155 50
155 54
155 58
155 64
155 75
155 82
155 94
155 95
155 99
155 102
155 106
155 114
155 119
155 135
155 142
155 144
155 146
155 148
155 153
155 156
155 159
155 160
155 161
155 162
155 164
155 166
155 167
155 169
155 170
155 171
155 172
155 173
155 175
155 176
155 177
155 178
155 179
155 180
155 182
155 183
155 185
155 187
155 188
155 189
155 190
155 191
155 192
155 193
155 195
155 196
155 197
155 198
155 199
157 1
157 5
157 8
157 12
157 19
157 23
157 24
157 27
157 34
157 35
157 46
157 48
157 50
157 51
157 52
157 54
157 64
157 67
157 70
157 75
157 79
157 81
157 82
157 90
157 91
157 95
157 99
157 101
157 102
157 103
157 106
157 113
157 114
157 119
157 131
157 135
157 136
157 137
157 140
157 142
157 144
157 146
157 148
157 149
157 153
157 156
157 158
157 159
157 160
157 162
157 163
157 165
157 166
157 168
157 169
157 171
157 172
157 173
157 174
157 176
157 178
157 179
157 180
157 181
157 182
157 183
157 184
157 186
157 191
157 192
157 193
157 194
157 195
157 196
157 199
158 1
158 5
158 8
158 12
158 19
158 23
158 24
158 27
158 34
158 35
158 46
158 48
158 50
158 51
158 52
158 54
158 56
158 58
158 67
158 70
158 75
158 79
158 81
158 82
158 90
158 91
158 94
158 95
158 99
158 102
158 103
158 106
158 113
158 114
158 131
158 135
158 136
158 137
158 140
158 142
158 144
158 146
158 148
158 149
158 153
158 159
158 160
158 161
158 162
158 163
158 164
158 165
158 166
158 167
158 168
158 170
158 173
158 174
158 175
158 176
158 177
158 178
158 179
158 181
158 182
158 183
158 184
158 185
158 187
158 188
158 191
158 192
158 193
158 194
158 195
158 196
158 197
158 198
158 199
160 1
160 8
160 9
160 19
160 40
160 46
160 48
160 56
160 58
160 64
160 67
160 70
160 79
160 90
160 95
160 99
160 101
160 103
160 114
160 119
160 135
160 136
160 137
160 140
160 144
160 149
160 153
160 156
160 159
160 162
160 164
160 165
160 167
160 168
160 169
160 170
160 171
160 172
160 174
160 175
160 177
160 178
160 180
160 184
160 185
160 186
160 189
160 190
160 191
160 195
160 197
160 198
161 1
161 5
161 8
161 12
161 19
161 23
161 24
161 27
161 34
161 35
161 46
161 48
161 50
161 51
161 52
161 54
161 67
161 70
161 75
161 79
161 81
161 82
161 90
161 91
161 95
161 99
161 101
161 102
161 103
161 106
161 113
161 114
161 119
161 131
161 135
161 136
161 137
161 140
161 142
161 144
161 146
161 148
161 149
161 153
161 156
161 159
161 163
161 164
161 165
161 166
161 167
161 168
161 169
161 173
161 174
161 176
161 177
161 178
161 179
161 181
161 182
161 183
161 184
161 186
161 189
161 191
161 192
161 193
161 194
161 195
161 196
161 198
161 199
162 1
162 9
162 23
162 24
162 35
162 40
162 46
162 48
162 54
162 56
162 58
162 64
162 82
162 91
162 95
162 103
162 106
162 119
162 135
162 137
162 140
162 142
162 144
162 149
162 156
162 159
162 163
162 164
162 167
162 168
162 169
162 170
162 171
162 172
162 174
162 175
162 177
162 179
162 180
162 184
162 187
162 189
162 190
162 191
162 193
162 195
162 196
162 197
164 1
164 5
164 8
164 9
164 12
164 23
164 27
164 34
164 40
164 46
164 51
164 52
164 58
164 64
164 67
164 70
164 75
164 79
164 81
164 90
164 91
164 95
164 101
164 106
164 113
164 136
164 137
164 140
164 142
164 144
164 153
164 156
164 159
164 163
164 167
164 168
164 170
164 171
164 172
164 173
164 174
164 175
164 176
164 177
164 180
164 184
164 185
164 187
164 188
164 189
164 190
164 191
164 193
164 197
164 198
166 1
166 5
166 8
166 12
166 23
166 24
166 27
166 34
166 35
166 46
166 48
166 50
166 51
166 52
166 54
166 56
166 67
166 70
166 75
166 79
166 81
166 82
166 90
166 91
166 94
166 95
166 99
166 101
166 102
166 103
166 106
166 113
166 114
166 119
166 131
166 135
166 136
166 140
166 142
166 144
166 146
166 148
166 149
166 153
166 156
166 165
166 168
166 169
166 170
166 172
166 173
166 174
166 176
166 177
166 179
166 180
166 181
166 183
166 185
166 186
166 188
166 189
166 191
166 192
166 193
166 194
166 195
166 196
166 198
166 199
167 8
167 9
167 19
167 24
167 34
167 35
167 40
167 48
167 50
167 51
167 54
167 56
167 58
167 64
167 67
167 70
167 75
167 79
167 81
167 99
167 102
167 103
167 106
167 114
167 119
167 137
167 140
167 142
167 159
167 169
167 170
167 171
167 173
167 175
167 176
167 177
167 178
167 180
167 181
167 183
167 184
167 187
167 190
167 192
167 193
167 194
167 195
167 197
167 198
167 199
169 5
169 8
169 9
169 12
169 19
169 23
169 24
169 27
169 35
169 40
169 48
169 51
169 52
169 54
169 58
169 64
169 70
169 75
169 79
169 82
169 94
169 103
169 136
169 137
169 140
169 146
169 159
169 163
169 170
169 171
169 172
169 175
169 176
169 177
169 178
169 179
169 180
169 181
169 182
169 183
169 184
169 187
169 189
169 190
169 191
169 192
169 193
169 195
169 196
169 197
169 198
170 1
170 8
170 9
170 19
170 23
170 35
170 40
170 46
170 48
170 50
170 54
170 56
170 58
170 64
170 75
170 90
170 99
170 102
170 135
170 136
170 137
170 140
170 146
170 148
170 149
170 156
170 159
170 168
170 171
170 172
170 174
170 175
170 177
170 178
170 179
170 180
170 181
170 183
170 184
170 187
170 188
170 189
170 190
170 193
170 194
170 195
170 196
170 197
170 198
171 1
171 8
171 9
171 12
171 40
171 46
171 48
171 54
171 56
171 58
171 64
171 75
171 90
171 99
171 135
171 137
171 140
171 146
171 149
171 156
171 159
171 163
171 172
171 174
171 175
171 176
171 177
171 179
171 180
171 184
171 185
171 187
171 189
171 190
171 191
171 195
171 196
171 197
171 198
172 8
172 9
172 23
172 24
172 35
172 40
172 50
172 52
172 54
172 56
172 58
172 64
172 67
172 75
172 79
172 81
172 82
172 91
172 94
172 95
172 102
172 103
172 114
172 119
172 131
172 136
172 144
172 153
172 159
172 168
172 175
172 177
172 178
172 179
172 180
172 181
172 184
172 187
172 188
172 190
172 191
172 192
172 196
172 197
172 198
173 1
173 5
173 8
173 9
173 12
173 19
173 23
173 24
173 27
173 34
173 35
173 40
173 46
173 48
173 51
173 52
173 54
173 56
173 58
173 64
173 67
173 70
173 75
173 79
173 82
173 91
173 94
173 95
173 99
173 101
173 102
173 103
173 106
173 113
173 114
173 119
173 131
173 135
173 136
173 137
173 140
173 142
173 144
173 146
173 148
173 149
173 153
173 156
173 163
173 165
173 168
173 174
173 176
173 177
173 178
173 179
173 181
173 182
173 183
173 185
173 186
173 187
173 188
173 191
173 192
173 193
173 194
173 195
173 196
173 198
173 199
175 1
175 9
175 12
175 23
175 24
175 35
175 40
175 46
175 48
175 50
175 51
175 56
175 58
175 64
175 90
175 91
175 95
175 113
175 114
175 119
175 135
175 136
175 137
175 140
175 149
175 153
175 156
175 159
175 168
175 174
175 176
175 180
175 181
175 183
175 184
175 187
175 189
175 190
175 195
175 198
176 1
176 8
176 12
176 19
176 23
176 24
176 27
176 34
176 35
176 40
176 46
176 48
176 50
176 51
176 52
176 56
176 64
176 67
176 70
176 75
176 79
176 81
176 90
176 91
176 94
176 95
176 99
176 101
176 102
176 103
176 106
176 113
176 114
176 119
176 131
176 135
176 136
176 137
176 140
176 142
176 144
176 146
176 148
176 149
176 153
176 156
176 163
176 165
176 168
176 174
176 177
176 178
176 179
176 180
176 181
176 182
176 183
176 184
176 185
176 186
176 188
176 191
176 192
176 193
176 194
176 195
176 196
176 197
176 198
176 199
177 1
177 5
177 8
177 9
177 23
177 24
177 27
177 34
177 40
177 48
177 50
177 54
177 58
177 64
177 91
177 94
177 101
177 106
177 113
177 114
177 131
177 136
177 137
177 140
177 146
177 153
177 159
177 163
177 179
177 180
177 182
177 183
177 184
177 186
177 187
177 189
177 190
177 192
177 193
177 198
178 1
178 5
178 8
178 12
178 23
178 24
178 27
178 34
178 35
178 46
178 48
178 50
178 51
178 52
178 54
178 56
178 58
178 64
178 67
178 70
178 75
178 79
178 81
178 82
178 90
178 91
178 94
178 95
178 99
178 101
178 102
178 103
178 106
178 113
178 114
178 119
178 131
178 135
178 136
178 140
178 142
178 144
178 146
178 148
178 149
178 153
178 156
178 165
178 168
178 174
178 179
178 180
178 181
178 183
178 185
178 186
178 188
178 189
178 190
178 191
178 192
178 193
178 194
178 195
178 196
178 198
178 199
182 1
182 5
182 8
182 12
182 23
182 24
182 27
182 34
182 35
182 46
182 48
182 50
182 51
182 52
182 54
182 56
182 58
182 64
182 67
182 70
182 75
182 79
182 81
182 82
182 90
182 91
182 94
182 95
182 99
182 101
182 102
182 103
182 106
182 113
182 114
182 119
182 131
182 135
182 136
182 140
182 142
182 144
182 146
182 148
182 149
182 153
182 156
182 165
182 168
182 174
182 179
182 181
182 183
182 185
182 186
182 187
182 188
182 189
182 190
182 191
182 192
182 193
182 194
182 195
182 196
182 199
184 9
184 19
184 23
184 34
184 35
184 40
184 50
184 52
184 54
184 58
184 64
184 67
184 70
184 82
184 95
184 101
184 102
184 103
184 106
184 119
184 131
184 136
184 140
184 156
184 159
184 165
184 180
184 181
184 186
184 187
184 189
184 190
184 191
184 192
184 193
184 196
184 197
184 198
184 199
185 1
185 5
185 8
185 12
185 19
185 23
185 24
185 27
185 34
185 35
185 46
185 48
185 50
185 51
185 52
185 54
185 58
185 64
185 67
185 70
185 75
185 79
185 81
185 82
185 90
185 91
185 95
185 99
185 101
185 102
185 103
185 106
185 113
185 114
185 119
185 131
185 135
185 136
185 137
185 140
185 142
185 144
185 146
185 148
185 149
185 153
185 156
185 163
185 165
185 168
185 174
185 179
185 181
185 183
185 186
185 187
185 189
185 191
185 192
185 193
185 194
185 195
185 196
185 199
186 1
186 5
186 8
186 12
186 19
186 23
186 24
186 27
186 34
186 35
186 46
186 48
186 50
186 51
186 52
186 54
186 56
186 67
186 70
186 75
186 79
186 81
186 82
186 90
186 91
186 94
186 95
186 99
186 102
186 103
186 106
186 113
186 114
186 131
186 135
186 136
186 137
186 140
186 142
186 144
186 146
186 148
186 149
186 153
186 159
186 163
186 165
186 168
186 174
186 179
186 181
186 183
186 188
186 189
186 191
186 192
186 193
186 194
186 195
186 196
186 198
186 199
187 5
187 9
187 12
187 23
187 27
187 40
187 50
187 51
187 54
187 58
187 64
187 79
187 82
187 90
187 91
187 103
187 119
187 136
187 142
187 144
187 146
187 153
187 156
187 159
187 168
187 179
187 180
187 181
187 188
187 189
187 190
187 191
187 194
187 196
187 197
187 198
189 5
189 8
189 9
189 12
189 23
189 24
189 27
189 35
189 40
189 46
189 48
189 58
189 64
189 67
189 70
189 82
189 99
189 101
189 102
189 113
189 114
189 119
189 135
189 136
189 137
189 140
189 146
189 148
189 149
189 159
189 163
189 174
189 179
189 180
189 181
189 190
189 192
189 193
189 196
189 197
189 198
190 9
190 27
190 35
190 40
190 50
190 51
190 58
190 64
190 67
190 81
190 94
190 95
190 101
190 103
190 113
190 114
190 135
190 136
190 142
190 146
190 149
190 153
190 159
190 163
190 168
190 180
190 181
190 191
190 192
190 193
190 194
190 195
190 196
190 197
190 198
190 199
193 1
193 5
193 8
193 12
193 19
193 23
193 24
193 27
193 34
193 35
193 46
193 48
193 50
193 51
193 54
193 56
193 58
193 75
193 79
193 81
193 82
193 90
193 91
193 94
193 95
193 99
193 101
193 102
193 103
193 106
193 113
193 114
193 119
193 131
193 135
193 136
193 137
193 140
193 142
193 144
193 146
193 148
193 149
193 153
193 156
193 159
193 163
193 165
193 168
193 174
193 179
193 181
193 183
193 188
193 192
193 194
193 195
193 196
193 197
193 199
196 1
196 5
196 12
196 19
196 23
196 27
196 34
196 35
196 40
196 46
196 48
196 50
196 51
196 52
196 54
196 56
196 67
196 70
196 75
196 79
196 81
196 82
196 90
196 94
196 99
196 101
196 102
196 103
196 113
196 114
196 119
196 131
196 135
196 136
196 137
196 140
196 142
196 144
196 146
196 148
196 149
196 153
196 156
196 159
196 163
196 165
196 168
196 179
196 180
196 181
196 183
196 188
196 191
196 192
196 194
196 195
196 197
196 198
196 199
197 5
197 9
197 12
197 19
197 24
197 27
197 34
197 40
197 48
197 54
197 58
197 64
197 67
197 79
197 81
197 91
197 101
197 103
197 113
197 114
197 131
197 136
197 144
197 153
197 159
197 163
197 165
197 168
197 180
197 183
197 188
197 191
197 195
197 198
198 1
198 5
198 9
198 23
198 35
198 40
198 50
198 51
198 58
198 64
198 75
198 91
198 94
198 101
198 102
198 113
198 114
198 119
198 131
198 135
198 136
198 142
198 144
198 148
198 153
198 156
198 159
198 163
198 168
198 174
198 180
198 192
198 194
1 5
1 8
1 12
1 19
1 23
1 24
1 27
1 34
1 35
1 46
1 48
1 50
1 51
1 52
1 54
1 56
1 58
1 67
1 70
1 75
1 79
1 81
1 82
1 90
1 91
1 94
1 95
1 99
1 101
1 103
1 106
1 113
1 114
1 119
1 131
1 135
1 136
1 137
1 140
1 142
1 144
1 146
1 148
1 149
1 153
1 156
1 159
1 163
1 165
1 168
1 174
1 179
1 181
1 188
1 191
1 194
1 195
1 199
5 8
5 12
5 19
5 23
5 24
5 27
5 34
5 35
5 46
5 48
5 50
5 51
5 52
5 56
5 64
5 67
5 70
5 75
5 79
5 81
5 90
5 91
5 94
5 95
5 99
5 101
5 102
5 103
5 106
5 113
5 114
5 119
5 131
5 135
5 136
5 137
5 140
5 142
5 144
5 146
5 148
5 149
5 153
5 156
5 163
5 165
5 168
5 174
5 179
5 181
5 183
5 188
5 191
5 192
5 194
5 195
5 199
8 12
8 19
8 23
8 27
8 34
8 35
8 46
8 48
8 50
8 51
8 52
8 54
8 56
8 58
8 64
8 67
8 70
8 75
8 79
8 81
8 82
8 90
8 94
8 99
8 101
8 102
8 103
8 113
8 114
8 119
8 131
8 135
8 136
8 137
8 140
8 142
8 144
8 146
8 148
8 149
8 153
8 156
8 163
8 165
8 168
8 179
8 181
8 183
8 188
8 191
8 192
8 194
8 195
8 199
12 19
12 23
12 24
12 27
12 34
12 35
12 40
12 46
12 48
12 50
12 51
12 52
12 54
12 56
12 58
12 67
12 70
12 75
12 81
12 82
12 90
12 91
12 94
12 95
12 99
12 101
12 102
12 103
12 106
12 113
12 114
12 119
12 131
12 135
12 137
12 140
12 142
12 144
12 146
12 148
12 153
12 156
12 159
12 163
12 165
12 168
12 174
12 179
12 181
12 183
12 188
12 191
12 192
12 194
12 195
12 199
19 23
19 24
19 27
19 34
19 35
19 40
19 46
19 48
19 50
19 51
19 52
19 54
19 56
19 64
19 67
19 70
19 75
19 79
19 81
19 82
19 90
19 91
19 94
19 95
19 99
19 101
19 102
19 103
19 106
19 113
19 114
19 119
19 131
19 135
19 136
19 140
19 142
19 144
19 146
19 148
19 149
19 153
19 156
19 165
19 168
19 174
19 179
19 181
19 183
19 188
19 191
19 192
19 194
19 195
19 199
23 24
23 27
23 35
23 46
23 48
23 50
23 51
23 52
23 54
23 56
23 58
23 64
23 67
23 70
23 79
23 81
23 82
23 90
23 91
23 94
23 95
23 99
23 101
23 102
23 103
23 106
23 113
23 114
23 119
23 131
23 135
23 136
23 137
23 140
23 142
23 144
23 146
23 148
23 149
23 156
23 163
23 165
23 168
23 174
23 179
23 181
23 183
23 188
23 191
23 192
23 194
23 199
24 27
24 34
24 35
24 46
24 48
24 50
24 51
24 52
24 54
24 56
24 64
24 67
24 70
24 75
24 79
24 81
24 82
24 90
24 94
24 99
24 101
24 102
24 103
24 113
24 114
24 119
24 131
24 135
24 136
24 137
24 140
24 142
24 144
24 146
24 148
24 149
24 153
24 156
24 163
24 165
24 168
24 179
24 180
24 181
24 183
24 188
24 191
24 192
24 194
24 195
24 199
27 9
27 34
27 35
27 40
27 46
27 48
27 50
27 52
27 54
27 56
27 64
27 67
27 70
27 75
27 79
27 81
27 82
27 90
27 91
27 94
27 95
27 99
27 101
27 102
27 103
27 106
27 113
27 114
27 119
27 131
27 135
27 136
27 137
27 142
27 144
27 149
27 153
27 156
27 163
27 165
27 168
27 174
27 179
27 180
27 183
27 188
27 191
27 192
27 194
27 195
27 199
34 35
34 46
34 48
34 50
34 51
34 52
34 54
34 56
34 58
34 67
34 70
34 79
34 81
34 82
34 90
34 91
34 94
34 95
34 99
34 101
34 102
34 103
34 106
34 113
34 114
34 119
34 131
34 135
34 136
34 137
34 140
34 142
34 144
34 146
34 148
34 149
34 156
34 163
34 165
34 168
34 174
34 179
34 180
34 181
34 183
34 188
34 191
34 192
34 194
34 199
35 46
35 50
35 51
35 52
35 54
35 56
35 67
35 70
35 75
35 79
35 81
35 82
35 90
35 91
35 94
35 95
35 101
35 102
35 103
35 106
35 114
35 119
35 131
35 135
35 136
35 137
35 140
35 142
35 144
35 146
35 148
35 149
35 153
35 156
35 159
35 163
35 168
35 174
35 179
35 180
35 181
35 183
35 188
35 191
35 192
35 194
35 195
35 199
46 48
46 50
46 51
46 52
46 54
46 56
46 67
46 70
46 75
46 79
46 81
46 82
46 90
46 91
46 94
46 95
46 99
46 101
46 102
46 103
46 106
46 113
46 114
46 119
46 135
46 136
46 137
46 140
46 142
46 146
46 148
46 149
46 153
46 156
46 159
46 163
46 165
46 168
46 174
46 181
46 183
46 188
46 191
46 192
46 194
46 195
46 199
48 50
48 51
48 52
48 54
48 56
48 64
48 67
48 70
48 75
48 79
48 81
48 82
48 90
48 91
48 94
48 95
48 101
48 102
48 103
48 106
48 114
48 119
48 131
48 135
48 136
48 137
48 140
48 142
48 144
48 146
48 148
48 149
48 153
48 156
48 159
48 163
48 168
48 174
48 179
48 181
48 183
48 188
48 191
48 192
48 194
48 195
48 199
50 51
50 52
50 54
50 56
50 58
50 67
50 70
50 75
50 79
50 82
50 91
50 94
50 95
50 99
50 101
50 102
50 103
50 106
50 113
50 114
50 119
50 131
50 135
50 136
50 137
50 140
50 142
50 144
50 146
50 148
50 149
50 153
50 156
50 159
50 163
50 165
50 168
50 174
50 179
50 180
50 181
50 183
50 188
50 191
50 192
50 194
50 195
50 199
51 52
51 54
51 56
51 67
51 70
51 75
51 79
51 81
51 82
51 90
51 91
51 94
51 95
51 99
51 101
51 102
51 103
51 106
51 113
51 114
51 119
51 131
51 135
51 136
51 137
51 142
51 144
51 149
51 153
51 156
51 163
51 165
51 168
51 174
51 179
51 183
51 188
51 191
51 192
51 194
51 195
51 199
52 9
52 54
52 56
52 58
52 75
52 79
52 81
52 82
52 90
52 91
52 94
52 95
52 99
52 101
52 102
52 103
52 106
52 113
52 114
52 119
52 131
52 135
52 136
52 137
52 140
52 142
52 144
52 146
52 148
52 149
52 153
52 156
52 159
52 163
52 165
52 168
52 174
52 179
52 181
52 183
52 188
52 192
52 194
52 195
52 199
54 56
54 64
54 67
54 70
54 75
54 79
54 81
54 90
54 91
54 94
54 95
54 99
54 101
54 102
54 103
54 106
54 113
54 114
54 119
54 131
54 135
54 136
54 137
54 140
54 142
54 144
54 146
54 148
54 149
54 153
54 156
54 163
54 165
54 168
54 174
54 179
54 180
54 181
54 183
54 188
54 191
54 192
54 194
54 195
54 199
56 9
56 40
56 67
56 70
56 75
56 79
56 81
56 82
56 90
56 91
56 95
56 99
56 101
56 102
56 103
56 106
56 113
56 114
56 119
56 131
56 135
56 136
56 137
56 140
56 142
56 144
56 146
56 148
56 149
56 153
56 156
56 159
56 163
56 165
56 168
56 174
56 179
56 181
56 183
56 191
56 192
56 194
56 195
56 199
58 70
58 81
58 102
58 103
58 106
58 113
58 114
58 137
58 140
58 163
58 168
58 179
58 181
58 188
58 191
58 192
67 40
67 64
67 75
67 79
67 81
67 82
67 90
67 91
67 94
67 95
67 99
67 101
67 102
67 103
67 106
67 113
67 114
67 119
67 131
67 135
67 136
67 137
67 140
67 142
67 144
67 146
67 148
67 149
67 153
67 156
67 163
67 165
67 168
67 174
67 179
67 180
67 181
67 183
67 188
67 192
67 194
67 195
67 199
70 40
70 64
70 75
70 79
70 81
70 82
70 90
70 91
70 94
70 95
70 99
70 101
70 102
70 103
70 106
70 113
70 114
70 119
70 131
70 135
70 136
70 137
70 140
70 142
70 144
70 146
70 148
70 149
70 153
70 156
70 163
70 165
70 168
70 174
70 179
70 180
70 181
70 183
70 188
70 192
70 194
70 195
70 199
75 9
75 40
75 79
75 81
75 82
75 90
75 91
75 94
75 95
75 99
75 101
75 102
75 103
75 106
75 113
75 114
75 119
75 131
75 135
75 136
75 137
75 140
75 142
75 144
75 146
75 148
75 149
75 156
75 159
75 163
75 165
75 168
75 174
75 179
75 181
75 183
75 188
75 191
75 192
75 194
75 199
79 40
79 81
79 82
79 90
79 91
79 94
79 95
79 99
79 101
79 102
79 103
79 106
79 113
79 114
79 119
79 131
79 135
79 137
79 140
79 142
79 144
79 146
79 148
79 153
79 156
79 163
79 165
79 168
79 174
79 179
79 181
79 183
79 188
79 191
79 192
79 194
79 195
79 199
81 40
81 64
81 82
81 91
81 94
81 95
81 99
81 101
81 102
81 103
81 106
81 113
81 114
81 119
81 131
81 135
81 136
81 137
81 140
81 142
81 144
81 146
81 148
81 149
81 153
81 156
81 163
81 165
81 168
81 174
81 179
81 181
81 183
81 188
81 191
81 192
81 194
81 195
81 199
82 64
82 90
82 91
82 94
82 95
82 99
82 101
82 102
82 103
82 106
82 113
82 114
82 119
82 131
82 135
82 136
82 137
82 140
82 142
82 144
82 146
82 148
82 149
82 153
82 156
82 163
82 165
82 168
82 174
82 179
82 181
82 183
82 188
82 191
82 192
82 194
82 195
82 199
90 9
90 40
90 91
90 94
90 95
90 99
90 101
90 102
90 103
90 106
90 113
90 114
90 119
90 131
90 135
90 136
90 137
90 140
90 142
90 144
90 146
90 148
90 149
90 153
90 156
90 163
90 165
90 168
90 174
90 179
90 180
90 181
90 183
90 188
90 191
90 192
90 194
90 195
90 199
91 64
91 94
91 99
91 101
91 102
91 103
91 113
91 114
91 119
91 131
91 135
91 136
91 137
91 140
91 142
91 144
91 146
91 148
91 149
91 153
91 156
91 159
91 163
91 165
91 168
91 179
91 180
91 181
91 183
91 188
91 191
91 192
91 194
91 195
91 199
94 40
94 95
94 99
94 101
94 102
94 103
94 106
94 113
94 114
94 119
94 131
94 135
94 136
94 137
94 140
94 142
94 144
94 146
94 148
94 149
94 153
94 156
94 159
94 163
94 165
94 168
94 174
94 179
94 181
94 183
94 191
94 192
94 194
94 195
94 199
95 40
95 99
95 101
95 102
95 103
95 113
95 114
95 119
95 131
95 135
95 136
95 137
95 140
95 142
95 144
95 146
95 148
95 149
95 153
95 156
95 159
95 163
95 165
95 168
95 179
95 180
95 181
95 183
95 188
95 191
95 192
95 194
95 195
95 199
99 40
99 64
99 101
99 102
99 103
99 106
99 114
99 119
99 131
99 135
99 136
99 137
99 140
99 142
99 144
99 146
99 148
99 149
99 153
99 156
99 163
99 168
99 174
99 179
99 180
99 181
99 183
99 188
99 191
99 192
99 194
99 195
99 199
101 40
101 102
101 103
101 106
101 113
101 114
101 131
101 135
101 136
101 137
101 140
101 142
101 144
101 146
101 148
101 149
101 153
101 159
101 163
101 165
101 168
101 174
101 179
101 180
101 181
101 183
101 188
101 191
101 192
101 194
101 195
101 199
103 9
103 40
103 64
103 102
103 106
103 113
103 119
103 131
103 135
103 136
103 137
103 140
103 144
103 146
103 148
103 149
103 153
103 156
103 163
103 165
103 168
103 174
103 179
103 180
103 181
103 183
103 188
103 191
103 192
103 194
103 195
106 9
106 102
106 113
106 114
106 119
106 131
106 135
106 136
106 137
106 140
106 142
106 144
106 146
106 148
106 149
106 153
106 156
106 163
106 165
106 168
106 179
106 181
106 183
106 188
106 191
106 192
106 194
106 195
106 199
113 102
113 114
113 119
113 131
113 135
113 136
113 137
113 140
113 142
113 144
113 146
113 148
113 149
113 153
113 156
113 163
113 168
113 174
113 179
113 181
113 183
113 188
113 191
113 192
113 194
113 195
113 199
114 40
114 102
114 119
114 131
114 135
114 136
114 137
114 140
114 144
114 146
114 148
114 149
114 153
114 156
114 163
114 165
114 168
114 174
114 179
114 181
114 183
114 188
114 191
114 192
114 194
114 195
119 40
119 102
119 131
119 135
119 136
119 137
119 140
119 142
119 144
119 146
119 148
119 149
119 153
119 163
119 165
119 168
119 174
119 179
119 180
119 181
119 183
119 188
119 191
119 192
119 194
119 195
119 199
131 40
131 64
131 102
131 135
131 136
131 137
131 140
131 142
131 146
131 148
131 149
131 153
131 156
131 163
131 165
131 168
131 174
131 181
131 183
131 188
131 191
131 192
131 194
131 195
131 199
135 102
135 136
135 137
135 140
135 142
135 144
135 146
135 148
135 149
135 153
135 156
135 159
135 163
135 165
135 174
135 179
135 180
135 181
135 183
135 188
135 191
135 192
135 195
135 199
136 102
136 137
136 140
136 142
136 144
136 146
136 148
136 153
136 156
136 163
136 165
136 168
136 174
136 179
136 181
136 183
136 188
136 191
136 192
136 194
136 195
136 199
137 102
137 140
137 142
137 144
137 146
137 148
137 149
137 153
137 156
137 159
137 165
137 168
137 174
137 179
137 181
137 183
137 188
137 191
137 192
137 194
137 195
137 199
140 9
140 102
140 142
140 144
140 149
140 153
140 156
140 159
140 163
140 165
140 168
140 174
140 179
140 183
140 188
140 191
140 192
140 194
140 195
140 199
142 9
142 40
142 64
142 102
142 144
142 146
142 148
142 149
142 153
142 156
142 163
142 165
142 168
142 174
142 179
142 180
142 181
142 183
142 188
142 191
142 192
142 194
142 195
144 102
144 146
144 148
144 149
144 153
144 156
144 163
144 165
144 168
144 174
144 180
144 181
144 183
144 188
144 191
144 192
144 194
144 195
144 199
146 9
146 40
146 102
146 149
146 153
146 156
146 163
146 165
146 168
146 174
146 179
146 183
146 188
146 191
146 192
146 194
146 195
146 199
148 64
148 102
148 149
148 153
148 156
148 163
148 165
148 168
148 174
148 179
148 180
148 183
148 188
148 191
148 192
148 194
148 195
148 199
149 40
149 64
149 102
149 153
149 156
149 159
149 163
149 165
149 168
149 174
149 179
149 181
149 183
149 188
149 191
149 192
149 194
149 195
149 199
153 40
153 64
153 102
153 156
153 159
153 163
153 165
153 168
153 174
153 179
153 180
153 181
153 183
153 188
153 191
153 192
153 194
153 199
156 64
156 102
156 159
156 163
156 165
156 168
156 174
156 179
156 180
156 181
156 183
156 188
156 191
156 192
156 194
156 195
156 199
159 168
159 174
159 179
159 188
159 194
159 195
163 9
163 40
163 102
163 165
163 168
163 174
163 179
163 181
163 183
163 188
163 191
163 192
163 194
163 195
163 199
165 9
165 64
165 102
165 168
165 174
165 179
165 181
165 183
165 188
165 191
165 192
165 194
165 195
165 199
168 9
168 64
168 102
168 174
168 179
168 180
168 181
168 183
168 188
168 191
168 192
168 195
168 199
174 64
174 102
174 179
174 180
174 181
174 183
174 188
174 191
174 192
174 194
174 195
174 199
179 9
179 102
179 180
179 181
179 183
179 188
179 191
179 192
179 194
179 195
179 199
181 40
181 64
181 102
181 183
181 188
181 191
181 192
181 194
181 195
181 199
188 9
188 102
188 183
188 191
188 192
188 194
188 195
188 199
191 9
191 102
191 183
191 192
191 194
191 195
191 199
194 40
194 64
194 102
194 183
194 192
194 195
194 199
195 40
195 102
195 183
195 192
195 199
199 9
199 40
199 102
199 183
199 192
9 102
40 192
64 102
64 192
180 102
180 192
