2200 3300
1323 1671
1323 963
1323 1868
1671 94
1671 1168
1905 1910
1905 2189
1905 827
1910 1532
1910 918
905 1832
905 1395
905 1610
1832 1740
1832 692
818 1913
818 1134
818 1432
1913 1787
1913 54
1076 1305
1076 1583
1076 1169
1305 2023
1305 813
327 772
327 1338
327 644
772 1647
772 1230
710 1593
710 1719
710 1048
1593 1801
1593 181
1405 2118
1405 1473
1405 1596
2118 1094
2118 1867
380 784
380 556
380 926
784 764
784 1052
479 906
479 43
479 970
906 2078
906 1287
60 1331
60 883
60 1100
1331 293
1331 361
1645 2136
1645 2074
1645 894
2136 970
2136 1278
887 1109
887 2076
887 1515
1109 832
1109 203
329 2130
329 746
329 1743
2130 959
2130 1639
102 690
102 779
102 2127
690 2050
690 481
317 615
317 343
317 286
615 1232
615 1032
180 2187
180 1365
180 1017
2187 1052
2187 507
548 1005
548 1681
548 451
1005 194
1005 571
69 2090
69 494
69 1424
2090 2141
2090 2110
21 64
21 144
21 1623
64 95
64 2148
292 1839
292 17
292 204
1839 604
1839 1136
731 2146
731 1762
731 857
2146 1540
2146 163
570 1963
570 1046
570 473
1963 1166
1963 1824
980 1947
980 2017
980 1585
1947 124
1947 1550
77 602
77 1161
77 431
602 1847
602 238
616 1176
616 1479
616 667
1176 1586
1176 145
754 1784
754 1261
754 1893
1784 631
1784 189
1196 1571
1196 1544
1196 585
1571 1646
1571 805
1831 1853
1831 1477
1831 55
1853 1422
1853 750
18 812
18 802
18 1279
812 1364
812 1837
829 1140
829 975
829 112
1140 1279
1140 1392
540 1266
540 1504
540 836
1266 1982
1266 738
68 1307
68 35
68 1656
1307 782
1307 2143
152 1715
152 396
152 98
1715 589
1715 2133
390 949
390 2165
390 1473
949 1797
949 74
861 863
861 2071
861 341
863 967
863 1874
1251 1772
1251 1570
1251 763
1772 331
1772 2119
257 1737
257 1182
257 305
1737 344
1737 1730
1069 1652
1069 171
1069 1063
1652 2198
1652 1877
351 469
351 501
351 1163
469 1397
469 511
6 843
6 186
6 1194
843 342
843 56
61 1533
61 1726
61 2107
1533 433
1533 1951
716 1793
716 1649
716 37
1793 1443
1793 1158
707 1973
707 254
707 249
1973 1643
1973 2051
1479 1815
1479 137
1815 1324
1815 121
1478 1707
1478 584
1478 1532
1707 2010
1707 618
677 2067
677 303
677 314
2067 1662
2067 1760
1151 1312
1151 1009
1151 1444
1312 895
1312 1175
1649 294
1649 764
1270 2172
1270 1050
1270 600
2172 1486
2172 413
1708 1760
1708 79
1708 1720
1760 1180
1257 1824
1257 1296
1257 125
1824 216
1972 2178
1972 668
1972 417
2178 1439
2178 357
1523 2123
1523 798
1523 434
2123 1161
2123 1185
158 1358
158 65
158 1031
1358 105
1358 1562
1425 1551
1425 1952
1425 514
1551 2065
1551 92
5 96
5 869
5 121
96 515
96 1130
516 1969
516 1012
516 1277
1969 1491
1969 750
875 1413
875 520
875 618
1413 1320
1413 1865
635 1926
635 576
635 1508
1926 1356
1926 1633
686 1068
686 289
686 2135
1068 1702
1068 1264
572 1232
572 1104
572 1590
1232 332
79 1829
79 2081
1369 2150
1369 1745
1369 452
2150 1641
2150 630
878 1912
878 122
878 1884
1912 689
1912 323
609 2053
609 537
609 2189
2053 614
2053 2015
823 2162
823 1816
823 2133
2162 1528
2162 1657
455 912
455 1941
455 465
912 1958
912 362
1244 1252
1244 1643
1244 471
1252 320
1252 1183
1655 1869
1655 800
1655 1589
1869 1563
1869 1875
2044 2059
2044 588
2044 1237
2059 432
2059 860
587 1885
587 1619
587 493
1885 2180
1885 227
769 1633
769 2054
769 1366
1633 17
1023 1778
1023 151
1023 730
1778 1549
1778 1132
29 1743
29 1615
29 606
1743 1178
346 367
346 916
346 1768
367 517
367 431
999 2058
999 1810
999 1067
2058 1190
2058 888
776 2166
776 1837
776 1036
2166 1705
2166 831
804 2148
804 168
804 2099
2148 1311
297 740
297 1779
297 398
740 8
740 1329
658 862
658 2199
658 485
862 637
862 1954
1095 1537
1095 528
1095 1587
1537 222
1537 1414
133 897
133 2126
133 2138
897 415
897 755
1417 1817
1417 1298
1417 1604
1817 267
1817 1271
1646 1867
1646 893
1829 596
1829 2144
1656 1690
1656 1055
1690 1120
1690 1112
1011 1660
1011 50
1011 1303
1660 482
1660 1618
714 1028
714 569
714 1927
1028 1131
1028 813
814 1640
814 253
814 2046
1640 2056
1640 1792
208 927
208 1107
208 1517
927 1097
927 2164
396 2030
396 1749
2030 4
2030 1742
247 1184
247 233
247 397
1184 1038
1184 2080
1342 1759
1342 1509
1342 1887
1759 86
1759 129
830 1239
830 822
830 2075
1239 1758
1239 1803
1622 1813
1622 316
1622 1922
1813 107
1813 273
1077 1870
1077 1617
1077 1903
1870 2152
1870 522
800 1970
800 1057
1970 318
1970 192
343 2140
343 1513
2140 1416
2140 697
498 994
498 1044
498 1020
994 2083
994 2042
538 838
538 2013
538 1673
838 1194
838 1529
334 2091
334 80
334 1067
2091 627
2091 1950
689 2139
689 1228
2139 259
2139 867
802 1116
802 1260
508 2127
508 806
508 387
2127 1222
1049 1133
1049 1927
1049 1802
1133 666
1133 1827
1093 1734
1093 1282
1093 1346
1734 924
1734 2087
558 2064
558 319
558 223
2064 1221
2064 712
1712 2008
1712 1699
1712 520
2008 1878
2008 1627
995 1836
995 1399
995 1091
1836 1624
1836 828
1352 1436
1352 1632
1352 1282
1436 423
1436 1472
638 781
638 183
638 2153
781 807
781 741
1837 1859
1859 610
1859 277
154 668
154 2054
154 2141
668 1302
1669 1866
1669 1418
1669 1065
1866 1148
1866 1549
1942 2061
1942 902
1942 1309
2061 680
2061 1403
1467 1651
1467 2102
1467 1223
1651 641
1651 925
279 290
279 561
279 2084
290 1895
290 358
1849 2098
1849 235
1849 1288
2098 646
2098 66
1328 1609
1328 894
1328 824
1609 1480
1609 992
796 1977
796 97
796 828
1977 621
1977 1802
632 1231
632 221
632 1260
1231 869
1231 924
147 399
147 1113
147 465
399 197
399 799
438 2040
438 1587
438 2132
2040 2
2040 410
244 1909
244 160
244 2021
1909 886
1909 720
1488 1710
1488 217
1488 288
1710 1938
1710 1757
194 118
194 491
629 933
629 1463
629 1351
933 789
933 1448
871 2007
871 195
871 1419
2007 1111
2007 1552
504 1576
504 2085
504 931
1576 2152
1576 2033
361 1002
361 649
1002 1127
1002 1100
1073 1733
1073 1838
1073 1919
1733 1163
1733 1962
642 1546
642 809
642 537
1546 278
1546 141
236 1761
236 1960
236 1449
1761 594
1761 1873
1134 1504
1134 136
610 1979
610 19
1187 1983
1187 368
1187 1212
1983 483
1983 530
671 1838
671 1921
671 53
1838 1186
762 1053
762 1082
762 182
1053 1238
1053 563
386 2114
386 975
386 557
2114 913
2114 492
181 662
181 1443
662 1893
662 451
608 1898
608 1236
608 262
1898 1996
1898 2147
956 1858
956 1691
956 919
1858 179
1858 780
145 1908
145 121
1908 34
1908 1072
1463 981
1463 1763
554 1698
554 228
554 160
1698 345
1698 1806
1674 1729
1674 476
1674 404
1729 1494
1729 1718
499 1991
499 2192
499 88
1991 432
1991 2047
1204 1434
1204 323
1204 1500
1434 272
1434 533
734 1256
734 2175
734 643
1256 197
1256 1578
1486 2042
1486 872
929 1989
929 1396
929 1689
1989 382
1989 311
1532 1254
1081 1220
1081 1711
1081 1208
1220 409
1220 924
1238 851
1238 767
640 803
640 464
640 788
803 685
803 1373
1276 1804
1276 1785
1276 1636
1804 1319
1804 1584
216 1631
216 1025
164 1368
164 755
164 426
1368 1460
1368 1466
66 833
66 1613
833 795
833 136
509 1668
509 592
509 650
1668 1949
1668 2039
1201 1401
1201 436
1201 287
1401 148
1401 1223
1057 978
1057 1685
49 1274
49 1298
49 2096
1274 1855
1274 1946
820 1794
820 1730
820 1165
1794 350
1794 1958
10 2105
10 310
10 385
2105 253
2105 2108
1202 1487
1202 336
1202 1603
1487 1728
1487 198
270 2181
270 755
270 134
2181 2006
2181 473
148 103
148 1997
341 484
341 1648
484 383
484 1725
124 1407
124 1599
446 1998
446 457
446 383
1998 2014
1998 1986
1691 1816
1691 951
514 1724
514 388
1724 1435
1724 1351
842 1589
842 1811
842 1141
1589 702
1197 1408
1197 517
1197 559
1408 1554
1408 1301
250 1385
250 794
250 1474
1385 315
1385 1801
138 835
138 1795
138 774
835 1014
835 1968
1107 1371
1107 276
1371 226
1371 834
54 1101
54 84
1101 1348
1101 1339
366 1745
366 1416
366 1311
1745 112
1705 2043
1705 1110
2043 574
2043 436
791 985
791 2144
791 296
985 2185
985 491
1050 1474
1050 1330
1474 364
503 1979
503 990
503 646
1979 169
1334 1907
1334 1982
1334 1683
1907 1608
1907 24
246 1945
246 1750
246 203
1945 2022
1945 1807
318 778
318 1996
1647 1958
1647 2076
845 2124
845 207
845 401
2124 1446
2124 1584
1515 2184
1515 1812
2184 1906
2184 900
958 1247
958 495
958 2027
1247 281
1247 443
24 1343
24 1173
1343 1882
1343 1304
1033 1915
1033 953
1033 2004
1915 712
1915 1904
1116 960
1116 1024
382 1954
382 1720
1954 1286
63 139
63 1579
63 853
139 992
139 2198
2152 1249
1330 946
1330 199
157 1198
157 1315
157 1825
1198 1636
1198 601
256 1994
256 135
256 1219
1994 925
1994 355
209 1016
209 826
209 207
1016 1756
1016 636
1209 1997
1209 1519
1209 1577
1997 821
470 1020
470 1897
470 1610
1020 1192
1229 1597
1229 2080
1229 110
1597 2173
1597 261
205 982
205 1953
205 2077
982 1614
982 51
494 819
494 375
819 1173
819 119
1038 1886
1038 959
1886 1000
1886 880
1288 2177
1288 1248
2177 1902
2177 210
645 908
645 761
645 73
908 1393
908 1233
989 1472
989 1814
989 1191
1472 1105
403 966
403 1008
403 1353
966 1930
966 725
935 1501
935 1713
935 330
1501 537
1501 553
172 1213
172 817
172 1350
1213 220
1213 30
1809 2028
1809 2183
1809 187
2028 1384
2028 948
681 1096
681 1186
681 822
1096 1774
1096 388
59 1458
59 1966
59 1032
1458 1851
1458 143
169 1064
169 421
1064 738
1064 522
206 1211
206 248
206 1572
1211 1518
1211 458
660 1418
660 877
660 345
1418 1283
407 972
407 2175
407 721
972 471
972 1170
1407 1617
1407 374
1422 278
1422 1580
483 1605
483 1999
1605 763
1605 174
75 90
75 775
75 1362
90 92
90 1110
358 2019
358 2031
2019 1897
2019 314
434 1749
434 1376
1749 1709
408 1611
408 461
408 363
1611 928
1611 1325
703 1608
703 337
703 942
1608 2086
1494 389
1494 1246
193 374
193 402
193 621
374 335
89 1974
89 1874
89 1570
1974 1987
1974 1206
412 1581
412 691
412 1851
1581 507
1581 285
170 1639
170 1316
170 1957
1639 2081
251 1484
251 561
251 1750
1484 2186
1484 592
1024 2108
1024 1782
2108 300
262 1493
262 1079
1493 233
1493 670
1367 1773
1367 1395
1367 2121
1773 448
1773 626
108 2109
108 1736
108 1399
2109 1680
2109 599
188 381
188 533
188 17
381 2169
381 1158
1299 1904
1299 761
1299 1189
1904 1296
245 1818
245 1021
245 1078
1818 1129
1818 777
1643 2183
1206 2121
1206 1786
2121 1453
1689 2089
1689 15
2089 1805
2089 442
11 864
11 547
11 1540
864 1667
864 1779
744 1272
744 1556
744 1336
1272 1326
1272 1507
846 911
846 758
846 239
911 925
911 612
792 940
792 1567
792 229
940 1378
940 1223
440 1126
440 866
440 582
1126 1781
1126 1653
1003 1123
1003 47
1003 263
1123 306
1123 614
62 1180
62 1268
62 1714
1180 1489
461 1414
461 1578
1414 1462
218 524
218 1528
218 397
524 114
524 1106
1282 1607
563 870
563 1261
131 376
131 1789
131 490
376 300
376 1665
528 1156
528 706
1483 1962
1483 1427
1483 222
1962 1162
628 1182
628 2156
628 1160
1182 1403
404 1554
404 1544
1554 1025
1982 1663
199 2088
199 1796
2088 32
2088 624
259 1364
259 485
1321 1634
1321 1964
1321 974
1634 673
1634 2191
462 741
462 2171
462 1635
741 8
2186 2168
2186 1468
1929 2048
1929 460
1929 1234
2048 1351
2048 1702
826 1297
826 81
757 1857
757 705
757 1629
1857 1862
1857 371
1141 1703
1141 1535
1703 1574
1703 2163
1275 1932
1275 215
1275 2046
1932 176
1932 624
1025 1757
1757 1219
72 591
72 1485
72 542
591 288
591 466
1070 1679
1070 126
1070 876
1679 903
1679 909
466 747
466 359
747 2049
747 1598
1688 1692
1688 137
1688 831
1692 1012
1692 1315
2168 505
2168 953
319 1222
319 965
1222 1255
242 859
242 1814
242 854
859 1780
859 1583
385 1167
385 1883
1167 1106
1167 325
1360 2012
1360 539
1360 1017
2012 356
2012 22
1233 1642
1233 619
1642 1623
1642 857
1726 1840
1726 384
1840 914
1840 2074
529 1217
529 1062
529 594
1217 117
1217 1445
1738 1814
1738 643
1738 1004
179 967
179 901
981 1058
981 849
535 739
535 1702
535 1860
739 9
739 1896
451 1383
1383 84
1383 307
724 1392
724 234
724 1957
1392 2190
1382 1398
1382 759
1382 1516
1398 1592
1398 1138
267 1153
267 598
1153 2167
1153 855
732 1661
732 223
732 1456
1661 1585
1661 1249
265 963
265 664
265 510
963 1098
727 1848
727 2038
727 647
1848 1210
1848 394
960 962
960 997
415 907
415 1428
907 536
907 151
100 1835
100 1717
100 653
1835 156
1835 1410
423 1246
423 595
202 1437
202 1412
202 797
1437 841
1437 1200
915 1001
915 384
915 155
1001 1125
1001 1421
1108 2033
1108 1694
1108 1455
2033 30
1046 232
1046 1
1361 1841
1361 1444
1361 1083
1841 919
1841 2103
1219 1372
1099 1575
1099 162
1099 604
1575 1928
1575 1454
160 15
1960 1725
1960 2132
932 1318
932 672
932 312
1318 592
1318 286
808 1777
808 1263
808 234
1777 186
1777 1125
895 1516
895 38
1516 1569
87 934
87 1775
87 1769
934 1530
934 941
1544 261
2050 633
2050 1004
539 1365
539 1303
809 955
809 1302
955 1316
955 659
234 2035
840 1208
840 2193
840 1071
1208 350
894 496
149 1174
149 979
149 1423
1174 700
1174 40
167 1637
167 1928
167 991
1637 1771
1637 337
1125 452
928 1055
928 578
1055 1178
589 1446
589 425
1446 474
1012 1511
606 2173
606 913
2173 352
1324 1300
1324 2179
304 968
304 1308
304 142
968 1823
968 1389
590 1145
590 664
590 2155
1145 2183
1145 560
111 1327
111 1990
111 849
1327 655
1327 551
568 1014
568 578
568 1834
1014 190
770 2015
770 2009
770 1264
2015 1985
573 1092
573 185
573 347
1092 500
1092 1359
595 851
595 1746
851 198
902 1919
902 1595
805 1335
805 1188
1335 1428
1335 1741
1811 1240
1811 2003
964 1508
964 1727
964 705
1508 1659
517 463
813 930
930 2147
930 1528
771 1113
771 505
771 1876
1113 1693
841 1711
841 701
604 1842
177 1128
177 2154
177 550
1128 672
1128 782
1302 1503
1503 463
1503 1903
1570 1583
217 2104
217 1902
2104 321
2104 1468
2056 1719
2056 1372
1236 1823
1236 1203
1823 854
277 1709
277 988
1709 44
294 1798
294 1119
1798 837
1798 1157
700 1728
700 125
1719 1976
910 1658
910 1555
910 1289
1658 228
1658 1687
52 315
52 1563
52 1631
315 378
561 1659
1320 1856
1320 1918
240 1189
240 1147
240 1122
1189 1158
44 82
44 1976
82 945
82 1281
233 569
1902 377
1268 287
1268 577
474 718
474 1263
718 836
718 1880
1919 2055
1416 289
1138 1292
1138 2065
1292 854
1292 543
856 1314
856 621
856 1098
1314 654
1314 1950
174 2003
174 45
2003 1936
738 1667
1667 702
844 931
844 1657
844 489
931 576
1246 1783
546 1911
546 2169
546 550
1911 711
1911 664
1468 1863
962 140
962 132
544 1572
544 127
544 1747
1572 1027
278 1173
1340 1628
1340 14
1340 1086
1628 2009
1628 891
453 1948
453 1264
453 2072
1948 1406
1948 58
1619 452
1619 1216
105 1387
105 852
1387 33
1387 1169
228 178
712 794
2039 2159
2039 1284
2159 2196
2159 1253
39 129
39 86
39 523
129 777
195 2047
195 901
207 1042
117 421
117 1765
1364 1339
1429 1561
1429 1452
1429 1380
1561 973
1561 1313
1240 1558
1240 1019
1727 693
1727 1890
1789 1600
1789 753
130 1007
130 176
130 1565
1007 2060
1007 1435
433 1682
433 917
1682 421
1682 1961
1553 1713
1553 2060
1553 1624
1713 695
780 1826
780 143
1826 612
1826 1547
919 342
1308 2094
1308 1744
1595 1895
1595 2100
1895 215
33 436
33 2188
877 1844
877 1916
1844 2005
1844 1337
212 816
212 531
212 1894
816 1934
816 1482
349 2133
349 657
349 1697
1396 1042
1396 372
57 155
57 400
57 853
155 1149
584 1566
584 921
86 1957
254 669
254 622
669 870
669 1432
393 1767
393 1871
393 571
1767 977
1767 1080
507 620
620 113
620 512
502 1179
502 904
502 322
1179 293
1179 114
416 847
416 1245
416 1569
847 1654
847 1792
337 255
506 1378
506 1129
506 84
1378 1807
103 536
103 1345
536 957
19 1031
19 618
1031 437
2054 1665
1326 1168
1326 1721
1762 1987
1762 146
364 1013
364 607
441 760
441 1774
441 1901
760 693
760 2006
225 1810
225 2000
225 2180
1810 697
1774 2122
597 1273
597 95
597 1482
1273 825
1273 768
20 1261
20 1089
20 473
530 954
530 38
954 1922
954 648
1035 1535
1035 1102
1035 344
1535 1423
197 670
12 1931
12 634
12 575
1931 1965
1931 323
231 1215
231 2157
231 1881
1215 1654
1215 71
1366 1900
1366 2063
1900 1862
1900 2161
264 309
264 1847
264 913
309 2122
309 1461
976 1040
976 696
976 743
1040 1400
1040 1346
706 1216
706 263
1216 464
1927 1476
799 2029
799 574
1617 1121
1114 2093
1114 1421
1114 1502
2093 426
2093 78
673 1676
673 627
1676 817
1676 135
1842 439
1842 1060
874 1666
874 1063
874 2106
1666 1936
1666 788
1938 81
1938 1297
1953 190
1953 1039
401 1225
401 1616
627 2095
617 1781
617 2014
617 806
1781 1892
1883 950
1883 1736
1681 2112
1681 1193
1148 2171
1148 1402
2171 787
55 1519
55 488
1519 1149
1280 1981
1280 1166
1280 1075
1981 431
1981 1336
713 967
713 1590
713 2099
541 1498
541 867
541 2180
1498 2017
1498 1427
305 355
305 1568
355 697
717 937
717 226
717 564
937 92
937 178
1296 1956
1088 1258
1088 16
1088 106
1258 1381
1258 1313
2199 1172
2199 688
824 214
824 2037
229 2022
229 641
2022 884
1746 2018
1746 1253
2018 1754
2018 2094
726 2074
726 996
726 979
313 444
313 1696
313 16
444 566
444 1022
2185 553
2185 1160
1780 1697
1780 699
1976 639
1657 1559
728 1854
728 787
728 1066
1854 983
1854 1255
1427 472
626 1614
626 2157
1614 749
15 1190
146 977
146 996
977 947
695 1063
695 778
1161 1750
369 1808
369 607
369 239
1808 837
1808 1034
1381 1984
1381 722
865 1752
865 1499
865 45
1752 1132
1752 1104
1527 1951
1527 525
1527 837
1951 656
480 858
480 1587
480 1680
858 679
858 611
975 1627
795 375
795 1884
543 1183
543 371
505 134
990 888
990 1115
210 1491
210 1629
1491 1497
696 904
696 1659
1435 1084
1862 1317
2023 1875
2023 2176
1569 1770
1402 1509
1402 2138
666 2083
666 1136
1183 1243
1243 869
1243 526
97 1178
97 43
1254 515
1254 1464
1225 1505
1225 43
1505 1725
1505 221
1287 1300
1287 2032
1300 1716
235 1155
235 1363
106 881
106 1616
881 42
881 46
255 1764
255 2155
1764 22
1764 1120
357 1137
357 137
1137 342
1137 2047
80 2025
80 2126
258 786
258 986
258 1620
786 1411
786 1949
889 1821
889 2101
889 2147
1821 588
1821 513
785 1355
785 821
785 1285
1355 1293
1355 774
1630 2084
1630 397
1630 365
2084 1626
203 670
322 807
322 789
807 1389
1897 2101
1431 1466
1431 950
1431 1820
1466 1923
661 1139
661 1129
661 1564
1139 1536
1139 2128
733 1164
733 1497
733 495
1164 2137
1164 1514
1384 1253
1384 2066
1278 1489
1278 2158
1489 1568
1496 1940
1496 1872
1496 685
1940 2049
1940 27
974 1864
974 973
1864 173
1864 47
1763 25
1763 885
1566 2164
1566 873
637 1721
637 1675
1721 1295
411 475
411 634
411 223
475 657
475 1819
659 2154
659 1146
2154 1172
1922 1388
1210 373
1210 1906
531 583
531 1006
778 2073
31 190
31 1881
31 13
1509 586
1856 1959
1856 852
1959 424
1959 237
183 324
183 1310
324 326
324 1464
1604 2189
1604 1771
973 1303
790 1181
790 1687
790 1309
1181 651
1181 1803
118 1732
118 723
715 2170
715 477
715 1142
2170 224
2170 379
742 1370
742 2070
742 1925
1370 104
1370 880
1255 1626
1626 1250
1442 1861
1442 37
1442 1526
1861 1224
1861 1723
611 1704
611 1632
1704 725
1704 1558
1194 1237
409 2100
409 395
2100 623
392 848
392 1492
392 370
848 104
848 764
532 593
532 53
532 1008
593 448
593 1
1732 2194
1732 1374
2194 876
2194 1065
1779 1397
657 1990
127 1574
127 120
375 2079
970 384
1536 1980
1536 882
2175 1531
888 1545
1545 947
1545 1075
575 1085
575 176
1085 1086
1085 583
688 1520
688 283
1520 99
1520 1522
95 545
1586 2112
1586 98
2112 1168
1934 2176
1934 23
1284 916
1284 749
811 952
811 73
811 1224
952 2052
952 1054
173 1602
173 1560
1439 705
1439 120
678 1591
678 1018
678 1822
1591 359
1591 946
1056 2068
1056 1015
1056 395
2068 1152
2068 582
339 2125
339 1443
339 1560
2125 1470
2125 1748
1783 135
1783 1241
389 1345
389 1673
1345 1507
1175 1988
1175 1937
1988 1522
1988 1877
1228 2052
1228 1306
272 1986
272 1868
1675 1941
1675 1563
1043 2134
1043 383
1043 373
2134 1106
2134 2031
743 1693
743 284
1693 2103
2031 2143
2085 1310
2085 34
2006 280
914 1159
914 1879
1010 1548
1010 1045
1010 1664
1548 1117
1548 134
882 2036
882 284
2036 2016
2036 2079
1797 647
1797 116
2080 926
550 1154
1154 1072
1154 675
457 1600
457 1207
1600 753
750 1678
1277 1631
1277 521
1457 1980
1457 428
1457 893
1980 2116
1711 1924
1242 2055
1242 821
1242 1943
2055 2062
419 1344
419 356
419 1967
1344 984
1344 1009
1863 2110
1863 1119
2110 1286
1941 373
253 903
903 1147
1530 295
1530 260
950 2066
787 2025
2017 1438
564 2113
564 737
2113 298
2113 1740
1013 1939
1013 545
1939 1543
1939 476
1072 2025
748 1147
748 1765
748 1411
1286 1119
1009 48
336 1625
336 880
144 1924
144 828
832 1616
832 2193
496 1160
496 1588
1445 1188
1445 2103
1567 1560
1567 166
1132 1568
1155 1199
1155 230
1517 2151
1517 648
2151 1265
2151 3
472 1742
472 1776
1742 1409
1034 1625
1034 2169
1625 987
685 171
445 1230
445 93
445 1547
1230 2049
379 876
379 1067
2083 447
1130 1827
1130 394
1827 98
527 1677
527 1541
527 454
1677 1259
1677 622
768 1740
768 526
836 150
487 1083
487 1635
487 1316
1083 735
920 1379
920 649
920 650
1379 766
1379 1833
405 2182
405 1051
405 2190
2182 1393
2182 1441
306 1565
306 721
1565 1426
722 1480
722 1525
1480 534
1026 1891
1026 2082
1026 879
1891 1906
1891 497
1022 1512
1022 67
1512 1459
1512 493
185 866
185 2020
866 801
1728 486
639 892
639 1653
1021 2041
1021 326
2041 1390
2041 810
365 1736
365 680
890 1329
890 1914
890 1377
1329 1214
1118 1336
1118 2158
1118 1375
1670 2078
1670 2096
1670 565
2078 839
885 1888
885 1311
1888 110
1888 585
586 1066
586 566
1066 1462
182 2145
182 187
2145 2153
2145 1950
300 2137
2137 1880
1200 1899
1200 1241
1899 971
1899 773
1347 1918
1347 2069
1347 442
1918 1404
1037 2021
1037 752
1037 2157
2021 307
1297 2097
2097 1105
2097 48
215 299
1444 1775
1801 1731
123 783
123 1766
123 1574
783 1380
783 1507
471 1269
1062 1795
1062 1047
515 898
898 109
898 1539
1453 1860
1453 1476
879 1440
879 340
1440 944
1440 1373
37 918
286 1420
1420 1867
1420 1830
493 1875
28 1799
28 2034
28 1992
1799 1722
1799 1529
992 2082
957 398
957 371
91 198
91 4
91 720
2190 560
667 2051
667 765
2051 872
482 998
482 518
1293 1430
1293 1259
1430 249
1430 1871
1564 2073
1564 599
2073 368
1224 1596
1596 2176
1787 1822
1787 625
1822 1860
30 2024
2024 777
2024 128
58 2092
58 1542
2092 50
2092 510
1460 2115
1460 1041
1580 1680
1580 534
463 143
1397 513
579 1943
579 2072
579 1115
1943 2005
352 354
352 884
354 1144
354 1391
997 1850
997 1803
605 1852
605 1295
605 900
1852 362
1852 2197
1610 1896
1896 460
238 338
238 350
338 1349
338 1212
249 1454
486 2160
486 2005
2160 766
2160 904
331 1054
331 422
1054 38
378 2069
378 756
2069 1650
1131 340
1131 1510
651 1170
651 1195
1018 1372
1018 1283
478 1747
478 1143
478 1365
1747 2002
1518 312
1518 2122
756 1203
756 1550
1203 2035
698 704
698 2149
698 1205
704 2035
704 1473
410 1612
410 1362
1612 1295
1612 1901
1585 2079
1925 2029
1925 2094
2029 612
1549 601
619 314
619 1845
67 1541
67 1432
65 1030
65 126
1475 1828
1475 2129
1475 232
1828 1469
1828 1019
243 2001
243 1573
243 1078
2001 427
2001 1892
1452 941
1452 1685
1765 1495
1847 1965
1965 1332
577 943
577 468
943 1185
943 779
1627 850
2153 1846
2192 2196
2192 1855
1186 1607
465 759
41 1234
41 1577
41 917
1234 1751
1558 683
32 422
32 93
1090 2144
1090 414
1090 2174
1723 1791
1723 273
1791 752
1791 165
556 936
556 1424
136 1993
1805 896
1805 1996
1497 2011
492 2045
492 872
2045 774
2045 1267
113 328
113 2195
328 1490
328 730
763 1876
984 260
984 1471
1730 1454
260 1412
1388 766
1388 1820
971 648
971 1313
2065 1601
153 220
153 1469
153 1790
220 1955
1433 1701
1433 2016
1433 1157
1701 1534
1701 1289
1172 1111
1816 1881
630 1462
630 1995
2013 2132
2013 922
583 1121
1121 1294
1476 1629
1406 1502
1406 1044
115 723
115 892
115 1156
723 665
1699 1423
1699 1971
1094 1718
1094 565
1718 1322
1447 1985
1447 7
1447 1354
1985 171
1348 853
1348 1376
1245 1045
1245 789
2076 2193
1795 1684
909 1672
909 268
1672 1159
1672 1776
1851 1542
2032 491
2032 1235
512 1218
512 2191
1218 332
1218 192
720 1921
1921 1788
946 1543
1542 211
1226 2138
1226 521
1226 1412
301 891
301 125
301 477
891 335
1306 1758
1306 271
1758 736
226 1893
1874 1248
406 418
406 765
406 27
418 165
418 2142
901 923
1428 1720
555 663
555 1061
555 945
663 1353
663 1920
1534 2128
1534 827
430 2060
430 1290
430 1294
13 200
13 2002
200 1341
200 166
1221 298
1221 2070
1337 1830
1337 201
1830 302
566 99
372 1301
372 2075
1301 1441
1499 353
1499 1785
456 2117
456 916
456 1524
2117 140
2117 1753
523 1878
523 308
1878 1105
368 631
310 557
310 749
128 1843
128 1923
1843 1873
1843 1097
1248 391
27 4
161 708
161 2026
161 1079
708 1042
708 335
1650 2034
1650 1165
2034 759
495 36
104 413
2167 1716
2167 2095
1882 1935
1882 458
1421 1349
122 227
122 996
227 248
945 1807
513 51
1144 1465
1144 1391
711 1790
711 454
1790 701
1987 156
481 736
481 477
1267 1599
1267 1978
1599 288
794 1694
1665 1000
672 1865
1771 2072
779 1601
142 1526
142 1319
1526 2086
1298 1504
114 429
14 1541
14 2107
151 900
112 2087
1914 773
1914 1249
1411 758
1044 2161
1290 1884
1290 1654
737 917
737 951
918 1603
1603 551
1986 2082
782 1333
1333 1291
1333 1618
1149 1621
1621 1641
1621 47
497 1695
497 1538
1695 1967
1695 1380
448 899
899 1127
899 1317
634 2156
598 1481
598 1027
1481 938
1481 552
1477 1964
1477 580
1170 1684
283 1309
283 425
332 2163
189 266
189 2020
266 868
266 542
50 1051
806 793
1687 1205
775 184
775 119
1694 219
1269 1495
1269 1731
391 2063
391 625
2063 1142
1525 2
1525 1169
417 1400
417 883
186 2071
1775 1868
693 1004
1984 2038
1984 1739
178 1955
1955 1594
126 596
596 1390
1074 1338
1074 886
1074 1594
1338 1152
316 613
316 1059
613 1686
613 71
1577 460
679 1190
679 442
2042 1470
822 26
1490 1146
1490 1819
1341 1961
1341 1448
94 765
94 636
1850 855
1850 1115
312 1389
275 1865
275 302
275 998
1812 1748
1812 951
594 1195
1635 1177
1873 797
287 191
938 1162
938 553
1162 868
761 1349
1015 1531
1015 1735
1531 2057
298 422
1089 1825
1089 1744
1825 870
426 578
576 1521
1078 2081
1029 1285
1029 1375
1029 751
1285 420
16 1588
2164 454
76 873
76 1632
76 1150
873 85
74 45
74 1880
326 1993
979 1510
665 1618
665 1514
569 1403
1644 1975
1644 1061
1644 281
1975 923
1975 363
56 1281
56 1769
1281 1375
721 1557
439 2107
439 1935
1966 1150
1966 387
896 1263
896 1124
1924 1890
588 268
867 839
1227 1664
1227 599
1227 1461
1664 2174
219 1080
219 1279
1785 1751
1084 1470
1084 449
883 2057
447 725
447 1192
798 468
798 321
428 1395
428 311
855 1648
1648 1952
1000 1191
753 348
574 201
252 680
252 1971
252 211
1250 1768
1250 736
1768 1163
141 175
141 810
175 163
175 682
414 1353
414 1461
1166 687
1923 424
353 1522
353 1946
998 140
320 936
320 1482
936 196
2198 489
567 1716
567 427
567 752
2052 1363
241 1582
241 435
241 694
1582 603
1582 653
2087 325
1469 1207
282 1354
282 1456
282 1006
1354 2026
525 1606
525 325
1606 1741
1606 459
978 521
978 1766
307 70
490 565
490 1409
1185 2037
1097 450
9 1317
9 1538
692 1459
692 162
1459 1059
1127 581
1363 1556
1485 1638
1485 1598
1792 987
1903 107
295 1971
295 0
1928 751
191 1967
191 1045
2149 1091
2149 1933
71 101
101 1686
101 2062
1601 559
1935 1394
165 1685
299 2179
299 729
2179 1065
614 2191
1714 745
1714 649
746 622
746 1195
1845 2174
1845 1755
1678 1150
1678 168
196 1241
196 429
1638 46
1638 559
2161 636
1700 2057
1700 330
1700 1304
1058 893
1058 2196
51 1438
437 1717
437 78
1717 476
201 204
676 687
676 518
676 348
687 1165
269 2020
269 1052
269 395
684 2119
684 1188
684 308
2119 1961
289 1207
1036 1524
1036 1506
1524 1598
549 1894
549 1786
549 53
1894 2188
1686 1262
1262 1511
1262 1451
110 261
1426 1933
1426 85
1877 1100
654 552
654 99
1786 1103
991 2131
991 1451
2131 850
2131 420
1362 2120
311 2143
467 1753
467 435
467 1357
1753 1465
1071 1602
1071 1731
1602 699
1032 1876
633 926
633 1135
7 276
7 939
276 468
892 1901
1930 3
1930 562
394 1706
1048 1102
1048 34
1102 360
1754 735
1754 2086
291 2142
291 1892
291 464
2142 1310
547 46
547 500
340 674
280 857
280 1193
1061 511
729 948
729 2111
948 1788
429 1739
1739 1944
533 1122
1122 643
571 1027
1937 2075
1937 109
581 1464
581 348
644 694
644 35
773 1322
542 834
834 109
817 2
184 1620
184 1171
1620 432
2009 1391
730 2115
2016 3
308 2155
1511 2129
2129 2071
1465 1399
1260 1956
1030 801
1030 1978
356 1933
230 2037
230 519
1748 519
1993 1696
213 263
213 694
213 2115
624 1990
1120 1506
675 702
675 1557
1104 1110
1766 88
1964 1259
296 1377
296 1091
850 330
580 815
580 884
815 285
815 683
424 1879
1879 1529
1776 1471
1615 1613
1615 1696
2014 709
83 274
83 42
83 1579
274 2004
274 585
2062 2195
1741 1410
886 1112
2038 1936
1060 1573
1060 1540
1573 1142
518 961
961 2195
961 302
1376 132
500 793
797 70
345 1555
1283 965
959 1871
239 1136
425 831
450 1356
450 1080
1356 333
237 983
237 939
983 1171
735 1047
849 1510
1449 2000
1449 1594
2000 1562
1159 73
78 988
691 1995
691 1157
1636 268
969 1404
969 1492
969 1450
1404 1653
192 40
81 1350
1350 701
48 944
944 2188
603 1017
603 1041
1393 1212
42 1441
402 1557
402 1513
520 116
427 1156
1082 1438
1082 35
1143 1555
1143 510
344 70
1820 993
1192 1796
1124 1291
1124 211
1291 1663
8 1087
1339 2116
387 1146
321 1547
1171 1834
1051 1374
1833 2101
1833 1995
852 1952
652 1193
652 271
652 1237
1359 1543
1359 1623
1047 224
284 551
987 1419
88 557
745 1770
745 1552
1770 1887
1265 1706
1265 377
953 1390
1322 1373
2120 801
2120 221
1448 1550
1199 1424
1199 1782
388 293
656 767
656 1588
767 1889
986 1592
986 1992
163 682
1872 2046
1872 647
1492 942
1641 1944
1117 1735
1117 1357
1735 2102
1684 2111
2111 582
132 1514
168 1999
2165 1846
2165 1562
1191 825
0 1855
0 1834
23 1590
23 1584
1916 560
1916 1796
362 224
1410 2197
303 1271
303 232
1271 2106
1889 2004
1889 1332
347 1319
347 187
1152 1450
653 1999
545 420
526 1386
333 1578
333 85
489 435
655 2197
655 552
36 2141
36 1086
1506 607
1315 650
1357 1455
1455 993
22 1521
2126 2011
827 2106
1538 107
93 1539
939 1946
1394 1579
1394 156
222 1944
751 1887
1041 1177
860 1332
860 1006
993 1806
1806 162
400 1513
400 788
1415 1800
1415 1539
1415 868
1800 1346
1800 1294
413 1087
1087 1949
1374 1968
2077 1098
2077 1890
1495 2163
1325 2027
1325 674
2027 26
623 1019
623 534
2026 1662
1386 485
1386 26
825 2096
2156 682
1205 271
758 719
2070 443
488 2010
488 2135
2010 1920
248 1214
709 1112
709 459
1756 1920
1756 1744
793 1592
941 150
1683 1819
1683 922
1111 719
631 150
1722 1751
1722 281
1613 699
839 1135
921 1662
921 273
119 1235
1235 1978
2066 116
1697 159
443 923
1992 2102
1663 1502
1400 1673
988 1917
1521 1
1451 2158
214 40
214 204
1556 1103
641 1755
1135 1607
1079 1559
922 370
1846 449
25 1782
25 120
1769 1059
942 1624
1409 1214
2002 370
459 519
285 1008
947 625
398 1755
1456 683
1419 360
1788 511
360 1450
601 965
1471 1706
159 1968
159 1500
1559 1177
377 449
1377 1956
2135 458
1103 562
501 2095
501 1075
1552 522
1304 166
600 1039
600 2011
1039 2099
810 1500
1289 363
719 674
562 359
646 1802
2128 1917
1917 2116
