500 750
37 296
37 405
37 459
296 4
296 445
114 381
114 237
114 63
381 355
381 211
62 218
62 60
62 256
218 84
218 81
166 455
166 358
166 326
455 268
455 119
179 474
179 467
179 130
474 58
474 31
119 334
119 447
334 41
334 287
237 437
237 292
251 499
251 456
251 281
499 315
499 406
89 171
89 350
89 470
171 155
171 362
40 306
40 285
40 73
306 451
306 448
331 351
331 305
331 327
351 487
351 467
92 115
92 226
92 383
115 362
115 416
158 298
158 246
158 72
298 157
298 234
241 314
241 76
241 132
314 176
314 57
249 327
249 65
249 404
327 377
222 471
222 359
222 272
471 118
471 269
86 449
86 154
86 212
449 299
449 148
96 243
96 367
96 245
243 363
243 280
128 275
128 18
128 379
275 44
275 225
416 431
416 459
431 403
431 17
204 450
204 106
204 90
450 302
450 91
317 318
317 408
317 163
318 124
318 48
90 428
90 105
428 23
428 438
165 202
165 422
165 254
202 260
202 25
195 203
195 216
195 259
203 93
203 338
20 122
20 155
20 427
122 94
122 0
225 491
225 438
491 426
491 6
121 263
121 380
121 10
263 345
263 312
260 175
260 113
299 337
299 391
258 259
258 336
258 294
259 464
146 445
146 417
146 279
445 393
487 444
487 339
246 303
246 196
303 363
303 245
43 343
43 486
43 433
343 293
343 193
126 359
126 82
126 294
359 276
229 488
229 419
229 393
488 79
488 494
1 355
1 350
1 151
355 30
38 103
38 6
38 292
103 323
103 297
371 401
371 322
371 268
401 257
401 392
85 196
85 367
85 5
196 434
153 349
153 332
153 369
349 201
349 169
205 387
205 484
205 18
387 33
387 47
302 34
302 465
238 304
238 97
238 120
304 149
304 210
255 473
255 240
255 429
473 385
473 214
172 191
172 339
172 194
191 320
191 232
240 360
240 192
135 300
135 335
135 97
300 250
300 403
305 321
305 181
321 388
321 209
162 174
162 13
162 394
174 313
174 411
50 369
50 432
50 435
369 397
124 101
124 88
200 286
200 56
200 365
286 0
286 4
233 234
233 182
233 123
234 283
76 147
76 290
100 208
100 95
100 418
208 254
208 342
140 244
140 73
140 180
244 53
244 213
4 91
91 396
155 201
131 442
131 6
131 26
442 423
442 148
72 127
72 489
127 49
127 353
123 438
123 408
216 210
216 443
19 219
19 224
19 168
219 184
219 364
363 479
54 186
54 392
54 116
186 398
186 51
177 436
177 183
177 24
436 281
436 309
362 409
350 120
339 439
415 493
415 53
415 324
493 338
493 2
271 476
271 12
271 274
476 400
476 188
167 248
167 404
167 45
248 486
248 14
18 111
53 352
44 141
44 374
338 383
252 453
252 267
252 87
453 93
453 399
64 253
64 480
64 36
253 32
253 429
423 358
423 346
145 336
145 221
145 267
336 426
118 270
118 427
113 402
113 0
402 48
402 104
283 39
283 373
451 441
451 472
341 418
341 307
341 319
418 394
133 389
133 425
133 149
389 480
389 159
107 489
107 307
107 413
489 320
154 421
154 97
421 125
421 290
417 117
417 17
437 412
437 98
151 495
151 46
495 319
495 376
326 384
326 197
384 434
384 447
392 469
469 342
469 329
67 282
67 443
67 82
282 108
282 138
69 215
69 432
69 228
215 262
215 354
33 256
33 57
28 61
28 213
28 27
61 9
61 13
264 310
264 16
264 8
310 447
310 325
390 395
390 463
390 328
395 393
395 293
139 157
139 42
139 313
157 5
316 366
316 47
316 425
366 31
366 197
277 347
277 66
277 468
347 147
347 409
84 80
84 170
24 176
24 104
176 184
45 397
45 319
397 68
82 144
143 294
143 150
143 399
412 112
412 481
144 407
144 308
289 357
289 228
289 368
357 308
357 475
108 490
108 466
257 370
257 112
419 231
419 29
274 332
274 265
332 213
150 404
150 413
265 297
265 439
184 185
284 373
284 458
284 435
373 456
41 377
41 273
377 180
344 396
344 220
344 193
396 312
36 280
36 440
280 482
46 74
46 398
74 468
74 440
330 498
330 138
330 163
498 39
498 420
80 228
80 295
106 220
106 247
9 382
9 312
47 59
3 368
3 232
3 22
368 425
13 178
156 470
156 21
156 164
470 410
308 109
34 212
34 364
212 333
88 192
88 148
192 189
189 485
189 8
485 15
485 444
256 335
79 372
79 182
372 466
372 188
5 235
315 161
315 478
94 328
94 175
484 110
484 83
78 254
78 81
78 285
279 433
279 325
433 479
48 182
173 424
173 364
173 479
424 337
424 261
320 420
434 465
465 247
21 375
21 490
14 269
14 231
269 441
266 481
266 497
266 142
481 278
110 224
110 281
224 324
444 125
456 272
292 149
25 400
25 477
400 288
27 55
27 142
55 102
55 190
467 178
311 497
311 496
311 309
497 51
42 71
42 223
71 324
71 466
101 385
101 141
385 207
117 250
117 59
250 457
138 239
420 147
7 198
7 457
7 322
198 427
198 268
374 409
374 187
102 197
102 77
360 492
360 199
492 267
492 221
15 354
15 59
214 276
214 285
276 483
464 190
464 247
129 345
129 287
129 116
345 231
185 496
185 335
496 109
116 235
235 353
329 379
329 142
379 301
130 388
130 432
70 137
70 93
70 376
137 236
137 226
353 422
413 333
68 194
68 388
194 99
480 81
288 472
288 483
472 98
410 31
410 383
217 430
217 261
217 297
430 152
430 380
232 462
75 99
75 462
75 236
99 370
403 325
160 295
160 60
160 52
295 262
375 159
375 482
207 29
207 8
307 178
190 323
323 39
227 461
227 199
227 223
461 301
461 22
482 348
211 382
211 87
382 58
170 201
170 66
273 460
273 230
460 448
460 290
322 478
272 361
361 348
361 309
245 407
407 17
411 439
411 270
16 378
16 242
10 104
10 183
408 183
77 270
77 236
333 56
152 291
152 414
291 457
291 132
448 223
462 32
429 83
105 340
105 111
337 159
358 386
134 386
134 242
134 66
386 356
12 391
12 454
109 422
242 446
29 494
11 180
11 356
11 52
367 168
478 261
340 346
340 98
346 365
57 391
199 112
60 477
477 378
23 65
23 278
398 454
454 262
490 2
58 446
32 187
2 376
187 348
30 399
30 356
83 161
125 230
494 49
56 483
239 35
239 163
132 168
463 328
463 459
443 475
475 35
486 111
380 446
313 365
52 342
226 181
175 193
293 26
26 136
136 452
136 209
35 164
65 206
22 49
209 406
406 414
287 468
221 63
161 426
210 405
120 188
169 458
169 206
458 440
95 452
95 63
301 141
220 405
394 441
206 414
278 378
230 370
354 352
73 452
51 87
164 435
352 181
