3000 4500
1421 2206
1421 379
1421 175
2206 2875
2206 739
1935 2427
1935 2714
1935 2935
2427 2238
2427 1700
1153 2837
1153 1530
1153 2138
2837 2778
2837 975
218 2177
218 1071
218 2650
2177 169
2177 426
9 1137
9 2495
9 1353
1137 1381
1137 2144
1301 1652
1301 2442
1301 2542
1652 2659
1652 41
1111 2840
1111 39
1111 1002
2840 100
2840 1254
747 986
747 2886
747 191
986 2337
986 2906
142 992
142 751
142 1488
992 1658
992 2173
1463 2059
1463 1062
1463 1817
2059 2369
2059 2011
1199 2544
1199 2
1199 633
2544 2110
2544 199
2046 2151
2046 2481
2046 1272
2151 498
2151 2792
1223 1998
1223 2999
1223 2015
1998 1293
1998 2494
554 1345
554 763
554 290
1345 2098
1345 924
2110 2741
2110 2423
1181 2755
1181 949
1181 381
2755 1972
2755 647
499 2312
499 1685
499 1460
2312 2703
2312 1533
81 2702
81 2533
81 1050
2702 95
2702 984
980 1682
980 1091
980 1757
1682 408
1682 1472
447 1893
447 1465
447 452
1893 1661
1893 2350
8 503
8 516
8 1865
503 1750
503 1429
188 2685
188 1176
188 1168
2685 1242
2685 427
1078 2928
1078 1579
1078 2782
2928 133
2928 2823
101 1219
101 958
101 1621
1219 2344
1219 2668
268 2528
268 1022
268 2506
2528 1793
2528 2742
1074 1380
1074 2106
1074 2553
1380 817
1380 480
169 1387
169 2038
52 2675
52 2170
52 1262
2675 17
2675 2815
628 1788
628 2121
628 1752
1788 1260
1788 2552
492 1864
492 1205
492 1668
1864 704
1864 1089
740 946
740 698
740 2962
946 1558
946 1438
855 1687
855 1791
855 1468
1687 1079
1687 146
1495 2313
1495 1300
1495 1310
2313 46
2313 1704
1632 1873
1632 171
1632 2633
1873 1772
1873 2417
857 1202
857 2200
857 454
1202 1388
1202 2921
439 1629
439 1522
439 1986
1629 1933
1629 906
1327 2320
1327 2124
1327 850
2320 528
2320 2057
1684 2966
1684 1863
1684 2571
2966 1352
2966 927
507 1498
507 2801
507 1668
1498 945
1498 654
517 2860
517 2598
517 2508
2860 2346
2860 1978
146 1901
146 1991
1901 1774
1901 1545
327 893
327 2079
327 1398
893 453
893 1117
1809 2997
1809 1486
1809 314
2997 2089
2997 95
589 750
589 1103
589 994
750 441
750 1690
1249 1354
1249 1728
1249 1397
1354 1054
1354 1371
2285 2697
2285 971
2285 1951
2697 1359
2697 135
1693 1739
1693 2896
1693 931
1739 2816
1739 2152
145 1267
145 1270
145 59
1267 224
1267 852
1468 1886
1468 983
1886 1121
1886 2522
951 1022
951 1905
951 1368
1022 1811
134 471
134 345
134 839
471 1659
471 1207
93 2797
93 1400
93 867
2797 2183
2797 1584
69 2211
69 602
69 1139
2211 2861
2211 823
809 1692
809 2483
809 3
1692 694
1692 1413
1947 2149
1947 1525
1947 1953
2149 339
2149 96
10 584
10 1412
10 92
584 819
584 1126
745 2085
745 1983
745 586
2085 2929
2085 1306
1725 2896
1725 1437
1725 1240
2896 876
1368 2967
1368 1852
2967 1557
2967 2311
86 1891
86 2548
86 2560
1891 1373
1891 2337
636 866
636 2501
636 488
866 1819
866 1105
617 1527
617 1582
617 376
1527 1209
1527 1239
87 1298
87 1702
87 79
1298 1700
1298 708
299 1626
299 2165
299 1889
1626 1912
1626 848
1013 1872
1013 1348
1013 2927
1872 892
1872 1331
1095 2728
1095 2718
1095 2891
2728 1263
2728 1080
1275 2924
1275 1021
1275 1499
2924 2916
2924 1124
671 1992
671 1259
671 208
1992 627
1992 1089
459 1206
459 822
459 818
1206 1335
1206 1045
516 2432
516 321
1037 2229
1037 1644
1037 2226
2229 64
2229 2606
1362 1617
1362 422
1362 270
1617 252
1617 350
394 1863
394 313
394 1607
1863 2047
109 1093
109 2343
109 1146
1093 1714
1093 1975
1980 2075
1980 2595
1980 1814
2075 433
2075 1260
71 1475
71 264
71 944
1475 1607
1475 221
2999 2212
2999 2185
1747 2590
1747 1640
1747 994
2590 2981
2590 297
2986 2987
2986 2233
2986 2759
2987 2134
2987 738
1887 2750
1887 1785
1887 409
2750 2541
2750 2221
35 469
35 882
35 1732
469 16
469 1471
616 1009
616 658
616 47
1009 2201
1009 2241
1610 1718
1610 910
1610 1749
1718 2017
1718 1394
275 716
275 1323
275 1965
716 2690
716 2760
1058 1879
1058 457
1058 761
1879 1101
1879 1494
1373 2644
1373 682
788 972
788 632
788 456
972 2205
972 274
1858 2872
1858 1587
1858 2414
2872 2890
2872 1485
1558 2396
1558 1031
838 1467
838 2948
838 1119
1467 1016
1467 1900
399 2063
399 2723
399 928
2063 1049
2063 1418
1984 2719
1984 828
1984 2406
2719 663
2719 591
208 397
208 587
397 2501
397 1601
738 2283
738 1417
2283 2959
2283 1106
296 2990
296 194
296 1609
2990 2835
2990 2737
1228 2067
1228 644
1228 646
2067 1799
2067 445
1933 2902
1933 615
2902 1162
2902 2433
1342 2806
1342 331
1342 2365
2806 955
2806 2803
1971 2111
1971 2316
1971 2105
2111 361
2111 1483
1567 2021
1567 466
1567 844
2021 2322
2021 620
1440 2969
1440 440
1440 2824
2969 17
2969 805
1244 2011
1244 2854
1244 1630
2011 848
954 2846
954 1988
954 1685
2846 603
2846 1247
1644 1981
1644 2016
1981 2268
1981 278
2538 2603
2538 2182
2538 186
2603 2634
2603 31
865 2100
865 2271
865 12
2100 1169
2100 57
1055 2669
1055 531
1055 2607
2669 400
2669 2480
1871 1880
1871 931
1871 1222
1880 1277
1880 88
2147 2867
2147 2591
2147 2391
2867 1328
2867 1133
14 2373
14 94
14 1302
2373 270
2373 1766
644 1149
644 2133
261 1347
261 1967
261 846
1347 63
1347 2521
495 1514
495 1438
495 2203
1514 1699
1514 415
206 2543
206 1231
206 2383
2543 32
2543 1019
1486 3
1486 2181
614 797
614 2381
614 2393
797 78
797 762
1326 2574
1326 258
1326 2254
2574 1535
2574 1027
205 1303
205 661
205 1123
1303 1476
1303 133
801 803
801 505
801 1605
803 359
803 1385
1231 2516
1231 241
1094 2862
1094 2094
1094 248
2862 1922
2862 1085
163 1535
163 1156
163 1415
1535 2998
320 2156
320 1752
320 2505
2156 1742
2156 1401
697 969
697 2141
697 2232
969 21
969 331
2254 2700
2254 1956
2700 934
2700 2126
64 918
64 1447
918 2426
918 512
1158 1943
1158 2367
1158 2261
1943 1145
1943 2537
2202 2244
2202 33
2202 790
2244 1791
2244 867
2461 2733
2461 1681
2461 2643
2733 254
2733 2408
1717 2581
1717 693
1717 180
2581 652
2581 58
1817 2439
1817 103
2439 451
2439 122
537 958
537 654
537 107
958 1526
932 1142
932 330
932 2881
1142 1517
1142 967
16 2636
16 1026
176 2822
176 700
176 480
2822 1105
2822 2463
2105 2168
2105 2441
2168 978
2168 703
2160 2921
2160 1193
2160 583
2921 2937
215 2255
215 1825
215 1738
2255 368
2255 2436
1072 2550
1072 2832
1072 1930
2550 1618
2550 588
576 1480
576 2130
576 1207
1480 887
1480 2200
2376 2402
2376 2899
2376 2761
2402 2742
2402 2102
1264 2900
1264 730
1264 508
2900 549
2900 376
1843 2576
1843 2771
1843 2155
2576 99
2576 1957
1033 2213
1033 1224
1033 2088
2213 1256
2213 2976
458 1982
458 2943
458 485
1982 1352
1982 1784
2500 2617
2500 1884
2500 2592
2617 1053
2617 2073
618 1068
618 901
618 2389
1068 457
1068 2424
92 2679
92 2291
2679 1940
2679 2054
395 2042
395 1603
395 1479
2042 1944
2042 1243
705 1710
705 682
705 713
1710 1579
1710 1619
1564 2523
1564 419
1564 2689
2523 2091
2523 710
766 1460
766 2222
766 219
1460 1034
1091 2828
1091 1975
2828 2563
2828 272
1507 1989
1507 2672
1507 1039
1989 448
1989 403
1305 1854
1305 973
1305 642
1854 2631
1854 2400
1918 2197
1918 2331
1918 2985
2197 2489
2197 1465
504 673
504 2007
504 313
673 2486
673 1135
15 2580
15 1171
15 2931
2580 994
2580 1847
370 1496
370 847
370 2847
1496 2691
1496 382
2598 2080
2598 1295
2010 2954
2010 1023
2010 1349
2954 1448
2954 219
174 767
174 520
174 2673
767 2799
767 2562
2890 2707
2890 478
2028 2334
2028 2864
2028 1446
2334 324
2334 143
372 2854
372 1176
372 2929
2854 1799
985 2294
985 269
985 1363
2294 2644
2294 514
2106 1870
2106 2431
1896 2709
1896 1225
1896 860
2709 1259
2709 1934
1031 2410
1031 2620
2410 622
2410 825
182 1790
182 2775
182 2218
1790 1613
1790 2
1897 2030
1897 804
1897 997
2030 2818
2030 1761
41 2754
41 1120
2754 2056
2754 2257
42 355
42 1319
42 2162
355 2941
355 2842
356 514
356 125
356 2252
514 105
552 2146
552 2027
552 2109
2146 622
2146 2169
1201 2183
1201 942
1201 1839
2183 2589
91 625
91 1976
91 1262
625 2022
625 50
489 1309
489 2136
489 301
1309 1531
1309 753
2424 2864
2424 2102
2864 2519
1270 2747
1270 2391
104 2401
104 1245
104 2032
2401 2604
2401 759
2382 2947
2382 955
2382 2096
2947 1060
2947 392
718 1806
718 655
718 200
1806 609
1806 887
221 1903
221 2779
1903 337
1903 784
1477 2612
1477 1391
1477 197
2612 2621
2612 726
128 2758
128 2584
128 2112
2758 1370
2758 484
424 950
424 477
424 1369
950 1792
950 1539
80 2272
80 2539
80 2152
2272 172
2272 1868
901 1197
901 1490
1103 2783
1103 2036
2062 2484
2062 2425
2062 689
2484 1820
2484 1802
1449 2635
1449 2912
1449 1620
2635 2261
2635 1737
380 1932
380 1218
380 2084
1932 888
1932 2563
311 2061
311 642
311 2642
2061 2525
2061 2040
520 594
520 707
594 2665
594 1104
1248 2236
1248 1307
1248 849
2236 897
2236 2794
725 2195
725 1427
725 283
2195 655
2195 2496
1356 2327
1356 2187
1356 1852
2327 2414
2327 1941
203 1741
203 920
203 66
1741 2139
1741 977
157 691
157 284
157 2507
691 249
691 77
2887 2975
2887 684
2887 2194
2975 2184
2975 996
535 1397
535 56
535 454
1397 1945
675 1291
675 1774
675 1620
1291 875
1291 2625
199 279
199 1041
279 657
279 1454
95 460
250 2347
250 593
250 1406
2347 1164
2347 2965
640 1333
640 798
640 2442
1333 1669
1333 579
2060 2559
2060 2167
2060 2830
2559 1284
2559 1319
608 743
608 1027
608 917
743 2174
743 2343
263 300
263 2722
263 111
300 2504
300 2863
757 1589
757 2013
757 1004
1589 2057
1589 1343
352 2852
352 2866
352 1523
2852 476
2852 178
2212 2693
2212 2784
2693 1596
2693 1569
464 2276
464 2412
464 301
2276 112
2276 2796
75 1003
75 1271
75 1434
1003 2689
1003 2824
1676 2304
1676 1379
1676 1727
2304 2870
2304 1849
266 1537
266 2133
266 1143
1537 339
1537 2086
1451 1777
1451 1704
1451 1706
1777 1014
1777 851
2481 2341
2481 2653
1312 2894
1312 2808
1312 168
2894 925
2894 2385
2166 2317
2166 1763
2166 2502
2317 837
2317 845
457 315
351 2893
351 2853
351 2904
2893 210
2893 1698
944 1043
944 1020
1043 2666
1043 1798
277 2449
277 1780
277 1433
2449 2910
2449 450
911 1949
911 2738
911 1185
1949 1141
1949 2178
1860 2619
1860 1420
1860 1334
2619 1056
2619 1090
1383 2545
1383 1866
1383 2861
2545 1565
2545 1751
1728 1942
1728 1341
1942 303
1942 1874
759 1555
759 1216
1555 172
1555 1677
448 2825
448 2876
2825 487
2825 746
58 1099
58 2422
1099 735
1099 2489
306 1838
306 2569
306 2992
1838 500
1838 2720
1023 1040
1023 1754
1905 2324
1905 2866
2331 2118
2331 2743
2044 2556
2044 591
2044 1162
2556 2903
2556 734
1166 1384
1166 2051
1166 2684
1384 943
1384 1350
948 2919
948 2613
948 1924
2919 663
2919 209
235 2043
235 1077
235 1681
2043 2749
2043 2251
1623 2154
1623 1731
1623 1857
2154 2116
2154 739
36 1834
36 2503
36 874
1834 975
1834 88
1235 2832
1235 139
1235 1907
2832 2463
840 2419
840 2916
840 591
2419 2311
2419 765
2074 2435
2074 2471
2074 2960
2435 1985
2435 374
2436 2671
2436 2749
2671 1106
2671 2687
1743 2744
1743 2488
1743 2086
2744 1647
2744 2726
2041 2932
2041 1999
2041 780
2932 559
2932 1930
1993 2101
1993 1892
1993 57
2101 360
2101 2318
1045 1130
1045 1325
1130 1212
1130 428
22 623
22 2532
22 345
623 474
623 1746
2263 2865
2263 2184
2263 1604
2865 770
2865 1794
2123 2476
2123 2309
2123 2732
2476 1172
2476 651
302 2892
302 1939
302 1885
2892 785
2892 2237
1750 2033
1750 1319
1048 1550
1048 2270
1048 2144
1550 742
1550 2321
830 833
830 595
830 2724
833 1382
833 466
1771 2519
1771 465
1771 1392
2519 482
1661 1940
1661 603
2959 432
2959 696
105 343
105 381
1114 2169
1114 2905
1114 1877
2169 1735
2199 2471
2199 30
2199 1828
2471 947
943 97
943 1850
548 2395
548 1529
548 2470
2395 2651
2395 1619
1322 1789
1322 1472
1322 2307
1789 488
1789 364
1487 2122
1487 2464
1487 1363
2122 1940
2122 1906
1332 2248
1332 2321
1332 701
2248 1934
2248 551
497 2466
497 2917
497 2622
2466 1582
2466 624
422 715
422 1723
715 2705
715 2560
1796 2877
1796 2818
1796 1651
2877 519
2877 1086
1276 2167
1276 432
1276 2187
2167 1165
1007 2308
1007 1506
1007 2214
2308 1349
2308 272
1512 2035
1512 897
1512 1539
2035 1738
2035 2798
230 810
230 153
230 133
810 1109
810 2993
578 962
578 1029
578 2509
962 2663
962 260
726 2029
726 605
2029 1709
2029 929
1545 2886
1545 1430
2886 752
11 2163
11 611
11 151
2163 2164
2163 850
553 2366
553 1268
553 2441
2366 1669
2366 2819
728 2218
728 276
728 54
2218 1321
309 2680
309 2781
309 2943
2680 1779
2680 2288
2162 2296
2162 651
2296 421
2296 1239
1776 1815
1776 2437
1776 171
1815 939
1815 2369
43 2115
43 1914
43 186
2115 868
2115 1183
881 1265
881 764
881 1985
1265 280
1265 2831
956 1704
956 816
956 2052
85 1474
85 116
85 564
1474 2420
1474 510
902 2636
902 2157
902 2608
2636 1951
701 1563
701 2339
1563 744
1563 575
264 630
264 1859
546 1689
546 2798
546 1675
1689 48
1689 561
2899 388
2899 110
1314 1906
1314 648
1314 1714
1906 721
1779 1170
1779 1639
955 2243
524 1521
524 349
524 1969
1521 2994
1521 282
574 1113
574 1769
574 1707
1113 1019
1113 1025
393 1038
393 1926
393 27
1038 2670
1038 2751
733 2418
733 1252
733 2358
2418 2873
2418 1959
78 1592
78 1144
500 2238
500 776
219 885
885 474
885 189
34 202
34 1418
34 222
202 2676
202 1703
1213 2497
1213 2257
1213 2554
2497 909
2497 1691
1912 2695
1912 1694
2286 2596
2286 2663
2286 2646
2596 2764
2596 1628
970 2281
970 990
970 2223
2281 2981
2281 731
339 2375
273 892
273 136
273 2815
892 1701
127 509
127 502
127 1282
509 1570
509 1211
2309 1054
2309 1685
1389 1447
1389 2487
1389 908
1447 1160
404 1986
404 2440
404 2853
1986 678
2222 1059
2222 1120
416 2189
416 2064
416 1194
2189 1012
2189 1996
2438 2995
2438 1182
2438 760
2995 442
2995 1672
1277 2014
1277 1027
1057 2780
1057 1217
1057 194
2780 2027
2780 453
2360 2667
2360 1000
2360 407
2667 1677
2667 2827
125 2845
125 2628
1148 2898
1148 1811
1148 465
2898 1574
2898 2884
737 1112
737 2973
737 1705
1112 2124
1112 774
633 1549
633 1385
1549 2936
1549 189
1571 2735
1571 653
1571 1174
2735 2025
2735 2232
2905 1177
2905 538
1073 1821
1073 2605
1073 285
1821 2722
1821 2551
252 1183
252 1637
1183 1117
467 879
467 2957
467 555
879 214
879 1646
2087 2508
2087 611
2087 2050
2508 1757
2707 1622
2707 1560
1670 2485
1670 1882
1670 968
2485 225
2485 1826
2783 560
2783 1635
1149 1125
1149 2246
2873 2207
2873 292
603 2051
2051 687
1554 2539
1554 1772
1554 2848
2539 290
1437 1547
1437 1559
1047 2851
1047 1203
1047 1745
2851 1329
2851 933
776 1979
776 491
1979 1297
1979 2970
820 2314
820 2086
820 1966
2314 529
2314 672
1675 1782
1675 1724
1782 2870
1782 542
414 1483
414 1042
414 303
1483 2207
2663 1032
1502 2119
1502 226
1502 373
2119 601
2119 1066
1607 1585
1574 1388
1574 742
315 2253
315 842
1760 2234
1760 1536
1760 2210
2234 2944
2234 2943
1370 1411
1370 615
1411 405
1411 779
573 981
573 1069
573 2193
981 1638
981 2377
1582 863
1593 1599
1593 1108
1593 937
1599 2008
1599 2672
1176 523
593 118
593 2516
637 1002
637 2690
637 915
1002 1336
878 2785
878 2843
878 2570
2785 179
2785 1532
922 1400
922 558
922 2364
1400 2976
55 2452
55 1178
55 936
2452 562
2452 2045
732 2322
732 1077
732 1890
2322 191
645 1271
645 256
645 1885
1271 829
888 2869
888 140
1197 198
1197 1222
874 1997
874 2208
1997 924
1997 619
76 2920
76 2540
76 2661
2920 1131
2920 512
1501 2504
1501 748
1501 2654
2504 1357
515 2473
515 319
515 662
2473 1431
2473 2277
2390 2931
2390 795
2390 1999
2931 2250
272 1520
1520 2778
1520 1173
456 1484
456 350
1484 1140
1484 342
635 1343
635 390
635 590
1343 333
116 2092
116 4
1060 1435
1060 1
1041 2158
1041 1279
2121 2082
2121 2354
2720 1344
2720 1082
1378 2290
1378 2878
1378 597
2290 1246
2290 147
1506 2884
1506 762
2884 1746
1128 1132
1128 1783
1128 1578
1132 144
1132 2413
2107 2170
2107 1959
2107 378
2170 2235
937 2318
937 240
2318 2729
649 2180
649 392
649 2478
2180 232
2180 1765
1035 1578
1035 1236
1035 2430
1578 2380
405 383
405 2535
181 763
181 62
181 2831
763 185
388 2264
388 2743
2014 1570
2014 2972
403 1221
403 695
1221 1787
1221 2019
2916 425
198 2090
198 2979
931 1393
1288 2517
1288 2003
1288 2764
2517 670
2517 430
1145 287
1145 1642
2426 2437
2426 2072
2054 2056
2054 545
2056 1990
308 2008
308 1744
308 1164
2008 1802
1216 1365
1216 2895
1365 1832
1365 2565
287 1805
287 1014
1805 2977
1805 338
836 2801
836 463
836 1208
2801 1774
1511 2302
1511 2468
1511 2284
2302 2512
2302 1795
480 659
659 1547
659 2194
1429 1450
1429 2089
1238 2781
1238 1572
1238 148
2781 2988
242 1245
242 2095
242 204
1245 1168
2337 138
38 1366
38 1766
38 1106
1366 120
1366 1926
2220 2353
2220 2562
2220 1846
2353 2098
2353 2384
2420 1306
2420 77
1808 2674
1808 1757
1808 1203
2674 340
2674 1116
97 332
97 25
332 1321
332 473
1783 1313
1783 1083
1603 1557
1603 2535
1315 1609
1315 434
1315 1131
1609 241
1442 2467
1442 496
1442 1026
2467 2961
2467 2340
1588 1767
1588 571
1588 265
1767 2753
1767 1951
17 319
1233 1390
1233 2648
1233 2789
1390 217
1390 877
1799 1061
1669 1016
1634 1734
1634 207
1634 1123
1734 1190
1734 2392
438 1830
438 1304
438 2343
1830 690
1830 236
1374 1515
1374 2405
1374 70
1515 2606
1515 814
378 2682
378 1898
2682 2739
2682 508
550 988
550 269
550 375
988 674
988 222
770 1894
770 2440
1894 2624
1894 1257
2267 2815
2267 1320
2267 653
609 665
609 2325
665 2608
665 581
1450 2838
1450 2224
661 2443
661 1849
187 1430
187 164
187 909
1430 1876
237 1925
237 211
237 2650
1925 1280
1925 31
2253 761
2253 244
0 966
0 1207
0 1812
966 1070
966 1054
630 2729
630 1874
1709 2513
1709 1679
1044 1087
1044 2526
1044 468
1087 224
1087 349
2165 234
2165 1415
2389 2548
2389 534
2548 2034
1681 758
897 1775
493 2561
493 185
493 2763
2561 2273
2561 1346
560 1568
560 1129
1568 1363
1568 1260
412 1404
412 2040
412 1963
1404 1051
1404 712
2747 384
2747 2250
141 681
141 752
141 2629
681 431
681 639
1376 2499
1376 1453
1376 1810
2499 1983
2499 690
1438 2432
432 1025
1350 1952
1350 2782
1952 2002
1952 1758
2816 2049
2816 65
1899 2805
1899 2492
1899 2615
2805 1667
2805 1562
238 470
238 2736
238 1195
470 2526
470 1393
1017 1254
1017 1364
1017 1910
1254 468
1505 1566
1505 1611
1505 1595
1566 1261
1566 904
2690 1190
2597 2847
2597 1712
2597 1715
2847 1680
2380 2849
2380 348
2849 346
2849 634
856 928
856 1414
856 1768
928 334
2191 2833
2191 241
2191 322
2833 1969
2833 2710
361 540
361 2841
540 2415
540 347
1988 2611
1988 1006
1274 2344
1274 1926
1274 806
2344 1336
114 2240
114 108
114 49
2240 2901
2240 1859
419 2882
419 1075
1705 2036
1705 226
2036 2493
453 1706
1706 2629
684 2859
684 443
1556 1913
1556 2103
1556 2749
1913 2991
1913 90
2608 192
2090 1452
2090 1481
2301 2970
2301 923
2301 802
2970 1083
1241 2575
1241 418
1241 1299
2575 646
2575 1944
790 2114
790 1688
2114 491
2114 1792
1005 2039
1005 2552
1005 1053
2039 1720
2039 2717
1259 953
1159 2771
1159 1814
1159 1491
2771 2204
522 1662
522 1698
522 2563
1662 2288
1662 2712
545 2399
545 1633
1177 2470
1177 771
612 1964
612 1471
612 2910
1964 234
1964 1150
2917 183
2917 735
392 1995
1304 2451
1304 1004
2451 2530
2451 2627
707 1478
707 2989
1478 7
1478 2113
875 2984
875 2159
1069 607
1069 1050
1698 234
973 974
973 1839
2179 2571
2179 5
2179 2776
2571 2025
1010 2913
1010 100
1010 789
2913 1648
2913 2534
319 2015
863 2223
863 1659
961 2908
961 1909
961 1946
2908 417
2908 347
2631 1836
2631 1369
48 1778
48 231
1778 54
1778 1759
799 1826
799 847
799 418
1826 700
1109 1494
1109 2465
1494 597
1385 2639
658 1683
658 2770
1944 2524
2524 2813
2524 2257
1026 1316
1316 436
1316 1434
2098 82
2672 1070
2572 2767
2572 98
2572 267
2767 2172
2767 1410
2118 2148
2118 664
872 2161
872 607
872 2415
2161 286
2161 2821
1657 1973
1657 2228
1657 1756
1973 2104
1973 547
269 1600
1711 2996
1711 2094
1711 1272
2996 1525
2996 2673
772 2748
772 2394
772 2013
2748 1154
2748 1551
720 2292
720 832
720 1184
2292 1015
2292 2977
2368 2708
2368 213
2368 2706
2708 543
2708 1445
990 1924
990 2495
1924 2081
592 2143
592 1503
592 2653
2143 542
2143 2109
1019 2625
2625 582
482 1337
482 582
1337 390
1337 826
70 1509
70 307
1509 67
1509 2342
2371 2633
2371 2945
2371 531
2633 1748
368 1067
368 2350
2136 2378
2136 2648
1699 2469
1699 420
2469 1382
2469 1688
2082 2398
2082 2142
120 2655
120 2003
2513 53
2513 1785
939 2372
939 2071
2372 1284
2372 455
2207 336
1324 2937
1324 965
1324 727
2937 487
877 2397
877 634
2397 527
2397 2357
1813 1853
1813 575
1813 1358
1853 1823
1853 423
674 2297
674 656
2297 2676
2297 643
2689 525
2342 2691
2342 1697
2691 539
1151 1962
1151 1056
1151 2259
1962 1079
1962 1753
1904 2465
1904 852
1904 1637
2465 260
139 719
139 792
140 1200
140 606
1200 2300
1200 1883
2047 2922
2047 96
2922 1230
2922 297
1679 1800
1679 2408
2629 1585
350 2587
2587 843
2587 1422
558 2387
558 2080
2387 375
2387 947
18 1848
18 1671
18 1700
1848 2941
1848 2666
734 2204
734 1524
2204 286
1557 239
1243 2310
1243 1204
2310 1672
2310 1029
570 2361
570 2266
570 1122
2361 1538
2361 883
2260 2657
2260 1097
2260 1840
2657 2256
2657 1140
998 2808
998 207
998 2277
2808 2348
682 1748
1748 2599
2814 2951
2814 754
2814 200
2951 1510
2951 2305
253 2425
253 2083
253 1900
2425 1627
2007 1124
2007 2529
340 2393
340 2511
2393 2930
2016 826
2016 100
2584 2983
2584 2274
2983 2640
2983 1234
2794 741
2794 2763
196 1482
196 999
196 996
1482 2738
1482 557
2555 2956
2555 2238
2555 1300
2956 919
2956 2053
383 1214
383 1279
2655 2445
2655 2079
2354 2786
2354 2949
2786 1330
2786 2541
2134 2554
2134 2127
2554 26
375 2287
153 2423
153 50
2423 1625
2853 1648
257 2809
257 2844
257 468
2809 685
2809 1250
5 212
5 2251
2981 1867
571 641
571 650
641 126
641 2811
2073 2952
2073 2502
2952 1162
2952 1653
891 2946
891 794
891 2941
2946 2652
2946 567
1466 2131
1466 1503
1466 1573
2131 2632
2131 2403
1443 1473
1443 2411
1443 2249
1473 2293
1473 703
1581 2984
1581 722
1581 941
2984 283
2562 23
2488 606
2488 624
60 165
60 2909
60 1786
165 736
165 2454
2692 2817
2692 1976
2692 2024
2817 2725
2817 2192
680 1716
680 852
680 2120
1716 1791
1716 2532
288 2095
288 842
288 63
2095 1888
333 57
333 2911
285 2498
285 802
2498 2383
2498 2094
2252 2365
2252 2989
2365 2910
1012 749
1012 29
2577 2836
2577 816
2577 2732
2836 2855
2836 1328
185 2002
2002 1577
1150 2388
1150 2546
2388 1917
2388 2925
349 1436
1436 2670
1436 2288
1225 2827
1225 1351
2827 629
2258 2710
2258 2704
2258 1102
2710 543
519 1618
519 2284
1618 1773
2057 1584
753 2688
753 989
2688 967
2688 2364
1063 2356
1063 871
1063 2665
2356 2570
2356 541
62 1379
62 2712
1379 779
1742 298
1742 2871
735 1961
1820 366
1820 1961
1388 2340
1658 1761
1658 1974
1039 1361
1039 455
1361 1021
1361 2807
741 764
741 2875
764 2705
21 170
21 899
1000 1024
1000 1492
1024 1196
1024 1175
2953 2979
2953 2140
2953 2408
2979 1950
978 481
978 2764
964 2270
964 2835
964 123
2270 1600
227 2120
227 449
227 1001
2120 2845
1829 2569
1829 853
1829 2889
2569 1758
461 975
461 1266
461 532
1434 323
1381 1884
1381 2058
1884 2391
1189 2208
1189 536
1189 2897
2208 1194
1077 248
736 1179
736 916
1179 373
1179 345
2130 2325
2130 2779
258 1923
258 2396
280 1085
280 900
1085 2731
2223 2595
83 1065
83 2514
83 1878
1065 2651
1065 1795
1538 1053
1538 692
118 1660
118 2066
1660 2600
1660 2443
2591 824
2591 805
2022 2299
2022 2464
1868 2761
1868 1936
2761 906
1371 2858
1371 2379
2858 1489
2858 2446
444 2239
444 24
444 1959
2239 2363
2239 2938
611 2723
1819 2245
1819 1082
387 2379
387 1654
387 727
2379 663
752 2386
232 2176
232 784
2176 233
2176 1712
1787 959
1787 1961
1456 1541
1456 798
1456 2699
1541 945
1541 2434
1300 1931
1931 1101
1931 491
2381 2757
2381 1996
2757 73
2757 2004
662 1909
662 773
1909 845
512 1088
2006 2093
2006 1733
2006 957
2093 2542
2093 498
646 851
1761 2392
1090 2472
1090 1835
2472 2793
2472 1630
260 1651
390 842
1205 527
1205 2501
1004 2957
2957 1648
2128 2613
2128 2796
2128 1504
2613 2412
1539 2972
2972 2739
282 2298
282 2250
2298 1612
2298 2766
400 484
400 562
484 2903
1877 2622
1877 20
2622 1457
1945 2348
1945 744
2348 1720
577 2740
577 2706
577 1907
2740 1458
2740 648
113 1968
113 1631
113 982
1968 1173
1968 1406
2350 2662
2662 2602
2662 1842
189 1432
1432 2300
1432 1152
2295 2726
2295 2077
2295 2201
2726 2638
816 2428
441 102
441 1816
2845 150
178 785
178 709
785 111
744 1425
1425 2614
1425 2399
1485 1954
1485 2982
1954 1528
1954 2407
496 1360
496 1702
1360 2226
1360 771
792 2405
792 1096
2405 434
1637 1210
1232 2677
1232 213
1232 423
2677 1569
2677 919
638 1938
638 365
638 1071
1938 821
1938 2945
136 1691
136 1317
1691 367
1227 1695
1227 1138
1227 1196
1695 1841
1695 126
1587 1970
1587 805
870 1686
870 2275
870 396
1686 1624
1686 544
346 1861
346 121
583 1364
583 2626
1364 1402
556 2430
556 2209
556 858
2430 2588
686 782
686 1340
686 1991
782 365
782 51
2091 1191
2091 1497
7 2071
7 2351
2071 2540
106 2193
106 255
106 1061
2193 529
1823 2214
1823 1155
2214 2734
615 1167
1167 2374
1167 1056
1067 1323
1067 1220
530 800
530 780
530 1118
800 1325
800 27
1307 2069
1307 2579
2069 295
2069 2503
685 2491
685 2477
486 1431
486 598
486 1283
1431 1765
2247 2807
2247 544
2247 1493
2807 2510
869 1169
869 402
869 712
1169 884
67 1713
67 1084
1713 1895
1713 2586
1672 1066
1671 2103
1671 783
2125 2701
2125 666
2125 882
2701 1079
2701 2844
2133 1263
102 2982
102 2963
2982 2915
1579 1921
1392 2521
1392 2237
2521 2496
89 2634
89 2306
89 2660
2634 1191
847 2971
2490 2942
2490 2129
2490 1375
2942 940
2942 1764
2912 1531
2912 1584
2729 2431
896 1042
896 1510
896 481
1042 1800
1292 2848
1292 895
1292 2052
2848 2265
532 1519
532 1946
1519 2694
1519 566
2624 730
2624 894
1129 2648
1129 2113
2025 527
1756 2839
1756 2409
2839 1532
2839 1402
2739 421
2319 2687
2319 2232
2319 783
2687 926
1613 2790
1613 2949
2790 2486
2790 1479
330 171
330 132
2205 2980
2205 324
1329 2743
1329 1927
193 926
193 1822
193 303
926 2647
216 501
216 384
216 1865
501 706
501 2196
2182 930
2182 1286
2496 2585
2585 1831
2585 107
1396 2532
1396 2394
1396 2870
1349 632
99 923
99 1844
2027 1628
2434 2610
2434 811
2610 2530
2610 2923
844 1647
844 1852
1647 2464
318 814
318 1620
318 1403
814 1794
289 979
289 976
289 1165
979 1678
979 385
2639 1983
2639 1481
59 2065
59 2774
152 336
152 2776
152 2831
336 1542
974 656
974 1157
899 2745
899 2525
2745 297
2745 2643
828 1144
828 567
1144 164
245 2370
245 2857
245 2567
2370 122
2370 1187
2756 2926
2756 1193
2756 217
2926 1547
2926 1990
1677 536
2989 2278
135 2089
135 2447
294 2262
294 478
294 2385
2262 1948
2262 462
274 2791
274 2081
254 1143
254 1857
1143 746
2915 2955
2915 2888
2955 2486
2955 1525
6 1306
6 1937
6 1598
172 2450
126 1222
1825 780
1825 2338
1098 1126
1098 2823
1098 307
1126 494
1991 1639
143 2623
143 1666
2623 1937
2623 249
344 398
344 1855
344 2357
398 2518
398 2812
45 2991
45 2721
45 557
2991 1394
229 1351
229 2141
229 1922
1351 2992
1696 1755
1696 832
1696 29
1755 920
1755 117
2172 1936
2172 1570
965 2588
965 2934
2588 1921
452 2820
452 1339
2820 1715
2820 27
1135 2096
1135 650
2096 1299
144 2704
144 2429
2704 138
1781 2616
1781 2714
1781 117
2616 1251
2616 166
2019 1939
2019 1336
249 1281
2901 2227
2901 2647
1424 1561
1424 2985
1424 1302
1561 179
1561 472
678 2903
678 1386
1280 158
1280 2421
353 2963
353 1107
353 1714
2963 291
960 1426
960 1910
960 161
1426 2359
1426 2727
566 2024
566 786
2024 1869
1323 2712
993 2506
993 756
993 2462
2506 1516
2432 819
1059 1186
1059 991
402 2474
402 2178
721 2492
721 1850
2492 2714
924 2349
690 430
2468 2878
2468 2579
284 2083
284 1208
156 2305
156 190
156 2604
2305 817
793 1285
793 1895
793 1118
1285 2536
1285 173
2394 606
1688 1534
247 1526
247 1410
247 2812
1526 1575
1290 2994
1290 1965
1290 821
2994 2265
2878 620
1847 2911
1847 455
2911 2935
1402 1064
1127 1804
1127 2293
1127 1810
1804 811
1804 2716
1974 2643
1974 1308
2791 1294
2791 1636
1395 2787
1395 1459
1395 1641
2787 436
2787 585
876 1914
876 1764
1418 2668
233 1627
233 1282
1627 1387
1398 2038
1398 295
2038 854
1101 882
913 977
913 312
913 930
977 2813
2906 2968
2906 657
2968 2287
2968 248
853 2838
853 655
890 2242
890 1472
890 2829
2242 1544
2242 2802
632 2355
2355 2280
2355 123
1414 1753
1414 1102
1753 2487
446 2407
446 547
446 841
2407 2879
694 905
694 1580
1665 2009
1665 2049
1665 2777
2009 1995
2009 664
1204 2437
1204 2153
1611 1257
1611 696
23 1115
23 2824
1115 1643
1115 2186
775 2934
775 601
775 567
2934 947
2670 652
1800 1321
541 1455
541 1646
1455 1030
1455 1729
1246 1737
1246 2871
1639 2630
2630 1289
2630 2818
437 1663
437 2658
437 2640
1663 1083
1663 1119
1212 2547
1212 2796
787 1367
787 2017
787 1970
1367 445
1367 175
239 1907
239 435
1407 2918
1407 160
1407 557
2918 265
2918 2083
1752 2778
418 1419
868 1701
868 1461
1401 2578
1401 596
2578 683
2578 30
795 1721
795 2068
2429 286
2429 2522
1121 314
1121 949
382 909
382 1410
717 2965
717 2140
717 907
2965 210
1252 51
1252 1217
20 2399
20 1730
1359 1640
1359 1614
1086 2459
1086 2097
2459 1163
2459 2531
1995 2944
2944 2325
312 2278
312 1816
2278 2789
919 1453
761 2830
2412 2593
1936 13
2605 2345
2605 2925
1172 2727
1172 647
2727 1631
2032 2453
2032 756
2453 781
2453 2609
1025 2299
2299 477
119 391
119 714
119 2914
391 1622
391 1147
256 1708
256 2323
1708 379
1708 2409
1284 723
1592 2266
1592 2962
2266 672
32 1591
32 1011
1591 2637
1591 813
1105 1471
1 2241
1 2192
2241 485
1908 2768
1908 572
1908 711
2768 1439
2768 1674
358 938
358 369
358 1585
938 2741
938 1784
1500 2448
1500 2190
1500 2762
2448 2600
2448 2641
1190 2188
425 619
425 1428
619 1051
1328 406
1439 2289
1439 267
2289 1621
2289 322
204 1191
204 526
2676 155
729 1110
729 2978
729 2856
1110 1833
1110 1614
850 991
991 2446
2431 1399
562 829
72 580
72 328
72 1888
580 825
580 1531
2889 714
2889 643
2332 2686
2332 1656
2332 506
2686 53
2686 338
2547 2760
2547 692
2760 1028
2646 2882
2646 479
2882 953
2799 1139
2799 1294
1224 1583
1224 1851
1583 604
1583 837
884 2879
884 1845
417 880
417 1889
880 2346
880 1358
860 2618
860 565
2618 410
2618 934
259 2249
259 2216
259 2606
2249 708
121 1641
121 2746
1641 2772
2875 1828
1029 1209
2736 2775
2736 1890
2775 727
112 2724
112 2600
2724 2440
154 1180
154 1493
154 2201
1180 2181
1180 2442
33 1763
33 2792
1006 2034
1006 666
2034 2336
773 1423
773 1157
1423 408
1423 1939
2976 818
1040 338
1040 2664
568 2711
568 2696
568 1694
2711 1703
2711 1125
506 664
506 276
1895 111
1123 1801
1801 2406
1801 2080
650 903
184 2227
184 2897
184 1636
2227 1046
214 1724
214 74
1724 2454
2092 381
2092 1540
328 1732
328 1719
65 1372
65 1934
1372 824
1372 1517
1622 1344
331 2681
243 1229
243 569
243 1731
1229 2594
1229 82
1178 2716
1178 719
94 1543
94 581
1046 130
1046 1683
348 1251
348 867
1251 1028
371 2583
371 1346
371 1615
2583 231
2583 316
871 2971
871 827
1293 2104
1293 2681
2104 2909
2416 2698
2416 137
2416 1387
2698 2217
2698 209
2516 2593
485 698
1523 2795
1523 1953
2795 1851
2795 861
2478 2493
2478 313
2493 337
886 1600
886 2510
886 1730
602 1927
602 653
1927 473
1542 1108
1542 2602
1604 1737
1604 811
706 2164
706 708
2164 586
321 1258
321 1117
1640 1139
1408 1416
1408 898
1408 137
1416 2409
1416 1674
620 518
1638 2632
1638 2351
2632 1088
538 1533
538 2582
1533 1827
363 369
363 1678
363 31
369 2821
1240 1911
1240 2003
722 2782
722 1287
1257 2695
2857 2520
2857 2341
762 2647
421 1987
408 771
1937 2683
2001 2540
2001 2950
2001 1608
1133 1827
1133 29
1827 1220
627 971
627 1313
2491 2804
2491 1586
698 1253
46 1192
46 2148
1192 2883
1192 2725
1391 2653
1391 362
2065 525
2065 2730
1330 374
1330 2108
751 2359
751 354
2383 435
1406 1958
1958 1975
1958 1018
601 1580
155 1435
155 843
2116 1386
2116 2713
898 1536
898 149
2703 2012
2703 1266
2589 967
2589 2048
2033 2479
2033 712
563 2766
563 959
563 2914
2766 2152
1297 2316
1297 534
2316 1594
1914 329
525 1840
709 159
709 195
1168 1923
2694 1138
2694 1773
326 1218
326 61
326 2237
1218 1457
2518 2505
2518 2804
1624 1664
1624 2210
1664 40
1664 1403
161 2462
161 166
2462 2568
228 1469
228 1318
228 1508
1469 2573
1469 1497
2174 2216
2174 731
2216 1628
1866 610
1866 2891
2844 2132
2181 2282
1594 2315
1594 98
2315 2940
2315 2231
1643 963
1643 676
585 660
585 2737
660 778
660 1457
1972 1957
1972 2045
794 2411
794 433
2411 2005
2398 1917
2398 1283
2993 2660
2993 2225
1122 1273
1122 270
1273 2530
1273 1762
276 1552
477 1733
1876 2558
1876 1994
2558 225
2558 310
2037 2512
2037 791
2037 1770
2512 1835
1030 175
1030 124
533 1552
533 2765
533 223
1552 1394
1214 2933
1214 1812
2933 1461
2933 2628
1631 1504
435 1883
1883 2251
2909 2330
679 2280
679 2307
679 1835
2280 1155
730 1837
1837 462
1837 1795
1851 1818
613 2829
613 683
613 2450
2829 1842
1738 465
366 2463
366 1759
436 1253
1346 2964
159 1902
159 2456
569 1510
569 2102
746 1476
170 1850
170 2940
74 2291
74 2287
2291 244
1311 2907
1311 1673
1311 2904
2907 1518
2907 2998
1100 1146
1100 1226
1100 2076
1146 982
923 2303
1597 2855
1597 1355
1597 2850
2855 2217
1540 115
1540 2620
1413 1722
1413 1279
1722 96
1722 1446
2656 2876
2656 2553
2656 195
2876 2961
1338 1957
1338 812
1338 1976
251 1960
251 1775
251 2444
1960 2384
1960 1731
1950 1548
1950 2259
595 2641
595 224
1867 2722
1867 1727
996 2751
2751 1916
2345 2730
2345 2328
1283 1612
1612 2215
2124 2228
2228 429
724 831
724 2433
724 555
831 2413
831 2904
2306 864
2306 262
1522 1772
1522 2326
1680 2480
1680 1160
2480 2974
2564 2649
2564 2773
2564 325
2649 68
2649 304
607 389
103 2210
103 2219
2140 933
2055 2659
2055 79
2055 2772
2659 864
971 463
1281 2856
1281 2142
2856 12
2936 2138
2936 451
1210 1255
1210 995
1255 1773
1255 1237
2525 1015
2186 56
2186 1580
2776 2004
2644 2000
963 903
963 849
1070 1608
2369 1160
24 2447
24 1569
2447 1420
265 2456
1173 2541
2813 281
2456 2715
2715 173
2715 68
1156 1405
1156 2338
1405 1690
1405 2403
2738 953
1797 1810
1797 2175
1797 1358
440 1049
440 335
1049 2695
1417 1798
1417 1084
758 2527
758 2363
2527 2938
2527 148
445 373
1171 1152
1171 2810
731 1798
1184 1732
1184 1209
2217 2566
1108 1862
802 2958
2112 2352
2112 2190
2352 769
2352 1878
642 539
2510 933
1215 1841
1215 1888
1215 2883
1841 1256
1258 1308
1258 2604
1308 2221
396 2741
396 1134
1193 1524
1236 1615
1236 2300
711 2487
711 1170
478 995
1794 2188
2005 631
2005 2658
929 2566
929 1775
2566 2529
1412 1488
1412 1765
1488 598
599 2511
599 1435
599 1020
2511 490
481 61
804 1066
804 2335
2721 466
2721 335
2628 1890
44 2374
44 2773
44 1278
2374 536
1138 1513
1513 862
1513 2445
1317 1744
1317 796
1744 2626
1464 1763
1464 561
1464 2565
768 1422
768 742
768 1534
1422 2515
433 2269
1816 487
2231 2838
2231 1530
2341 2551
1659 1601
1237 2803
1237 1217
2803 39
359 2422
359 1673
2422 2000
651 873
873 1576
873 2592
1745 1898
1745 2573
1898 2973
1911 2142
1911 406
28 1239
28 1602
28 1573
739 2256
255 587
255 450
1572 2765
1572 2330
778 1978
778 292
360 2386
360 2284
2386 687
819 2495
236 859
236 2058
859 262
859 1444
916 700
916 968
518 2271
518 2474
2271 908
1948 1654
1948 1928
2660 1605
2793 2454
2793 667
2765 526
50 2723
211 1625
211 2843
1625 1266
1454 2364
1454 2895
401 559
401 240
401 49
559 2950
2203 2753
2203 79
2753 2068
528 430
528 683
1690 1833
2821 521
2230 2627
2230 629
2230 2072
2627 1875
915 2503
915 1352
579 2551
579 2045
949 385
1814 431
231 1953
1465 1001
150 1736
150 1161
1736 2070
1736 201
1175 2841
1175 1666
2841 377
2706 1807
749 1861
749 952
2097 2219
2097 2985
2219 1758
2823 2520
108 2264
108 791
2264 834
1131 341
2897 1517
769 1601
769 329
531 428
226 1807
1409 2190
1409 476
1409 1766
2049 1746
2415 2336
622 2076
2076 110
1978 367
2773 2108
930 1963
1963 2377
323 2078
323 1824
2 774
317 1211
317 2570
317 1263
1211 2171
2188 704
190 1399
190 212
1399 2323
2869 1645
2869 2070
1656 271
1656 498
1602 2155
1602 2535
1089 2224
999 1015
999 543
561 1198
1198 347
1198 1586
2226 1208
2053 2678
2053 1576
2678 755
2678 158
692 1334
225 1923
786 907
786 1792
907 2349
551 1764
551 666
903 1163
2866 1902
1529 1289
1529 367
668 2614
668 427
668 789
2614 1174
2962 2935
2520 2099
1453 1492
1492 2769
1102 796
1448 310
1448 1803
1427 40
1427 508
714 1335
643 505
1673 1433
1116 1577
1116 777
1577 2245
2746 699
2746 774
195 2800
385 1242
1419 2109
1419 2611
2363 2375
1855 2819
1855 304
2819 2243
843 1719
1759 1751
2593 3
941 2330
941 2871
1615 1536
295 2718
2718 626
147 2474
147 2311
2017 1642
817 2638
2732 2948
2948 529
429 997
429 1518
997 1649
693 1955
693 1318
1016 1154
1445 2404
1445 1828
2404 2048
2404 1621
687 364
2004 1966
2385 2269
298 549
298 2978
549 598
1052 2329
1052 2609
1052 2157
2329 1869
2329 2945
858 2198
858 1134
2198 2479
2198 1857
2026 2800
2026 192
2026 1282
2800 19
1702 88
1382 73
1080 2018
1080 290
2018 1230
2018 2141
2443 1092
900 2725
900 1562
2536 1977
2536 1118
179 389
2502 1302
2938 2507
657 2132
200 513
513 2777
513 959
2187 765
2378 2052
2378 40
1596 976
1596 2400
1032 2737
1032 293
1559 2137
1559 952
2137 1606
2137 523
451 2346
428 1516
1476 822
1786 2752
1786 386
2224 443
534 2615
210 1318
676 2549
676 341
2549 667
2549 1295
98 2531
2126 2980
2126 365
2980 648
1503 420
1462 1917
1462 1921
1462 572
61 2458
1050 1548
334 1653
334 342
1653 1339
945 2868
2050 1096
2050 2145
53 1136
2652 307
2652 1470
431 209
1458 1654
1458 66
2505 246
1196 1919
2269 2599
934 124
244 1289
1136 2277
1136 1840
2879 2717
1420 2185
2185 84
1516 1481
183 293
183 1268
2171 2349
2171 1493
1344 723
19 1762
19 1340
1762 1084
2651 639
293 1188
1635 278
1635 1651
824 410
148 2127
883 2338
883 1528
314 423
2406 1889
1268 1534
117 1341
2621 2717
2621 2428
73 2175
587 1822
316 2664
316 376
2664 1076
386 2988
386 1802
2988 1902
600 1785
600 2445
600 335
582 2225
2225 2835
1154 2716
1869 995
565 2031
565 151
2553 510
2209 37
2209 138
329 564
213 1576
2200 905
130 151
130 1575
1242 1185
575 488
2184 940
2413 2973
2221 544
626 2964
626 164
1034 2088
1034 305
2081 940
654 754
1965 2607
2607 2256
2777 894
1916 777
1916 2259
1666 1296
2339 2592
2339 511
904 2927
904 379
2927 505
2730 511
1313 2784
1966 1970
2077 1740
2077 2939
115 2788
115 1712
695 2929
695 1124
798 1490
1490 1720
1892 2515
1892 670
2515 168
1096 1140
1667 1856
1667 49
2150 2810
2150 2601
2150 305
2810 1678
217 1194
1014 409
2582 2842
2582 2964
129 168
129 1011
129 1598
2000 2233
2233 472
688 2526
688 2684
688 39
542 1919
1616 2881
1616 2279
1616 1859
2881 490
2235 914
2235 783
2414 1586
442 343
442 1721
1334 1999
364 415
415 621
271 2359
271 201
1369 2127
1141 2874
1141 784
110 590
1278 1546
1278 2108
1546 835
1546 2013
2157 2417
2417 1920
475 813
475 1697
475 1444
813 989
656 2567
1164 1768
652 483
2742 1185
212 1900
2088 291
1668 2012
132 908
132 2196
807 1780
807 2335
807 2514
1780 1803
2068 894
2638 240
1846 2826
1846 781
2826 699
2826 2153
1994 2661
1994 1551
672 1865
1092 1595
1092 2324
631 1081
631 2274
2599 2489
719 2842
1195 2455
1195 547
2455 1234
2455 2992
1856 1508
1856 2759
131 2850
131 1441
131 835
2850 1107
815 2579
815 1147
815 2684
283 494
389 1839
1341 1296
2293 2930
2752 822
2752 37
1987 123
1987 629
1723 107
1723 2135
2433 1870
677 2358
677 806
677 1636
2358 2883
1996 2058
2450 1247
2546 2336
2546 791
818 1769
1107 1147
1461 2861
808 976
808 2139
808 460
2595 864
588 984
588 823
490 2457
825 191
1985 1051
51 624
1403 2475
2475 2132
2475 2774
2265 56
26 1061
26 2421
1683 2734
494 2084
1446 2930
2645 2696
2645 66
2645 194
2696 920
30 1377
13 755
13 2641
755 2978
1920 2148
1920 2977
2245 2194
2925 704
1097 1120
1097 1793
1606 2444
1606 927
207 476
54 413
832 1470
426 2173
426 2868
1186 2323
1186 1088
1733 2683
2958 1081
2958 846
957 1812
957 1565
1793 2084
2012 2537
2537 2552
826 2268
2268 2507
84 2863
84 2759
2863 278
1532 1544
411 777
411 2509
411 2321
410 1650
310 479
1187 2804
1187 748
1386 989
1719 952
1646 1915
2175 1573
1650 1784
1650 2602
37 917
917 2594
2470 2834
2834 201
2834 1377
2637 2891
2637 301
927 1803
47 1375
47 1740
1375 1842
1348 1064
1348 765
1721 1929
1929 1967
1929 2113
1182 914
1182 362
713 827
713 1036
827 2859
754 2731
1524 1832
1811 1294
12 605
621 829
621 1769
2560 2620
1325 2798
2328 2642
2328 597
2642 2145
1518 2099
2099 267
2145 2811
2830 1915
669 2567
669 2403
669 1822
1922 696
2178 2458
1726 2020
1726 1335
1726 223
2020 2482
2020 748
2103 910
1740 1836
2392 1751
2070 2779
1174 2303
2303 1339
1018 1152
1018 1310
987 2705
987 281
987 2811
462 1928
384 895
1595 2661
760 2699
760 1885
2699 925
906 2673
806 1881
1226 1642
1226 1882
1170 1161
1818 1062
1818 2307
921 1340
921 2763
921 2665
1598 2734
1355 1946
1355 710
756 2683
474 2939
670 463
1357 2666
1357 2144
337 1377
2640 823
812 2457
812 1845
2457 2770
1831 2609
1831 2333
590 1590
1590 483
1590 1261
1870 68
639 2654
2139 262
2129 2135
2129 2421
2135 1444
1064 420
647 1608
511 936
1320 2533
1320 1575
2784 1878
2444 1881
910 2326
1655 2974
1655 1844
1655 2023
2974 1071
1299 1036
1272 1062
1036 2159
1234 2428
2874 539
2874 702
1861 1104
2275 2351
2275 1729
502 1459
502 667
2950 25
2509 1262
1452 1990
1452 1715
479 2888
2153 1874
354 1754
354 984
1754 1977
2573 1729
1836 596
2396 1331
702 1161
702 1008
460 1075
1075 889
2654 861
835 1645
723 1076
1076 854
854 1230
2529 2023
427 834
1256 1028
192 1770
1882 2611
1286 2586
1286 2192
2586 2335
1832 1845
341 1941
1553 2557
1553 2812
1553 526
2557 2940
2557 2601
1157 2477
2477 1875
173 162
2064 2542
2064 246
1119 1220
223 1645
90 2802
90 162
2802 2158
572 1021
407 2774
407 377
914 2282
2282 1441
343 2040
325 1020
325 2960
1459 2326
1956 2658
1956 1910
2324 1770
1504 2923
1928 1967
1353 1727
1353 220
2138 1619
1188 1499
1188 1862
2971 2273
1849 887
149 1674
149 2792
889 1697
889 1941
180 2601
180 2713
1530 220
2531 523
483 1528
2534 935
2534 2362
1833 2261
2367 1203
2367 1433
2960 1649
4 510
4 2031
291 1735
1735 292
983 2400
983 197
837 1428
2843 2384
2895 324
861 357
1630 1253
1163 2023
1508 1287
2078 2615
2078 2949
905 2762
1491 1543
1491 2769
1543 1565
2273 167
2626 2173
564 1269
1269 1881
1269 942
2079 377
322 689
689 1707
473 779
2377 2479
796 449
1862 197
521 1428
521 449
699 2441
2514 1008
586 2460
2460 1489
2460 2668
839 167
839 160
1165 1844
1134 2939
1082 2340
1768 2279
63 1875
2117 2713
2117 2066
2117 2859
2788 1261
2788 2215
1296 834
936 841
1287 2762
2731 2998
2031 413
162 25
1081 2923
968 634
1331 2880
137 1749
1977 1155
1489 2681
342 450
1919 862
2482 2072
2482 2880
2961 357
2533 1104
851 1824
2243 1560
789 2885
2885 781
2885 1295
1008 406
925 2568
2158 935
374 362
2880 2048
821 1497
434 167
1544 1560
2650 82
1441 1250
281 2375
710 862
895 581
2888 160
942 912
1548 2458
122 2362
2155 1562
2274 845
2015 158
982 1969
1499 413
1011 2769
304 1470
2066 2522
1250 912
604 1415
604 454
472 2279
1247 1614
2770 166
1703 1930
1694 1701
596 610
124 2494
2494 1955
357 2246
2333 2568
2333 222
610 2196
1649 1915
443 1125
1605 2914
1479 409
841 2246
2159 1633
1730 177
703 846
848 2565
1955 1707
555 1749
2594 246
2215 2789
1393 2362
2772 912
1807 1633
2483 2446
2483 186
849 177
1824 77
177 220
1310 2868
2357 935
1001 305
1551 605
