800 1200
450 605
450 370
450 261
605 697
605 444
399 532
399 639
399 538
532 525
532 11
340 733
340 793
340 12
733 395
733 720
505 550
505 671
505 258
550 410
550 616
107 531
107 592
107 743
531 234
531 740
570 759
570 161
570 434
759 665
759 98
115 206
115 631
115 184
206 372
206 231
177 199
177 423
177 337
199 708
199 165
410 797
410 341
179 645
179 459
179 434
645 602
645 313
345 677
345 213
345 372
677 405
677 132
797 624
797 85
291 706
291 356
291 498
706 418
706 220
560 751
560 676
560 539
751 194
751 538
519 713
519 554
519 795
713 299
713 589
279 741
279 198
279 728
741 437
741 266
45 147
45 332
45 506
147 603
147 466
272 711
272 124
272 22
711 651
711 724
245 330
245 283
245 55
330 222
330 447
88 374
88 776
88 426
374 321
374 606
181 574
181 536
181 796
574 607
574 288
38 791
38 362
38 149
791 690
791 458
163 386
163 787
163 322
386 658
386 257
32 204
32 480
32 525
204 381
204 536
111 119
111 579
111 35
119 164
119 794
105 463
105 559
105 777
463 704
463 102
227 788
227 352
227 355
788 692
788 502
354 502
354 178
354 419
502 705
144 781
144 488
144 522
781 701
781 784
140 402
140 456
140 235
402 108
402 153
588 678
588 775
588 595
678 417
678 92
4 231
4 350
4 247
231 161
671 236
671 131
302 473
302 541
302 763
473 667
473 539
501 530
501 139
501 451
530 661
530 296
30 777
30 508
30 149
777 600
129 420
129 484
129 435
420 83
420 52
369 481
369 697
369 60
481 493
481 146
341 370
341 433
39 90
39 237
39 193
90 565
90 624
311 558
311 600
311 725
558 196
558 151
364 384
364 467
364 715
384 608
384 49
603 666
603 429
666 138
666 656
512 557
512 732
512 271
557 668
557 192
278 390
278 465
278 171
390 571
390 619
475 517
475 175
475 113
517 79
517 620
157 756
157 765
157 444
756 389
756 431
541 602
541 576
602 363
601 742
601 577
601 268
742 487
742 542
240 772
240 738
240 409
772 685
772 718
133 408
133 212
133 243
408 398
408 281
765 604
765 264
243 768
243 799
768 324
768 578
211 318
211 400
211 641
318 750
318 698
91 649
91 159
91 422
649 658
649 371
375 417
375 366
375 535
417 598
423 688
423 326
433 776
433 719
776 295
513 656
513 171
513 555
656 411
193 687
193 180
687 407
687 686
285 761
285 242
285 305
761 362
761 775
377 606
377 3
377 428
606 143
17 71
17 437
17 472
71 270
71 728
415 480
415 78
415 205
480 334
47 84
47 599
47 723
84 49
84 705
65 120
65 267
65 359
120 521
120 365
78 575
78 25
575 457
575 200
108 198
108 795
198 663
205 616
205 373
616 717
264 576
264 496
576 737
196 213
196 583
207 716
207 7
207 145
716 6
716 620
639 173
639 617
44 689
44 333
44 244
689 299
689 335
248 577
248 563
248 260
577 459
77 350
77 307
77 612
350 439
651 388
651 427
27 767
27 752
27 72
767 596
767 286
636 722
636 679
636 273
722 537
722 554
153 614
153 75
614 758
614 274
320 593
320 5
320 709
593 190
593 647
201 273
201 566
201 798
273 288
663 685
663 347
685 266
392 618
392 778
392 764
618 770
618 28
553 724
553 293
553 357
724 73
472 507
472 422
507 518
507 633
370 333
94 555
94 643
94 333
555 298
104 596
104 644
104 485
596 308
288 378
479 622
479 156
479 725
622 336
622 202
15 249
15 215
15 385
249 730
249 500
584 684
584 70
584 693
684 112
684 113
150 303
150 598
150 336
303 627
303 421
487 87
487 760
92 469
92 276
469 573
469 83
20 373
20 349
20 334
373 159
158 661
158 626
158 368
661 698
488 548
488 385
79 681
79 62
100 738
100 202
100 654
738 269
600 440
518 586
518 314
586 594
586 448
280 696
280 727
280 708
696 72
696 631
253 413
253 89
253 635
413 127
413 737
571 750
571 388
750 188
16 348
16 787
16 246
348 770
348 429
225 580
225 746
225 401
580 572
580 680
299 529
529 748
529 449
146 714
146 404
714 95
714 683
594 715
594 14
715 437
298 123
298 18
5 59
5 1
124 695
124 542
695 762
695 520
197 252
197 255
197 72
252 203
252 774
604 470
604 355
563 183
563 679
70 25
70 257
446 566
446 393
446 694
566 727
283 441
283 427
441 251
441 134
222 672
222 328
672 430
672 428
116 691
116 564
116 23
691 610
691 315
457 769
457 484
690 697
690 425
182 654
182 642
182 0
654 755
323 504
323 277
323 76
504 625
504 610
223 655
223 412
223 793
655 782
655 749
300 637
300 692
300 385
637 188
637 445
542 321
342 365
342 56
342 590
365 709
572 96
572 443
85 294
85 397
294 766
294 191
327 474
327 461
327 591
474 56
474 763
126 493
126 525
126 125
493 122
309 444
309 269
309 702
110 396
110 26
110 67
396 160
396 169
141 213
141 34
141 214
352 674
352 188
674 771
674 506
405 118
405 301
389 792
389 427
792 310
792 366
393 721
393 210
721 675
721 59
607 452
607 185
263 355
263 2
263 643
76 748
76 624
748 293
709 81
113 267
267 673
401 554
401 9
465 460
465 406
746 391
746 638
274 611
274 771
611 43
611 82
258 256
258 395
49 183
347 592
347 520
592 523
162 290
162 615
162 668
290 353
290 500
270 238
270 297
459 57
59 295
331 489
331 492
331 425
489 310
489 40
289 730
289 187
289 170
730 68
398 99
398 702
762 226
762 40
123 796
123 381
80 754
80 380
80 460
754 33
754 430
667 184
667 234
381 166
610 486
371 647
371 328
647 771
106 236
106 137
106 587
236 789
416 569
416 676
416 12
569 69
569 296
73 239
73 48
312 579
312 545
312 707
579 511
246 643
246 786
412 308
412 379
681 720
681 526
720 516
367 780
367 136
367 773
780 653
780 315
31 745
31 665
31 497
745 53
745 360
629 789
629 97
629 562
789 349
21 143
21 53
21 260
143 382
585 612
585 543
585 142
612 464
166 407
166 339
135 137
135 470
135 265
137 304
578 734
578 212
734 634
734 307
3 503
3 335
503 255
503 160
521 159
521 210
508 657
508 130
657 523
657 382
87 344
87 282
344 526
344 477
775 41
391 552
391 57
68 383
68 230
131 679
131 383
175 650
175 753
86 537
86 37
86 456
537 186
136 6
136 74
546 778
546 495
546 749
778 156
37 770
37 221
112 379
112 13
658 744
269 351
536 439
484 583
583 60
237 315
237 421
156 239
69 515
69 190
362 254
356 662
356 259
662 686
662 307
752 186
752 322
439 650
114 491
114 729
114 228
491 180
491 486
486 694
729 83
729 424
234 682
682 515
682 351
796 46
526 217
407 564
564 284
54 306
54 314
54 675
306 436
306 247
608 19
608 9
287 428
287 595
287 301
688 510
688 454
515 8
1 43
1 51
43 148
202 664
7 230
7 443
230 609
676 769
626 644
626 169
644 419
56 673
117 785
117 436
117 81
785 229
785 500
455 524
455 42
455 209
524 218
524 650
467 568
467 316
295 630
793 215
452 64
452 693
786 453
786 50
548 36
548 23
151 359
151 103
359 646
81 155
130 422
130 142
351 534
60 506
241 527
241 221
241 561
527 233
527 471
46 190
46 496
221 155
48 132
48 232
132 494
189 498
189 172
189 458
498 326
2 261
2 233
184 128
98 627
98 739
627 214
41 758
41 208
758 142
173 26
173 613
33 628
33 731
561 635
561 744
635 229
99 214
99 763
453 702
453 101
19 587
19 717
466 492
466 482
492 514
400 556
400 462
556 358
556 764
178 757
178 343
212 165
528 723
528 324
528 660
723 256
495 242
495 203
494 544
494 51
102 224
102 619
224 404
224 180
739 757
739 93
266 735
628 743
628 353
185 478
185 686
478 617
478 53
675 769
277 62
277 322
395 438
183 101
238 638
238 456
66 414
66 310
66 216
414 97
414 209
233 411
411 360
321 23
316 445
316 533
445 96
727 409
701 567
701 139
174 361
174 29
174 625
361 544
361 483
305 552
305 172
552 516
567 58
567 694
314 599
9 621
139 442
719 55
719 510
257 282
57 34
215 731
464 545
464 648
545 438
89 447
89 218
10 774
10 216
10 460
774 360
51 708
382 794
619 250
239 597
597 250
597 210
448 591
448 698
591 122
638 297
332 67
332 418
93 152
93 58
152 523
152 652
510 121
335 432
261 621
621 551
96 284
254 74
254 58
134 782
134 659
782 736
334 191
409 483
483 148
357 454
357 703
454 461
725 432
63 749
63 799
63 499
496 798
798 368
366 670
670 582
670 707
128 640
128 431
640 740
640 244
297 718
62 251
22 195
22 271
195 376
195 394
794 121
164 379
164 747
218 499
673 186
82 609
82 783
609 669
203 710
154 387
154 744
154 753
387 773
387 55
544 209
284 599
514 559
514 740
559 127
482 700
482 145
155 296
766 485
766 726
247 700
700 562
440 712
440 75
169 533
533 581
313 0
313 795
262 432
262 790
262 286
430 418
251 540
434 664
419 42
61 707
61 790
61 138
226 737
226 349
216 317
118 562
118 11
568 623
568 346
712 449
712 547
97 683
64 726
64 325
229 228
168 680
168 232
168 692
680 343
324 736
705 565
145 535
535 148
471 547
471 590
547 319
615 490
615 95
95 718
242 451
250 573
25 0
282 540
540 652
403 421
403 194
403 573
171 462
462 664
726 747
34 329
18 192
18 170
192 747
582 394
582 29
520 633
256 660
757 443
208 581
208 511
50 275
50 194
275 468
275 363
304 429
304 35
220 704
220 499
704 787
187 485
187 451
28 363
28 376
732 308
732 219
26 167
36 641
36 235
641 632
598 442
516 328
543 235
543 703
301 260
281 380
281 42
693 783
103 699
103 642
509 699
509 470
509 646
699 406
539 165
760 476
760 8
476 35
476 125
799 268
319 292
319 6
67 228
276 779
276 449
14 338
14 167
338 325
338 630
623 255
623 490
511 717
551 790
551 634
404 431
665 127
167 40
436 435
138 703
271 659
13 653
13 372
653 490
378 736
378 368
376 176
337 497
337 613
581 784
394 468
170 668
161 565
317 353
317 728
388 632
336 232
160 176
8 346
595 149
461 468
292 109
292 731
380 534
29 339
219 743
219 109
191 589
109 522
631 293
172 329
329 12
217 447
217 753
477 259
477 522
406 634
325 710
101 200
426 497
426 435
632 424
425 755
620 549
286 458
122 755
652 648
397 438
397 617
121 265
265 659
589 783
442 764
538 669
534 268
383 735
710 590
259 587
125 630
75 642
648 683
784 633
669 646
11 52
326 735
176 339
346 424
773 613
625 74
52 244
343 549
358 779
358 24
24 549
24 660
779 200
