700 1050
58 657
58 304
58 580
657 574
657 509
131 452
131 551
131 620
452 496
452 413
87 553
87 388
87 434
553 34
553 258
95 139
95 491
95 191
139 660
139 630
57 274
57 152
57 280
274 565
274 522
235 689
235 544
235 229
689 487
689 163
192 319
192 96
192 340
319 575
319 578
219 583
219 530
219 103
583 530
583 624
380 537
380 250
380 146
537 262
537 429
171 543
171 550
171 503
543 200
543 203
345 430
345 480
345 540
430 267
430 123
76 107
76 322
76 44
107 643
107 121
18 273
18 114
18 347
273 393
273 323
177 675
177 109
177 412
675 528
675 683
218 447
218 673
218 317
447 644
447 536
187 240
187 619
187 414
240 493
240 178
264 325
264 85
264 601
325 142
325 183
126 382
126 570
126 667
382 548
382 570
7 291
7 415
7 111
291 664
291 463
336 439
336 143
336 581
439 31
439 623
38 544
38 120
38 357
544 614
321 487
321 597
321 269
487 306
40 59
40 254
40 476
59 538
59 350
316 619
316 649
316 451
619 647
46 368
46 615
46 428
368 182
368 453
160 640
160 532
160 494
640 189
640 401
109 136
109 470
54 241
54 234
54 66
241 564
241 78
103 255
103 251
255 691
255 547
1 625
1 595
1 667
625 656
625 147
490 524
490 550
490 428
524 384
524 352
186 271
186 623
186 379
271 436
271 213
647 556
647 84
643 374
643 289
82 568
82 270
82 609
568 317
568 545
31 504
31 690
504 253
504 262
399 671
399 590
399 561
671 93
671 638
209 547
209 110
209 373
547 153
28 197
28 326
28 149
197 182
197 454
492 597
492 16
492 501
597 479
173 444
173 259
173 106
444 661
444 328
312 639
312 387
312 441
639 102
639 381
162 682
162 353
162 365
682 116
682 308
108 571
108 621
108 363
571 354
571 44
51 338
51 4
51 427
338 556
338 239
6 196
6 176
6 408
196 39
196 410
90 693
90 542
90 41
693 292
693 659
149 352
149 337
352 565
457 477
457 9
457 548
477 157
477 193
132 290
132 394
132 50
290 484
290 502
21 450
21 163
21 125
450 4
450 318
137 216
137 581
137 423
216 136
216 589
429 653
429 37
653 542
653 697
104 466
104 412
104 263
466 89
466 198
586 618
586 134
586 542
618 398
618 55
205 616
205 423
205 62
616 181
616 407
364 514
364 626
364 431
514 419
514 207
401 600
401 409
600 363
600 650
479 501
479 660
501 472
530 322
416 561
416 426
416 362
561 372
179 496
179 507
179 151
496 369
220 506
220 80
220 189
506 307
506 184
260 313
260 494
260 460
313 445
313 56
348 435
348 309
348 89
435 500
435 26
157 555
157 265
419 486
419 215
486 247
486 115
111 599
111 488
599 467
599 307
493 594
493 355
206 351
206 699
206 64
351 489
351 175
116 296
116 117
296 658
296 270
201 520
201 170
201 577
520 29
520 324
100 626
100 34
100 392
626 256
61 607
61 602
61 446
607 376
607 497
133 623
133 473
133 130
49 651
49 378
49 629
651 347
651 170
426 627
426 410
276 681
276 211
276 588
681 389
681 144
16 678
16 20
80 606
80 295
383 505
383 461
383 134
505 428
505 611
526 572
526 411
526 596
572 483
572 694
78 305
78 224
305 674
305 468
155 665
155 355
155 554
665 282
665 342
280 687
280 253
687 333
687 175
455 539
455 281
455 304
539 292
539 67
557 559
557 670
557 585
559 252
559 194
232 610
232 375
232 195
610 331
610 488
608 641
608 417
608 164
641 79
641 366
53 141
53 518
53 43
141 0
141 692
81 459
81 93
81 331
459 456
459 88
39 224
39 36
224 472
84 223
84 415
223 407
223 585
527 545
527 287
527 381
545 475
122 249
122 67
122 658
249 194
249 621
234 427
234 392
427 161
55 168
55 277
168 309
168 525
658 394
94 285
94 135
94 576
285 128
285 243
410 652
652 86
652 282
36 182
36 567
250 676
250 359
142 200
142 129
200 4
606 391
606 166
115 573
115 17
573 230
573 110
602 193
602 134
405 421
405 495
405 403
421 226
421 686
633 666
633 208
633 519
666 20
666 376
518 283
518 210
101 674
101 595
101 550
674 482
102 181
102 165
664 417
664 225
9 433
9 488
91 648
91 238
91 458
648 299
648 374
394 303
221 358
221 614
221 284
358 17
358 15
92 473
92 60
92 47
473 214
315 374
315 327
315 330
272 678
272 440
272 449
678 199
270 318
614 406
469 688
469 113
469 261
688 292
688 642
246 369
246 574
246 690
369 8
233 588
233 474
233 293
588 357
578 613
578 75
613 254
613 140
422 622
422 120
422 522
622 562
622 129
326 25
326 73
96 79
96 654
120 308
85 442
85 615
442 135
442 62
456 507
456 584
507 339
114 252
114 52
371 656
371 411
371 302
656 698
660 275
43 445
43 494
445 522
48 560
48 299
48 515
560 180
560 208
335 464
335 412
335 279
464 65
464 340
331 86
42 355
42 298
42 391
211 385
211 167
247 635
247 418
635 443
635 521
564 152
564 387
230 395
230 510
541 596
541 463
541 281
596 341
146 183
146 646
183 649
499 679
499 580
499 644
679 105
679 163
34 323
594 669
594 20
669 8
669 77
317 632
337 624
337 483
360 511
360 144
360 0
511 670
511 677
287 654
287 341
417 685
538 118
538 533
69 484
69 153
69 697
484 592
145 214
145 181
145 32
214 266
404 563
404 645
404 119
563 672
563 323
172 558
172 77
172 72
558 67
558 346
128 390
128 185
390 178
390 402
189 645
592 244
592 385
19 483
19 282
19 370
322 467
244 306
244 156
304 24
99 601
99 148
99 71
601 198
22 381
22 188
22 699
347 638
636 698
636 29
636 329
698 400
628 694
628 609
628 12
694 65
17 150
150 432
150 535
420 436
420 56
420 215
436 361
152 356
356 448
356 52
407 195
359 515
359 147
515 343
432 512
432 350
670 536
275 692
275 516
692 45
311 349
311 402
311 50
349 528
349 288
458 548
458 164
478 615
478 191
478 263
495 695
495 451
695 202
695 391
65 517
309 71
333 642
333 481
642 375
565 387
75 365
75 204
365 167
29 448
535 148
535 127
185 236
185 30
236 242
236 127
293 425
293 231
425 217
425 44
138 161
138 35
138 3
161 403
398 30
398 254
238 552
238 449
118 582
118 140
582 2
582 98
443 68
443 117
690 631
176 300
176 354
300 199
300 153
409 298
409 569
357 587
691 343
691 655
64 229
64 340
229 552
210 283
210 169
283 25
451 314
8 334
334 3
334 684
491 437
491 140
45 243
45 98
243 237
354 598
195 485
79 649
672 13
672 237
222 531
222 174
222 72
531 307
531 576
500 634
500 27
634 228
634 298
208 175
433 251
433 489
112 418
112 265
112 555
418 467
598 267
598 251
227 228
227 156
227 361
228 513
174 32
174 117
346 603
346 89
603 376
603 159
204 510
204 10
510 194
252 468
424 513
424 438
424 193
513 611
281 378
699 256
265 627
673 191
673 612
517 579
517 83
579 207
579 434
306 377
377 386
377 454
32 533
199 266
73 529
73 26
529 303
529 497
60 324
60 480
77 677
403 431
431 14
41 344
41 471
344 124
344 215
519 180
519 556
327 696
327 680
299 144
555 521
562 453
562 56
533 485
30 485
343 295
512 332
512 5
332 663
332 372
663 662
663 129
2 370
2 66
370 476
130 574
130 438
363 498
498 342
498 288
35 414
35 423
74 395
74 650
74 329
395 566
366 396
366 637
396 589
396 384
453 566
147 617
617 353
617 621
170 83
480 119
263 667
13 165
13 400
165 460
566 71
627 590
389 237
389 97
188 502
188 489
502 88
62 286
286 24
286 202
595 105
72 470
470 632
552 605
110 385
86 11
631 330
631 203
362 523
362 217
609 655
217 257
70 226
70 475
70 605
226 248
696 180
696 277
166 361
166 318
24 676
581 630
269 471
269 415
471 52
158 213
158 258
158 406
213 278
266 546
314 324
314 136
575 242
575 159
0 697
411 569
569 258
11 297
11 202
297 156
297 178
662 685
662 259
525 536
525 440
143 632
143 268
253 47
461 301
461 441
25 474
532 584
532 680
523 593
523 106
593 624
593 289
463 503
367 620
367 503
367 310
620 591
386 577
386 646
3 440
546 288
546 212
590 612
638 259
650 446
5 123
5 257
123 66
184 629
184 242
629 248
448 294
164 534
534 630
534 310
567 659
567 268
659 661
207 587
474 97
256 198
148 446
23 284
23 88
23 301
284 341
308 294
26 676
295 570
277 685
540 668
540 113
668 33
668 508
121 549
121 124
339 408
339 509
476 14
320 521
320 15
320 190
384 154
637 97
637 231
388 683
388 580
683 413
12 14
12 508
379 454
379 93
645 278
508 27
392 37
591 127
591 465
278 328
413 375
257 245
449 159
47 441
279 113
279 135
190 397
190 302
397 680
397 585
350 402
373 509
373 576
655 549
353 10
37 154
438 378
528 268
605 604
124 328
169 342
169 151
460 465
684 154
684 329
549 482
468 203
437 516
437 654
516 408
472 661
33 63
33 462
63 393
63 612
106 262
577 604
119 125
475 303
212 248
212 50
267 289
83 261
261 554
27 15
465 294
301 302
482 554
551 644
551 245
68 239
68 611
239 98
231 372
497 167
245 434
393 462
330 10
604 406
587 677
105 414
584 481
589 686
400 125
646 225
310 225
686 151
481 462
