400 600
137 145
137 53
137 93
145 247
145 62
220 390
220 127
220 160
390 320
390 397
221 364
221 171
221 394
364 232
364 248
347 351
347 134
347 8
351 79
351 344
232 170
232 323
3 312
3 156
3 110
312 104
312 243
58 257
58 74
58 87
257 335
257 229
10 189
10 38
10 126
189 60
189 324
319 368
319 273
319 326
368 281
368 214
108 203
108 290
108 336
203 96
203 352
121 142
121 237
121 105
142 54
142 378
12 235
12 317
12 89
235 238
235 59
260 309
260 358
260 233
309 224
309 129
266 389
266 246
266 328
389 44
389 178
14 186
14 149
14 218
186 60
186 276
269 385
269 394
269 24
385 131
385 342
160 240
160 138
240 96
240 359
98 167
98 152
98 249
167 159
167 324
118 234
118 345
118 268
234 18
234 163
394 331
102 128
102 104
102 53
128 311
128 101
112 349
112 176
112 161
349 17
349 171
178 294
178 19
294 399
294 51
99 239
99 362
99 133
239 26
239 7
36 201
36 143
36 230
201 210
201 46
281 113
281 1
8 139
8 262
139 39
139 315
19 377
19 216
377 200
377 321
0 144
0 106
0 226
144 69
144 284
311 202
311 360
275 330
275 361
275 91
330 152
330 133
53 82
45 380
45 274
45 316
380 65
380 193
287 331
287 363
287 388
331 193
247 328
247 177
177 288
177 21
288 78
288 138
238 304
238 371
304 355
304 120
209 268
209 27
209 165
268 127
80 355
80 11
80 100
355 393
84 264
84 198
84 184
264 356
264 173
332 338
332 283
332 153
338 54
338 131
353 379
353 49
353 227
379 5
379 365
22 261
22 2
22 213
261 245
261 191
21 153
21 146
153 202
270 381
270 282
270 23
381 369
381 173
228 375
228 365
228 86
375 245
375 366
129 262
129 210
262 28
9 206
9 391
9 340
206 187
206 149
151 271
151 293
151 384
271 76
271 277
141 236
141 95
141 298
236 38
236 199
179 199
179 29
179 252
199 290
16 83
16 210
16 274
83 386
83 222
86 318
86 70
318 69
318 237
273 373
273 13
373 356
373 70
113 307
113 305
2 175
2 109
175 289
175 237
371 396
371 334
396 57
396 376
114 227
114 188
114 291
227 336
149 219
67 161
67 15
67 140
161 173
65 225
65 265
27 88
27 109
88 94
88 150
79 135
79 346
135 93
135 252
77 363
77 196
77 97
363 215
282 323
282 11
323 5
148 243
148 279
148 184
243 208
63 154
63 68
63 15
154 280
154 218
32 59
32 31
32 75
59 5
132 244
132 140
132 367
244 184
244 366
246 134
246 272
192 295
192 356
192 212
295 48
295 71
64 100
64 248
64 286
100 286
29 109
29 185
346 362
346 329
362 223
4 104
4 327
4 17
94 211
94 195
345 124
345 255
66 155
66 251
66 176
155 370
155 92
164 223
164 254
164 57
223 341
76 357
76 256
357 6
357 398
69 242
48 81
48 306
360 372
360 354
372 7
372 212
1 183
1 11
183 190
183 30
231 398
231 95
231 297
398 303
138 207
207 317
207 358
285 378
285 337
285 283
378 62
127 105
259 326
259 191
259 267
326 26
62 297
297 156
194 367
194 71
194 290
367 42
152 321
248 55
193 125
196 157
196 308
35 41
35 140
35 391
41 213
41 25
123 172
123 197
123 6
172 170
172 296
365 344
54 230
26 212
284 382
284 258
382 374
382 308
115 195
115 292
115 119
195 283
208 44
208 205
182 343
182 291
182 95
343 61
343 157
70 300
300 111
300 337
337 219
18 91
18 37
91 204
49 277
49 188
204 376
204 75
376 56
298 392
298 168
392 263
392 224
116 272
116 107
116 313
272 336
250 370
250 374
250 301
370 181
299 384
299 296
299 96
384 119
251 344
251 327
106 85
106 165
143 374
143 369
176 348
93 23
38 101
124 388
124 13
388 198
7 87
325 387
325 61
325 15
387 20
387 313
33 395
33 20
33 306
395 320
395 56
307 369
307 72
399 278
399 216
328 87
101 185
28 136
28 205
136 341
136 302
171 314
61 169
169 198
169 60
131 166
166 157
166 335
327 126
211 47
211 305
37 342
37 31
342 276
202 279
254 358
254 200
111 354
111 73
280 233
280 267
17 122
122 71
122 316
52 241
52 55
52 174
241 150
241 89
50 308
50 366
50 78
81 286
81 187
190 110
190 252
13 253
317 30
105 107
289 214
289 31
150 276
214 42
46 333
46 253
333 180
333 216
181 350
181 339
350 321
350 217
34 188
34 256
34 134
74 242
74 296
242 226
20 310
213 47
218 174
301 397
301 39
397 278
78 230
40 383
40 103
40 159
383 255
383 306
125 180
125 39
180 44
315 322
315 348
322 291
322 147
233 200
314 185
314 324
222 386
222 82
386 305
245 256
156 110
391 68
278 217
25 97
25 334
97 352
117 329
117 146
117 229
329 162
82 263
263 120
72 168
72 158
168 159
55 133
147 225
147 170
225 90
56 205
191 310
335 162
92 361
92 75
85 30
85 146
255 249
165 126
361 292
341 226
103 23
103 90
320 293
6 119
253 229
279 68
334 339
174 197
197 393
293 393
107 89
158 277
158 43
339 215
162 249
340 43
340 57
303 310
303 51
313 224
47 73
219 316
42 265
265 258
187 348
24 90
24 43
73 215
258 302
267 120
217 359
359 352
354 130
274 292
130 163
130 302
163 51
