600 900
420 582
420 282
420 113
582 170
582 68
372 542
372 439
372 152
542 26
542 180
140 546
140 312
140 50
546 337
546 81
320 504
320 391
320 525
504 428
504 366
175 275
175 205
175 436
275 82
275 168
298 327
298 556
298 171
327 59
327 57
52 433
52 4
52 588
433 19
433 544
104 471
104 286
104 407
471 110
471 33
321 487
321 557
321 43
487 24
487 227
26 290
26 87
379 419
379 599
379 278
419 78
419 262
29 59
29 132
29 23
59 63
334 515
334 568
334 252
515 243
515 173
396 508
396 577
396 251
508 423
508 36
65 399
65 188
65 490
399 511
399 135
148 415
148 181
148 528
415 434
415 90
112 340
112 17
112 285
340 383
340 585
48 575
48 239
48 495
575 466
575 164
192 458
192 537
192 302
458 572
458 409
120 451
120 292
120 457
451 178
451 413
30 368
30 115
30 153
368 311
368 214
194 220
194 567
194 271
220 371
220 418
416 431
416 533
416 491
431 351
431 422
234 302
234 263
234 180
302 277
299 422
299 274
299 46
422 363
36 219
36 578
219 343
219 16
105 566
105 146
105 111
566 526
566 258
390 540
390 287
390 86
540 178
540 226
380 505
380 191
380 369
505 136
505 73
14 42
14 2
14 109
42 159
42 412
398 553
398 235
398 187
553 343
553 241
247 250
247 456
247 142
250 169
250 314
91 411
91 107
91 389
411 289
411 16
539 547
539 329
539 233
547 291
547 102
363 452
363 559
452 274
452 267
40 198
40 261
40 358
198 530
198 143
84 143
84 501
84 266
143 12
410 545
410 24
410 267
545 53
545 57
296 371
296 374
296 77
371 161
98 526
98 310
98 151
526 435
294 599
294 263
294 400
599 424
290 124
290 106
324 460
324 60
324 251
460 232
460 197
226 312
226 573
312 189
496 572
496 593
496 208
572 426
578 243
578 71
211 430
211 56
211 144
430 101
430 502
183 359
183 255
183 268
359 284
359 201
365 488
365 463
365 189
488 577
488 507
577 328
342 523
342 225
342 440
523 149
523 349
427 481
427 237
427 395
481 4
481 405
154 332
154 512
154 293
332 397
332 300
10 31
10 245
10 94
31 176
31 155
116 287
116 258
116 316
287 297
39 503
39 221
39 388
503 314
503 576
446 598
446 560
446 541
598 110
598 315
207 563
207 593
207 565
563 94
563 338
83 128
83 103
83 469
128 501
128 208
330 414
330 25
330 97
414 492
414 355
106 529
106 535
529 378
529 565
24 253
77 462
77 535
462 196
462 130
86 291
86 571
291 348
9 453
9 144
9 589
453 155
453 186
138 338
138 185
138 548
338 595
182 524
182 384
182 449
524 497
524 473
63 209
63 485
75 407
75 70
75 260
407 157
206 472
206 502
206 213
472 548
472 270
90 279
90 301
279 130
279 500
82 93
82 72
56 375
56 47
375 559
375 124
66 169
66 424
66 349
169 536
297 349
297 336
18 281
18 239
18 543
281 310
281 125
315 397
315 581
397 259
185 492
185 289
37 142
37 67
37 236
142 551
225 7
225 517
165 309
165 96
165 352
309 559
309 256
47 335
47 160
335 295
335 245
108 440
108 242
108 478
440 15
256 585
256 12
585 586
69 588
69 385
69 253
588 307
27 344
27 339
27 32
344 580
344 62
404 429
404 187
404 489
429 394
429 538
378 418
378 477
249 555
249 289
249 109
555 288
555 518
132 406
132 468
406 13
406 156
21 557
21 326
21 581
557 301
513 592
513 594
513 385
592 167
592 537
159 280
159 479
280 402
280 473
311 271
311 485
493 543
493 88
493 323
543 79
35 55
35 54
35 133
55 445
55 384
172 469
172 305
172 188
469 569
178 373
114 119
114 374
114 293
119 13
119 261
200 308
200 134
200 494
308 244
308 317
92 217
92 212
92 196
217 58
217 53
158 162
158 13
158 461
162 474
162 510
466 516
466 51
516 525
516 218
43 562
43 558
562 507
562 514
150 307
150 300
150 16
307 408
72 369
72 448
369 401
394 22
394 408
506 570
506 224
506 184
570 558
570 401
70 534
70 439
534 283
534 521
168 184
168 567
184 199
131 284
131 370
131 193
284 480
533 126
533 137
122 464
122 444
122 498
464 558
464 574
507 139
384 354
456 498
456 136
498 34
314 253
229 325
229 439
229 139
325 501
325 561
134 591
134 221
591 58
591 346
339 197
339 357
124 519
4 485
204 417
204 528
204 276
417 272
417 277
115 80
115 161
139 351
492 459
212 556
212 437
537 81
272 265
272 522
54 167
54 76
167 333
373 583
373 2
337 123
337 511
45 356
45 525
45 413
356 96
356 594
374 17
499 544
499 346
499 85
544 277
343 273
424 400
245 465
118 443
118 568
118 595
443 527
443 274
58 587
587 127
587 199
88 448
88 228
448 467
532 586
532 177
532 6
586 512
345 351
345 435
345 306
454 514
454 258
454 246
514 346
205 521
205 71
283 304
283 285
237 109
237 531
574 579
574 421
579 584
579 129
80 214
80 556
214 152
107 317
107 28
317 141
166 403
166 145
166 494
403 489
403 61
141 230
141 449
230 512
230 259
146 117
146 549
239 386
595 554
136 362
362 541
362 328
262 447
262 387
447 478
447 236
110 246
244 331
244 455
331 550
331 518
57 590
590 213
590 7
480 352
480 303
328 319
560 144
560 450
232 457
232 223
102 350
102 461
350 127
350 89
552 568
552 248
552 17
23 304
23 32
304 521
257 382
257 377
257 76
382 81
382 171
402 319
402 361
527 100
527 584
19 181
19 46
181 251
432 490
432 470
432 549
490 264
355 5
355 44
7 405
240 576
240 196
240 236
576 276
242 366
242 179
366 322
137 191
137 550
191 227
53 597
597 202
597 510
282 38
282 381
528 238
157 383
157 33
46 216
550 99
463 412
463 202
93 370
93 364
248 8
248 517
170 224
170 49
224 223
358 442
358 437
442 381
442 117
367 509
367 74
367 347
509 221
509 470
5 147
5 133
147 426
147 564
316 436
316 25
436 74
111 174
111 554
174 483
174 64
103 67
103 475
263 405
377 271
377 97
265 479
265 434
479 494
385 395
395 561
156 163
156 580
163 113
163 238
449 68
418 596
596 121
596 89
259 441
441 38
441 353
99 231
99 468
213 450
123 260
123 155
260 189
435 79
444 218
444 465
495 318
495 341
201 445
201 412
445 491
348 387
348 484
387 87
567 252
383 209
541 188
426 1
133 438
333 353
333 125
353 51
437 486
78 392
78 95
392 180
392 336
222 238
222 153
222 423
376 571
376 593
376 34
571 536
2 482
482 74
482 203
125 389
44 497
44 20
497 393
386 517
386 255
295 329
295 1
38 401
197 76
554 381
323 326
323 268
326 269
64 313
64 459
313 531
313 41
318 34
318 303
583 477
583 564
67 261
478 3
273 278
273 176
95 0
95 461
216 474
216 3
474 264
535 130
94 484
484 20
11 50
11 306
11 210
50 149
117 208
561 522
73 510
73 126
121 89
121 357
310 549
306 61
450 569
22 455
22 151
455 341
68 270
149 465
3 0
548 347
341 292
209 160
49 292
49 477
101 491
101 388
161 425
28 538
28 370
360 580
360 87
360 41
391 293
391 520
60 171
60 233
153 241
241 584
470 565
25 409
127 303
393 268
393 467
145 500
145 518
288 322
288 475
322 389
267 357
202 538
100 228
100 218
193 300
193 364
227 352
113 231
329 266
210 361
210 475
361 164
354 179
354 6
255 269
264 564
301 12
152 285
8 551
8 425
551 215
243 319
278 569
126 286
0 421
421 71
347 254
457 489
135 438
135 428
438 176
409 486
79 276
20 96
228 269
32 476
476 305
476 186
483 519
483 522
519 500
173 195
173 62
195 423
195 190
413 468
190 531
190 160
33 235
41 408
97 186
215 536
215 428
502 129
177 286
177 425
151 85
51 520
164 203
511 530
246 203
179 573
305 252
235 486
1 231
129 459
520 233
400 434
530 594
62 187
270 573
364 6
388 85
61 473
254 467
254 336
223 581
15 199
15 589
266 589
