100 150
58 65
58 16
58 53
65 97
65 21
47 62
47 15
47 43
62 49
62 54
56 74
56 88
56 41
74 84
74 94
17 21
17 9
17 35
21 64
46 57
46 35
46 78
57 89
57 64
9 71
9 3
40 50
40 55
40 39
50 42
50 95
49 6
49 38
64 20
15 23
15 90
23 20
23 83
19 48
19 32
19 10
48 24
48 75
59 66
59 37
59 76
66 1
66 94
42 68
42 89
68 36
68 54
11 71
11 24
11 76
71 61
84 26
84 67
51 91
51 18
51 29
91 39
91 67
89 37
1 81
1 73
81 69
81 6
32 77
32 34
69 13
69 72
86 97
86 61
86 39
97 25
18 80
18 22
3 99
3 12
99 31
99 55
52 83
52 80
52 28
83 92
61 60
95 4
95 94
7 14
7 82
7 96
14 55
14 4
30 98
30 33
30 10
98 77
98 93
20 72
72 53
82 90
82 63
90 87
36 45
36 88
5 16
5 22
5 44
16 45
31 70
31 45
43 73
43 38
73 60
13 27
13 77
75 87
75 80
87 8
26 38
26 0
79 96
79 27
79 25
96 33
12 88
12 10
60 93
27 85
25 92
35 54
6 33
29 0
29 78
4 92
93 53
34 41
34 22
41 24
44 85
44 8
85 0
28 63
28 37
2 63
2 8
2 67
78 70
70 76
