1800 2700
910 1273
910 1083
910 499
1273 1513
1273 167
312 1138
312 467
312 463
1138 1479
1138 1330
382 479
382 1494
382 1706
479 1320
479 716
477 1354
477 1085
477 1322
1354 1429
1354 1668
562 1578
562 1031
562 1202
1578 1115
1578 619
295 1085
295 800
295 561
1085 722
735 1506
735 83
735 360
1506 1093
1506 674
423 596
423 98
423 658
596 1169
596 1349
71 968
71 901
71 1196
968 35
968 1782
329 1492
329 1088
329 355
1492 608
1492 748
274 1556
274 1030
274 903
1556 985
1556 1312
660 1183
660 1271
660 809
1183 174
1183 234
604 1431
604 1531
604 22
1431 979
1431 392
671 1341
671 1123
671 729
1341 862
1341 1033
437 945
437 621
437 1360
945 41
945 1004
41 1491
41 486
310 575
310 171
310 1661
575 1186
575 646
290 1420
290 414
290 724
1420 421
1420 1268
935 1158
935 986
935 1191
1158 530
1158 1591
1141 1406
1141 1675
1141 1292
1406 396
1406 950
1213 1660
1213 1259
1213 1136
1660 1471
1660 1308
463 1348
463 1281
1348 156
1348 1780
62 1004
62 1071
62 1656
1004 1405
534 1637
534 1391
534 1095
1637 546
1637 986
1042 1778
1042 1679
1042 317
1778 967
1778 990
1717 1724
1717 1594
1717 387
1724 1001
1724 1585
474 948
474 1414
474 161
948 1178
948 1019
365 1041
365 1639
365 1072
1041 619
1041 1211
1380 1544
1380 1055
1380 44
1544 584
1544 732
436 1330
436 485
436 1649
1330 1117
1094 1187
1094 492
1094 551
1187 493
1187 1779
1118 1773
1118 1319
1118 752
1773 1742
1773 1532
850 1464
850 729
850 197
1464 519
1464 855
1159 1545
1159 222
1159 1589
1545 381
1545 1418
72 1691
72 714
72 267
1691 1588
1691 798
758 972
758 1552
758 1738
972 69
972 1135
416 714
416 1662
416 90
714 504
95 628
95 1010
95 450
628 1142
628 857
799 1647
799 564
799 1586
1647 230
1647 1301
1223 1337
1223 731
1223 425
1337 211
1337 796
285 1017
285 1674
285 1708
1017 1270
1017 1440
1319 1799
1319 1373
1799 12
1799 15
599 835
599 1028
599 1383
835 787
835 1376
1628 1651
1628 337
1628 1075
1651 1787
1651 115
399 630
399 162
399 276
630 1429
630 513
92 101
92 531
92 1312
101 40
101 1104
995 1558
995 685
995 383
1558 521
1558 879
549 834
549 771
549 730
834 852
834 1449
36 1252
36 1099
36 443
1252 60
1252 93
81 1632
81 1566
81 1247
1632 1652
1632 487
679 1209
679 548
679 754
1209 468
1209 787
381 612
381 1167
612 89
612 238
540 1014
540 997
540 230
1014 358
1014 1339
18 1692
18 1486
18 776
1692 390
1692 88
239 528
239 891
239 856
528 701
528 1026
732 955
732 440
955 547
955 1356
737 1299
737 157
737 979
1299 1423
1299 1148
418 536
418 1128
418 1006
536 1590
536 1547
574 1012
574 1465
574 11
1012 1100
1012 642
595 1480
595 10
595 1304
1480 1745
1480 1795
672 1700
672 435
672 186
1700 651
1700 1161
1189 1581
1189 1498
1189 112
1581 11
1581 405
644 698
644 1719
644 1555
698 56
698 1572
110 1322
110 805
110 1393
1322 237
1083 63
1083 1538
225 980
225 397
225 840
980 572
980 1174
962 1767
962 24
962 944
1767 1206
1767 357
470 1076
470 797
470 764
1076 812
1076 261
982 1224
982 143
982 493
1224 1134
1224 1559
455 804
455 158
455 624
804 417
804 943
461 1372
461 268
461 195
1372 1764
1372 1078
572 466
572 958
1222 1470
1222 1727
1222 711
1470 837
1470 803
626 1445
626 1375
626 1185
1445 669
1445 152
394 1696
394 1612
394 1268
1696 1534
1696 568
157 832
157 778
1005 1212
1005 318
1005 843
1212 491
1212 704
48 1733
48 929
48 194
1733 1328
1733 1228
726 1797
726 744
726 219
1797 1446
1797 979
822 1127
822 1198
822 659
1127 1772
1127 1401
467 25
467 1624
783 1135
783 465
783 1774
1135 1404
1425 1505
1425 736
1425 1086
1505 1457
1505 520
137 1518
137 308
137 391
1518 514
1518 1713
51 166
51 1
51 545
166 1642
166 1116
145 1113
145 1436
145 112
1113 185
1113 586
1204 1277
1204 629
1204 1553
1277 652
1277 947
876 954
876 1747
876 894
954 246
954 1174
891 422
891 514
148 1038
148 1542
148 322
1038 1598
1038 331
170 1551
170 1490
170 966
1551 1368
1551 1181
767 1132
767 1018
767 1133
1132 373
1132 1234
957 1701
957 611
957 259
1701 1347
1701 1367
480 1484
480 42
480 1064
1484 727
1484 859
9 587
9 689
9 759
587 1011
587 1509
406 515
406 199
406 1439
515 1119
515 66
392 1520
392 1521
1520 975
1520 1355
362 1757
362 1779
362 1412
1757 1763
1757 113
61 1500
61 1452
61 361
1500 1323
1500 1093
37 914
37 870
37 539
914 1399
914 668
1355 1567
1355 1719
1567 351
1567 1630
1073 1360
1073 899
1073 1246
1360 1483
800 1079
800 777
327 981
327 503
327 1019
981 352
981 296
642 993
642 576
993 1543
993 739
311 1302
311 1525
311 733
1302 1100
1302 58
1715 1766
1715 314
1715 142
1766 632
1766 665
636 1507
636 614
636 1066
1507 1326
1507 1502
20 192
20 1275
20 1501
192 1007
192 848
1571 1721
1571 890
1571 401
1721 212
1721 323
304 1528
304 300
304 1329
1528 1098
1528 889
569 779
569 1109
569 1522
779 1307
779 709
415 721
415 1584
415 1343
721 404
721 1164
1469 1710
1469 579
1469 1149
1710 1034
1710 509
150 158
150 1285
150 1144
158 68
746 1086
746 987
746 1105
1086 1047
731 372
731 1110
116 919
116 624
116 1178
919 939
919 367
1218 1719
1218 987
1218 1177
335 1106
335 216
335 297
1106 1718
1106 1236
648 1188
648 457
648 1130
1188 389
1188 1777
1241 1293
1241 1574
1241 1793
1293 1489
1293 1179
826 1051
826 845
826 237
1051 1103
1051 819
1219 1391
1219 345
1219 1020
1391 351
593 620
593 326
593 1707
620 46
620 1371
161 926
161 1459
926 282
926 1787
1168 1754
1168 1124
1168 856
1754 104
1754 1260
1463 1522
1463 267
1463 128
1522 1561
500 1066
500 299
500 57
1066 566
576 796
576 163
796 664
600 1153
600 3
600 427
1153 1537
1153 231
561 667
561 204
667 1411
667 650
649 1683
649 1288
649 687
1683 1279
1683 805
125 222
125 1723
125 932
222 118
1525 1582
1525 97
1582 482
1582 963
680 1527
680 1378
680 471
1527 1610
1527 1675
176 682
176 1560
176 815
682 582
682 1011
781 1430
781 1775
781 44
1430 1648
1430 704
241 662
241 1694
241 790
662 1646
662 6
143 913
143 780
913 1201
913 670
356 1057
356 1752
356 971
1057 1728
1057 807
717 1265
717 1612
717 1475
1265 894
1265 768
787 1329
1199 1454
1199 27
1199 1035
1454 250
1454 232
430 943
430 949
430 198
943 1441
144 994
144 996
144 1722
994 1409
994 1317
531 1031
531 1438
1031 1105
581 1526
581 495
581 1504
1526 462
1526 1170
564 471
564 556
447 888
447 681
447 829
888 1283
888 1695
121 1541
121 618
121 1493
1541 879
1541 1761
1133 1364
1133 818
1364 380
1364 1297
661 1634
661 1154
661 863
1634 887
1634 217
398 766
398 226
398 1562
766 1476
766 774
175 1777
175 1193
175 1592
1777 1461
1279 1048
1279 153
865 1177
865 1244
865 1703
1177 1303
299 1229
299 1119
409 897
409 1580
409 172
897 1619
897 1087
1478 1749
1478 1638
1478 631
1749 494
1749 548
279 1196
279 65
279 940
1196 1287
858 872
858 193
858 1215
872 26
872 393
7 328
7 266
7 411
328 1748
328 1231
1108 1163
1108 502
1108 220
1163 918
1163 1792
1274 1461
1274 1214
1274 1770
1461 151
134 140
134 371
134 681
140 808
140 1140
6 283
6 1796
283 550
283 577
128 883
128 1090
883 505
883 1096
491 706
491 460
706 1635
706 1320
784 959
784 106
784 869
959 454
959 992
269 1496
269 908
269 69
1496 1324
1496 30
231 895
231 15
895 1396
895 1711
1598 369
1598 1044
1326 1531
1326 952
584 798
584 309
233 941
233 1254
233 142
941 1172
941 932
387 1673
387 354
1673 1205
1673 1633
608 1682
608 379
198 425
198 927
425 160
1599 1787
1599 1373
1599 162
109 1665
109 798
109 1759
1665 1615
1665 1161
64 1248
64 852
64 1705
1248 924
1248 827
1323 1474
1323 262
1474 1746
1474 508
1566 489
1566 892
23 429
23 224
23 582
429 16
429 439
3 1617
3 1512
1181 1655
1181 970
1655 1216
1655 846
124 1155
124 229
124 14
1155 207
1155 1798
216 1460
216 1376
991 1414
991 516
991 1596
1414 730
757 918
757 14
757 557
918 1161
349 720
349 247
349 142
720 318
720 282
195 1336
195 1750
1336 1254
1336 1040
1440 1627
1440 1606
1627 104
1627 1128
934 1001
934 1784
934 90
1001 1540
1614 1663
1614 1270
1614 881
1663 107
1663 1601
303 869
303 616
303 1577
869 1735
249 898
249 571
249 353
898 844
898 1030
1411 282
1411 769
229 1782
229 812
221 1739
221 1466
221 114
1739 90
1739 1366
722 938
722 256
938 1397
938 844
852 228
761 929
761 780
761 346
929 842
27 267
27 1220
54 924
54 1794
54 1689
924 1008
397 1351
397 1780
368 1120
368 1789
368 180
1120 13
1120 1729
242 486
242 1346
242 492
486 13
1172 1668
1172 811
1668 1744
226 839
226 1375
1109 1266
1109 1137
341 873
341 271
341 155
873 1152
873 553
1256 1667
1256 591
1256 589
1667 773
1667 1793
193 1626
193 944
896 1095
896 203
896 1059
1095 700
214 652
214 204
214 782
652 594
38 692
38 336
38 403
692 1021
692 1298
1102 1200
1102 1537
1102 658
1200 1301
1200 395
1746 434
1746 977
773 1061
773 1296
1061 1538
1061 1142
708 1569
708 178
708 202
1569 877
1569 866
168 801
168 845
168 1654
801 265
801 590
129 730
129 268
129 379
984 1244
984 21
984 1197
1244 1117
1549 1776
1549 396
1549 1426
1776 1399
1776 1490
1178 46
138 635
138 253
138 1747
635 1642
635 100
811 1044
811 29
1679 1584
1679 439
1662 325
1662 1002
298 1261
298 803
298 420
1261 277
1261 793
573 971
573 699
573 1019
971 448
641 697
641 1605
641 431
697 1087
697 119
88 670
88 829
670 760
760 135
760 1226
107 683
107 289
683 89
683 887
255 518
255 278
255 236
518 80
518 1276
22 1362
22 173
1362 1570
1362 947
547 1706
547 527
39 1451
39 1562
39 1074
1451 1062
1451 958
614 690
614 560
1365 1587
1365 1390
1365 657
1587 1594
1587 1597
390 1645
390 1515
1645 1257
1645 1573
744 974
744 43
974 264
974 1346
1165 1233
1165 1390
1165 1441
1233 1714
1233 1255
210 366
210 165
210 1434
366 1207
366 376
458 617
458 741
458 1792
617 1657
617 529
76 286
76 293
76 1353
286 67
286 1144
462 1670
462 882
1670 1404
1670 153
1316 1402
1316 1503
1316 375
1402 1629
1402 1619
1 1424
1 1419
1424 719
1424 276
1060 1625
1060 47
1060 577
1625 259
1625 749
257 1121
257 1335
257 1063
1121 1468
1121 215
1272 1624
1272 745
1272 687
1624 1535
224 1698
224 284
1698 501
1698 187
1006 1096
1006 1049
1096 407
325 618
325 1324
618 1020
624 909
917 1167
917 1401
917 287
1167 643
839 1513
839 509
1513 206
305 905
305 55
305 594
905 1205
905 1195
637 1378
637 1741
637 52
1378 182
812 1230
1230 1164
1230 1699
646 789
646 139
789 1390
789 1684
828 1583
828 25
828 343
1583 1727
1583 1235
1103 1794
1103 733
847 1453
847 665
847 965
1453 1077
1453 893
206 782
206 45
782 723
498 1039
498 453
498 49
1039 278
1039 1738
606 609
606 1065
606 1774
609 1639
609 60
579 655
579 1742
655 1334
655 1009
471 277
1772 1407
1772 364
1399 1190
50 1294
50 118
50 147
1294 1798
1294 1532
552 1275
552 446
552 1438
1275 1473
74 1422
74 281
74 933
1422 69
1422 149
627 668
627 400
627 785
668 1281
438 881
438 117
438 1166
881 537
24 1421
24 49
1421 203
1421 830
1635 702
1635 342
884 967
884 13
884 1443
967 866
25 315
1468 1016
1468 664
566 1591
566 102
875 1147
875 1736
875 976
1147 1308
1147 1203
1537 1533
492 1791
1791 156
1791 400
151 1796
151 171
1794 763
719 320
719 1020
1376 490
1115 1510
1115 1555
1510 189
1510 664
712 976
712 1352
712 1308
976 1693
775 1590
775 1331
775 21
1590 808
230 334
1105 1236
1236 1234
345 904
345 1511
1260 1375
1260 886
970 1685
970 1243
1685 1677
1685 28
1215 607
1215 1674
1278 1509
1278 1735
1278 956
1509 932
478 665
478 702
478 1166
89 475
475 647
475 402
605 1709
605 1523
605 1734
1709 602
1709 1186
786 1455
786 541
786 495
1455 434
1455 939
1741 136
1741 805
1351 1002
1351 1473
292 1069
292 1370
292 639
1069 901
1069 1307
580 978
580 86
580 806
978 1798
978 1758
358 762
358 823
240 1058
240 277
240 177
1058 1618
1058 1697
1028 1482
1028 1078
1482 756
1482 1456
1562 510
57 793
57 1253
793 1130
1254 456
663 1097
663 120
663 1249
1097 694
1097 806
1229 1436
1229 1340
422 307
422 75
1460 1434
1460 1022
97 1768
97 1064
1768 1169
1768 1682
1301 931
1436 823
1779 1652
454 885
454 1716
960 1734
960 1550
960 351
1734 464
1723 1726
1723 696
1615 297
1615 59
987 407
199 360
199 0
360 108
762 1521
762 5
1617 1400
1617 1333
236 507
236 1596
507 998
507 111
819 1731
819 374
1731 765
1731 977
590 739
590 1079
739 1313
1242 1568
1242 187
1242 1511
1568 1049
1568 1427
432 567
432 1253
432 204
567 141
567 1557
1206 715
1206 597
1079 1065
273 659
273 1194
273 338
659 597
1346 302
870 1552
870 817
1552 424
5 1253
5 795
818 203
818 816
1511 1585
1585 131
694 373
694 1082
494 743
494 1191
743 933
743 1499
278 1025
1081 1363
1081 1125
1081 925
1363 119
1363 832
96 1148
96 546
96 346
1148 1126
182 922
182 598
922 2
922 878
460 1690
460 331
1690 1264
1690 1063
377 752
377 1412
377 539
752 1114
378 1471
378 181
378 485
1471 1002
30 1282
30 1226
1282 250
1282 133
314 713
314 1191
844 1384
877 1195
877 1521
853 946
853 440
853 1693
946 1131
946 1321
419 1508
419 899
419 288
1508 52
1508 177
519 1595
519 592
1595 127
1595 1702
701 1114
701 973
1114 369
373 985
841 1237
841 1098
841 633
1237 291
1237 923
1352 159
1352 983
200 832
200 1671
200 1687
1580 1152
1580 1211
1208 1439
1208 496
1208 533
1439 532
14 821
821 986
821 1122
1344 1714
1344 965
1344 1190
1714 1192
1503 950
1503 776
899 1443
1443 956
969 1050
969 651
969 1198
1050 703
1050 1246
1015 1395
1015 1143
1015 1077
1395 802
1395 953
1382 1597
1382 147
1382 1705
1597 78
87 1156
87 673
87 610
1156 930
1156 678
330 1063
330 557
330 209
511 809
511 1763
511 238
809 1542
651 228
808 476
1305 1493
1305 1239
1305 996
1493 589
1243 1610
1243 490
1531 1018
681 389
217 893
217 417
893 1589
759 1325
759 499
1325 234
1325 85
55 1080
55 1184
1164 751
1594 1502
867 1388
867 19
867 598
1388 632
1388 179
529 755
529 1043
755 855
755 1640
44 677
677 1387
677 1361
1143 923
1143 1649
180 952
180 1032
952 127
254 901
254 1309
254 211
482 1485
482 1357
1742 1626
504 1457
504 936
1457 1347
300 724
300 817
724 186
268 196
1192 1539
1192 99
509 1392
1392 65
1392 831
578 997
578 1718
578 271
997 1173
178 389
178 324
930 1722
930 275
817 1366
1008 1075
1008 740
1075 1225
824 1403
824 1021
824 1092
1403 1684
1403 413
1281 105
807 1350
807 451
1350 1023
1350 173
83 93
83 1217
93 813
46 674
66 449
66 1472
449 1686
449 723
102 106
102 588
106 1074
2 1543
2 1613
1561 1389
1561 1497
133 359
133 34
359 414
359 571
1152 1450
451 525
451 861
525 780
525 1398
371 1170
371 1586
1170 673
657 1676
657 1437
1676 52
1676 215
1588 585
1588 921
1084 1600
1084 197
1084 1494
1600 1221
1600 1498
1093 1340
1340 367
348 1186
348 911
348 1784
119 1697
65 1054
733 768
768 1576
1318 1687
1318 78
1318 1643
1687 84
19 506
19 674
414 126
727 1032
727 34
1324 1447
0 481
0 1268
481 235
481 1434
860 1339
860 1727
860 1416
1339 866
1347 1024
880 1317
880 442
880 695
1317 559
745 1713
745 1221
825 1381
825 396
825 1145
1381 78
1381 820
1284 1666
1284 925
1284 403
1666 1154
1666 196
1077 375
1280 1287
1280 1659
1280 1472
1287 393
1331 1369
1331 1269
1369 846
1369 1619
350 450
350 650
350 1703
450 1068
209 1643
209 1573
1643 810
162 1694
185 791
185 130
791 165
791 902
154 395
154 296
154 1774
395 1327
1062 1064
1062 1134
1072 1374
1072 1289
1374 1125
1374 1295
456 1292
456 174
338 1644
338 1370
1644 1702
1644 802
1592 1638
1592 1519
1638 1761
308 1621
308 1716
1621 1475
1621 1228
533 836
533 136
836 1669
836 1396
35 306
35 361
1071 1570
1071 10
1238 1671
1238 1150
1238 1579
1671 1046
704 788
167 1485
167 1711
323 882
323 1216
882 1636
923 711
996 1553
650 1771
1771 1576
1771 472
838 1413
838 1151
838 1312
1413 333
1413 248
369 1249
625 1040
625 111
625 937
1040 963
169 909
169 601
169 695
909 444
355 1036
355 103
1036 136
1036 191
702 1409
1409 1089
911 1059
911 1658
1110 1234
1110 307
1726 1070
1726 1574
1131 558
1131 1225
550 902
550 363
902 1640
616 384
616 1456
228 851
851 1607
851 1359
91 208
91 1501
91 699
208 1232
208 728
473 1027
473 1789
473 1034
1027 8
1027 1119
235 1462
235 1650
489 1049
489 501
265 1672
265 814
1672 1729
1672 1217
526 1713
526 412
526 1157
132 999
132 1003
132 629
999 1335
999 1010
313 931
313 1394
313 1523
931 412
1221 29
607 1557
607 703
1557 408
1034 1785
1054 1688
1054 1367
1688 615
1688 47
1555 685
961 1088
961 535
961 1517
1088 560
1270 1338
1283 1514
1283 1563
1207 326
1207 1416
237 1646
582 1559
189 1379
189 1611
1535 688
1535 1543
1240 1447
1240 1792
1240 770
1447 1611
306 374
306 1789
374 998
324 1591
324 113
4 1321
4 521
4 1116
1321 1107
207 738
207 1711
293 1603
293 842
1603 1089
1603 846
1053 1328
1053 1197
1053 94
1328 1519
1744 1514
1744 238
172 1313
172 1286
1313 740
1169 1150
840 1220
840 1258
1220 261
1607 1750
1607 603
1259 1432
1259 163
1432 63
1432 1320
1327 1476
1327 754
1404 753
130 535
130 1235
535 856
297 1231
1011 686
289 442
289 619
442 705
1550 1137
1550 505
1677 1047
1677 1705
1151 1755
1151 1144
1755 183
1755 227
890 1452
890 410
1205 640
878 1477
878 1239
410 588
410 1405
588 1419
790 958
790 1781
589 676
676 1648
676 1021
1123 1533
1123 1401
1379 820
1379 696
403 1488
1488 645
1488 1501
440 1452
551 1116
551 1419
147 1427
691 1217
691 530
691 1146
1722 386
334 1245
334 749
1245 1639
1245 1530
337 1764
337 343
548 1675
1197 953
205 542
205 1043
205 705
542 441
542 585
1606 1476
1606 1653
10 1458
810 1210
810 1257
1210 1612
1210 831
181 742
181 319
742 309
742 336
1045 1750
1045 1609
1045 1024
1032 1514
985 532
1193 405
1193 1650
499 1361
1610 1310
713 1745
713 251
1285 1623
1285 734
1656 1760
1656 319
1760 1358
1760 123
1307 108
907 998
907 453
907 843
40 115
40 843
591 754
591 1099
431 889
431 1769
889 139
1481 1499
1481 1512
1481 58
1499 1227
333 1486
333 1426
1486 524
156 950
413 1515
413 1786
1515 1502
862 718
862 1157
1412 98
215 1226
1297 1534
1297 1707
1534 47
70 1377
70 1007
70 118
1377 1370
1377 1438
84 149
84 1620
149 1437
1529 1548
1529 725
1529 435
1548 402
1548 770
777 1684
777 1554
1466 332
1466 1686
1195 188
400 1288
1288 613
601 734
601 900
1162 1345
1162 1136
1162 583
1345 485
1345 202
469 484
469 227
469 1641
484 505
484 1304
947 1332
173 457
307 1405
408 1173
408 1616
1769 213
1769 1565
452 1563
452 426
452 1262
1563 1289
1239 1784
613 1357
613 1435
634 1082
634 1250
634 797
1082 372
291 703
291 778
559 1129
559 1620
372 103
1747 466
1775 1659
1775 510
113 184
184 343
184 1065
1512 1111
1576 218
146 1758
146 1730
146 1300
1758 1359
266 920
266 1608
920 1620
920 1693
141 251
141 434
251 638
539 1055
803 1124
1124 190
75 1140
75 1704
1007 354
1022 1577
1022 797
1577 49
86 1298
86 1732
466 1134
859 912
859 633
912 1417
912 1708
1089 1101
105 1353
105 223
1353 443
1752 1263
1752 1559
12 319
12 527
1462 1579
1462 1435
965 177
1611 990
951 1180
951 1686
951 301
1180 1494
1180 857
685 1182
1136 1358
1417 302
1417 1262
401 1387
401 1770
1387 493
983 1477
983 1519
1477 699
1441 342
488 1126
488 344
488 1708
1126 1368
1706 281
879 1661
514 956
772 1415
772 728
772 1564
1415 1669
1415 764
212 823
212 33
631 1067
631 464
1067 1490
1067 264
1309 1467
1309 916
122 1418
122 1104
122 1160
1418 524
1605 1652
1605 1037
98 186
530 1104
453 1145
1145 42
690 1306
690 1737
638 445
638 942
1030 108
1782 411
476 756
476 538
756 94
1584 1730
296 1269
223 1707
223 939
1024 104
271 472
472 1357
316 623
316 715
316 155
623 45
623 1255
647 892
647 788
441 654
441 1266
654 288
654 751
127 1367
1099 391
280 1725
280 748
280 1334
1725 1264
1725 201
1429 864
284 792
284 82
792 1650
792 487
43 320
43 1759
320 1349
1255 1517
1517 904
1646 256
845 868
196 1618
1618 1765
388 885
388 468
388 1530
885 1720
933 1416
82 1359
82 347
495 602
602 556
814 357
814 1023
376 1176
376 675
1176 33
1176 340
1129 1642
1129 1052
211 1763
288 513
710 1695
710 829
710 1702
1695 906
1407 445
1407 944
417 1756
1087 543
435 272
94 483
404 59
404 58
1029 1596
1029 260
1029 1111
740 1573
1246 252
506 1286
506 868
213 696
213 522
1078 1009
67 1306
67 750
1306 523
315 1142
315 1315
1761 949
496 1748
496 1793
1748 705
421 522
421 1540
522 1343
412 1291
8 385
8 114
1570 849
1023 813
260 1736
260 1304
1736 56
815 1729
815 218
842 1037
386 420
386 556
420 1664
1384 512
1384 427
405 1428
1542 1013
383 1025
383 874
1025 1292
1366 700
1068 1622
1068 1658
1622 1410
1622 545
342 764
253 915
253 1479
915 1092
915 577
1009 1290
554 763
554 886
554 433
763 1048
190 73
190 1636
813 1137
1658 391
26 1258
26 1547
1154 538
1013 1458
1013 103
1427 159
1125 1574
1458 837
344 1712
344 163
1712 1216
1712 831
1335 347
571 973
973 1495
357 715
42 1394
340 402
340 707
1258 1128
1264 1680
693 1465
693 771
693 1536
1465 53
921 1472
921 1786
201 1497
201 1383
1497 568
689 645
689 906
332 1342
332 63
1342 687
1342 615
510 711
557 1689
1689 364
541 1601
541 785
1601 1227
1310 1783
1310 321
1783 937
1783 1560
669 1112
669 1314
1112 28
1112 245
326 975
975 788
1338 220
1338 1653
1475 653
1565 1780
1565 80
1796 1140
321 1179
321 1289
516 520
516 1678
1396 1356
77 1358
77 949
77 302
363 1572
363 583
1572 1107
1524 1604
1524 1361
1524 1262
1604 855
1604 570
276 164
1539 1267
1539 1179
517 992
517 753
517 393
992 728
379 1516
1516 621
1516 1467
765 769
765 1487
131 1185
131 1033
1185 1408
160 1055
160 28
904 426
448 483
448 1035
483 1048
1680 1300
1680 1745
1623 555
1623 1743
597 1631
1631 989
1631 894
1150 640
553 770
553 1564
270 827
270 367
270 294
827 1533
769 639
820 521
34 592
592 59
352 1044
352 615
1231 1371
259 1613
1613 322
512 487
512 111
1389 1428
1389 864
1428 1467
747 1781
747 262
747 31
1781 806
1498 643
1540 1682
771 1765
1765 120
227 1385
197 1314
385 1171
385 688
1171 123
1171 563
123 1738
1100 444
153 900
1433 1448
1433 632
1433 1091
1448 1315
1448 1247
100 857
100 1641
868 1657
1047 1184
246 1026
246 1489
673 1564
837 639
1664 532
1664 1201
585 707
361 1303
546 1251
1251 347
1251 1751
11 232
1394 718
250 565
1295 1491
1295 490
1491 1311
1641 1630
738 1037
738 1423
248 1035
248 736
1173 1201
729 1532
281 640
1661 1249
1111 1459
272 611
272 523
611 1386
864 1296
1329 1753
1753 963
1753 1681
68 816
68 1764
816 183
21 741
741 1553
115 287
555 940
555 32
940 927
1235 1602
1602 1735
1602 598
135 317
135 33
317 1214
1174 1203
56 700
633 903
1303 848
666 892
666 656
666 1608
232 1157
543 558
543 1728
645 1487
563 736
563 219
322 152
1485 346
908 1593
908 1198
1593 243
1593 928
863 1033
863 1291
353 903
353 887
1300 1740
53 1267
53 245
1560 1756
1756 497
17 725
17 1333
17 1139
725 1704
264 339
751 218
243 622
243 191
622 1397
622 354
120 1720
1720 928
603 1459
603 1575
795 1629
795 568
1629 1056
503 1786
503 1139
1479 558
1059 1227
427 753
565 1589
565 1160
928 1003
1003 1446
384 263
384 1194
656 1298
656 1608
886 1271
1271 1368
331 684
1263 520
1263 1636
1523 1146
79 1184
79 833
79 1267
1704 85
60 1579
262 433
942 1000
942 1250
1000 1228
1000 527
443 570
1423 586
513 370
32 1495
32 684
263 833
263 1070
833 244
183 1398
1398 1674
1166 1669
1373 114
749 1074
165 497
586 301
1371 1633
1495 1117
1052 1788
1052 1640
1788 1737
1788 1408
159 583
545 874
1334 459
375 966
468 1056
45 1101
247 989
247 1139
1149 1678
1149 502
191 1616
1616 339
1730 1107
501 1202
1010 718
497 990
364 830
407 900
1160 117
1182 1214
1182 433
774 1648
774 977
16 336
16 139
1699 1290
1699 1446
1504 1530
1504 848
1333 794
707 675
610 925
610 927
155 1449
785 871
244 678
244 1728
678 537
1016 1194
1016 1575
570 964
964 1393
964 989
1290 1546
1250 1697
1393 1343
187 686
1397 916
428 1266
428 916
428 164
871 380
871 29
1678 1247
188 508
188 1314
508 1681
1146 709
1681 1098
202 256
538 275
778 988
988 294
988 1785
748 426
1554 99
1554 457
1043 1609
1456 1654
1296 234
444 1349
830 1091
439 1437
31 658
31 1410
117 152
1450 1659
1450 734
1092 446
1203 953
686 854
854 1056
854 621
194 459
194 794
1091 1654
445 1489
675 966
1315 1694
1759 1740
1090 1716
1090 1408
309 112
287 1657
220 1175
1286 1190
1473 502
1435 1276
1487 179
73 174
73 1276
1630 424
1080 1070
1080 695
301 849
849 1400
1547 179
85 1633
523 1737
1122 1751
1122 465
1751 1770
219 1790
1732 339
1732 1609
937 1538
1653 1101
275 1386
688 1175
537 1442
629 1790
1586 1790
1386 653
524 1442
1356 465
544 1718
544 1546
544 861
171 258
1546 1649
1449 750
380 1743
684 1385
1410 1426
1257 245
294 370
370 1703
1743 1211
1269 1444
1332 1536
1332 258
1536 1130
750 936
861 906
411 1740
1400 1575
1232 1383
1232 1046
99 874
560 716
1202 643
261 126
802 1444
1225 1026
459 1762
464 1626
1018 1311
252 794
252 776
709 1785
1385 126
446 1291
15 318
258 1795
1795 936
716 1483
1762 1444
1762 424
1442 723
1046 1175
80 164
594 653
1311 1483
