1600 2400
559 750
559 1216
559 1041
750 1573
750 1143
58 239
58 722
58 1044
239 831
239 886
724 1491
724 1560
724 922
1491 26
1491 1311
633 735
633 989
633 840
735 67
735 1386
814 1421
814 2
814 1505
1421 864
1421 48
1022 1599
1022 39
1022 764
1599 211
1599 639
323 658
323 1136
323 281
658 534
658 1172
18 956
18 1035
18 1388
956 345
956 1068
209 1576
209 1157
209 1481
1576 1593
1576 364
107 1528
107 86
107 512
1528 476
1528 336
1387 1548
1387 926
1387 1502
1548 917
1548 599
974 1113
974 598
974 172
1113 1540
1113 183
152 1450
152 482
152 754
1450 1074
1450 740
304 910
304 749
304 210
910 416
910 1441
3 1327
3 1107
3 508
1327 492
1327 1252
486 1295
486 860
486 19
1295 362
1295 798
579 1523
579 908
579 121
1523 767
1523 1100
389 725
389 883
389 405
725 1121
725 395
562 796
562 1151
562 1574
796 880
796 1525
742 992
742 909
742 1131
992 836
992 1373
813 1052
813 33
813 1500
1052 1372
1052 49
65 1567
65 1382
65 1123
1567 560
1567 687
380 1579
380 463
380 563
1579 1148
1579 271
1305 1514
1305 908
1305 229
1514 112
1514 754
258 1324
258 436
258 968
1324 1264
1324 686
585 636
585 1546
585 1395
636 38
636 1133
117 302
117 1184
117 545
302 980
302 321
456 634
456 521
456 888
634 878
634 569
470 1063
470 16
470 352
1063 924
1063 1227
1071 1432
1071 89
1071 1310
1432 1114
1432 1025
1006 1339
1006 177
1006 1354
1339 705
1339 818
1039 1336
1039 1298
1039 597
1336 937
1336 23
178 662
178 1313
178 1419
662 1546
662 1465
932 1273
932 210
932 383
1273 692
1273 68
318 822
318 784
318 1438
822 1240
822 37
123 726
123 63
123 137
726 1164
726 1285
1033 1176
1033 74
1033 27
1176 274
1176 884
654 1265
654 23
654 646
1265 515
1265 769
76 1288
76 1412
76 1353
1288 885
1288 473
443 673
443 1360
443 920
673 587
673 620
1195 1503
1195 698
1195 99
1503 71
1503 436
850 1585
850 480
850 1077
1585 1551
1585 245
370 1097
370 1331
370 1226
1097 1377
1097 286
67 1096
67 1060
1096 1158
1096 1473
300 889
300 1382
300 198
889 702
889 1575
740 1453
740 535
1453 631
1453 865
109 1358
109 242
109 1520
1358 224
1358 17
314 558
314 111
314 786
558 788
558 1242
533 1011
533 1442
533 1325
1011 1357
1011 1053
955 1378
955 1393
955 59
1378 1372
1378 855
903 922
903 1199
903 188
922 1197
852 993
852 878
852 248
993 568
993 1133
552 615
552 1280
552 1017
615 968
615 716
61 643
61 1124
61 1478
643 1468
643 914
756 1025
756 1103
756 108
1025 1307
100 720
100 471
100 819
720 1466
720 998
50 899
50 900
50 1207
899 730
899 962
21 1101
21 354
21 194
1101 1081
1101 208
629 1329
629 386
629 743
1329 417
1329 978
884 1210
884 461
1210 794
1210 342
94 676
94 627
94 52
676 1156
676 1169
1313 435
1313 1504
79 782
79 718
79 1120
782 52
782 1489
1157 911
1157 1189
173 1463
173 169
173 311
1463 581
1463 551
1294 1459
1294 593
1294 124
1459 529
1459 1235
906 1234
906 621
906 1356
1234 794
1234 364
588 1333
588 574
588 199
1333 386
1333 807
839 915
839 1296
839 446
915 1189
915 1141
1016 1365
1016 1549
1016 72
1365 1177
1365 871
1360 1332
1360 1578
506 705
506 184
506 626
705 881
110 396
110 1393
110 1304
396 1552
396 321
491 582
491 696
491 1263
582 476
582 404
375 816
375 1184
375 1067
816 873
816 863
601 979
601 127
601 1239
979 699
979 353
565 1321
565 42
565 1030
1321 1492
1321 556
543 665
543 36
543 296
665 28
665 519
890 1383
890 566
890 593
1383 1191
1383 338
92 320
92 80
92 180
320 222
320 874
984 1310
984 781
984 157
1310 1166
832 996
832 761
832 54
996 830
996 66
549 824
549 997
549 1132
824 664
824 179
142 1489
142 1024
142 175
1489 140
1162 1396
1162 384
1162 669
1396 858
1396 485
1410 1418
1410 802
1410 1192
1418 132
1418 1311
509 608
509 403
509 199
608 95
608 752
1540 701
1540 869
572 1222
572 1105
572 1242
1222 935
1222 1037
528 1524
528 494
528 751
1524 308
1524 694
158 530
158 534
158 531
530 638
530 219
982 1322
982 655
982 354
1322 43
1322 1054
917 1076
917 1330
1076 465
1076 1065
185 1041
185 622
185 1003
1041 315
693 1219
693 0
693 81
1219 186
1219 604
135 1220
135 827
135 1497
1220 646
1220 1278
1095 1262
1095 503
1095 1009
1262 1004
1262 1536
1282 1354
1282 126
1282 204
1354 1435
646 878
144 1534
144 1547
144 309
1534 1047
1534 442
416 1014
416 287
473 1215
473 1300
1215 1398
1215 1583
444 663
444 1126
444 1053
663 913
663 1261
584 1577
584 1128
584 975
1577 1480
1577 1342
849 977
849 645
849 1028
977 1032
977 791
1173 1303
1173 452
1173 303
1303 719
1303 408
617 1085
617 88
617 1356
1085 1394
1085 250
1300 1069
1300 1274
369 605
369 360
369 580
605 1318
605 1221
1034 1224
1034 594
1034 84
1224 194
1224 1159
566 677
566 987
563 1230
563 77
1230 554
1230 1067
346 1381
346 808
346 879
1381 694
1381 879
785 934
785 1106
785 855
934 553
934 587
555 1146
555 1024
555 1561
1146 597
1146 448
429 741
429 257
429 167
741 1142
741 393
242 476
242 283
212 254
212 337
212 1308
254 296
254 840
1547 214
1547 1196
576 1061
576 700
576 1211
1061 770
1061 536
95 994
95 1227
492 1029
492 1079
213 600
213 503
213 348
600 460
600 610
606 940
606 427
606 415
940 1045
940 220
514 677
514 856
514 1574
677 377
194 520
1064 1409
1064 35
1064 290
1409 841
1409 355
553 1342
553 125
1342 1338
331 1229
331 1452
331 925
1229 1217
1229 402
86 644
86 1436
644 493
644 1057
1398 174
1398 415
215 645
215 1332
215 798
645 1509
193 1035
193 652
193 1150
1035 1334
836 525
836 347
847 1267
847 1486
847 502
1267 1556
1267 1120
188 548
188 482
548 2
548 1320
35 40
35 688
40 401
40 494
382 413
382 146
382 385
413 597
413 1376
25 1424
25 523
25 768
1424 357
1424 160
622 504
622 507
994 1588
994 685
170 350
170 255
170 1236
350 841
350 775
164 190
164 172
164 295
190 586
190 160
1154 1423
1154 317
1154 896
1423 468
1423 1349
505 1014
505 497
505 690
1014 62
452 1496
452 198
1496 1455
1496 638
1211 1405
1211 53
1405 1187
1405 437
154 527
154 1544
154 256
527 1258
527 1126
335 1505
335 1037
335 130
1505 1531
716 1462
716 1559
1462 128
1462 1578
217 583
217 1015
217 1017
583 702
583 1376
1299 1554
1299 730
1299 279
1554 1427
1554 1449
916 1487
916 56
916 255
1487 1207
1487 1276
1379 1397
1379 1204
1379 744
1397 1208
1397 136
89 397
89 664
397 715
397 603
223 626
223 1399
223 206
626 1414
183 590
183 912
590 453
590 221
792 1457
792 669
792 928
1457 464
1457 845
737 1521
737 1245
737 284
1521 1198
1521 941
739 1302
739 1473
739 826
1302 1582
1302 902
989 1593
989 282
1593 652
985 1214
985 569
985 116
1214 361
1214 729
1065 1323
1065 1447
1323 1385
1323 961
329 500
329 1526
329 409
500 736
500 541
10 1012
10 905
10 790
1012 1485
1012 625
1180 1309
1180 1247
1180 166
1309 192
1309 1082
74 145
74 802
701 856
701 825
438 937
438 132
438 191
937 535
883 1058
883 727
1058 1056
1058 1513
53 866
53 1363
866 772
866 1472
1103 1185
1103 700
1043 1196
1043 1112
1043 1212
1196 1200
577 722
577 614
577 419
722 1543
224 1508
224 453
783 1056
783 343
783 108
1056 73
1486 202
1486 1317
235 613
235 1240
235 495
613 1542
613 1348
445 1326
445 325
445 972
1326 262
1326 526
1017 1143
1143 44
526 1171
526 661
1171 1175
1171 1497
1029 480
1029 1426
114 1226
114 31
114 379
1226 453
544 810
544 681
544 1437
810 294
810 414
28 368
28 1510
234 770
234 1233
234 113
770 81
118 967
118 1005
118 432
967 919
967 1153
69 1340
69 1083
69 127
1340 856
1340 657
171 1208
171 685
171 711
1208 679
141 1594
141 143
141 496
1594 1471
1594 37
349 1394
349 1251
349 1167
1394 266
1026 1493
1026 522
1026 1532
1493 896
1493 371
1048 1252
1048 1090
1048 466
1252 1481
817 1499
817 265
817 1186
1499 1124
1499 1551
373 668
373 265
373 1263
668 907
668 1518
60 1111
60 593
60 1475
1111 678
1111 311
71 1386
71 301
1386 1274
1165 1279
1165 779
1165 1271
1279 17
1279 869
253 868
253 973
253 1284
868 1167
868 205
207 1575
207 269
207 91
1575 1127
174 6
174 1407
534 660
1468 1151
1468 1377
1073 1281
1073 1557
1073 1161
1281 914
1281 157
1185 1522
1185 1259
1522 1082
1522 1458
696 748
696 359
328 818
328 421
328 1392
818 986
1107 678
1107 1349
317 1362
317 625
510 1469
510 1557
510 1152
1469 1152
1469 157
27 1235
27 704
1235 273
479 578
479 1509
479 773
578 798
578 963
81 797
797 342
797 1100
808 919
808 627
1513 1588
1513 85
1588 446
425 872
425 360
425 921
872 259
872 1316
290 647
290 950
647 546
647 930
133 291
133 1345
133 621
291 156
291 637
497 833
497 1170
833 609
833 357
968 459
97 1271
97 1452
97 356
1271 26
746 1537
746 859
746 4
1537 1172
1537 1276
1182 1201
1182 499
1182 267
1201 1412
1201 1276
529 963
529 431
179 1426
179 1001
1426 287
424 619
424 777
424 1431
619 1430
619 1261
63 1251
63 1049
1251 952
292 1223
292 592
292 815
1223 1009
1223 1552
423 474
423 821
423 1245
474 434
474 1160
146 508
146 653
1013 1099
1013 723
1013 719
1099 265
1099 150
249 623
249 1231
249 759
623 455
623 122
106 803
106 244
106 219
803 1236
803 374
1172 1527
864 1268
864 1175
902 1533
902 1467
1533 938
1533 11
390 1501
390 862
390 8
1501 374
1501 422
949 970
949 848
949 863
970 706
970 1010
648 713
648 653
648 1241
713 954
713 900
426 786
426 1586
426 815
786 802
8 44
8 299
44 512
1098 1444
1098 550
1098 515
1444 1596
1444 1400
1580 1596
1580 372
1580 1260
1596 351
361 656
361 1334
672 698
672 1298
672 440
698 1010
1122 1163
1122 598
1122 556
1163 485
1163 564
1167 1189
387 943
387 607
387 1454
943 603
943 602
539 928
539 691
539 1
928 1530
362 321
362 521
1363 826
1363 659
945 1350
945 961
945 1568
1350 854
1350 1420
274 279
274 218
279 1147
336 748
336 1512
748 1023
1442 1079
1442 1474
835 1484
835 809
835 306
1484 769
1484 227
719 745
738 1402
738 1417
738 1036
1402 1441
1402 136
427 1589
427 1243
24 518
24 757
24 11
518 721
518 326
299 457
299 1115
457 1393
457 1550
843 966
843 763
843 162
966 1268
966 6
381 755
381 1341
381 305
755 554
755 1467
830 1067
830 1392
449 481
449 512
449 435
481 507
481 1478
520 392
520 420
298 757
298 1330
298 732
757 516
1191 1038
1191 338
627 1427
1427 245
679 431
679 573
482 1476
1141 1153
1141 537
1153 938
327 411
327 344
327 1255
411 861
411 285
591 1015
591 717
591 1584
1015 1344
140 1079
140 971
1072 1139
1072 819
1072 418
1139 1275
1139 386
811 1018
811 16
811 430
1018 525
1018 1539
169 1142
169 306
1142 120
1151 568
547 1439
547 37
547 1042
1439 1542
1439 353
115 1516
115 1478
115 667
1516 1466
1516 881
1557 394
417 1188
417 1525
531 1351
531 790
1351 1558
1351 618
616 1538
616 703
616 339
1538 1059
1538 861
1527 628
1527 1370
717 1212
717 1253
1212 347
332 467
332 1506
332 1520
467 29
467 1190
400 867
400 1367
400 1490
867 1170
867 939
1198 1
1198 12
493 1589
493 42
1589 394
391 409
391 15
391 129
409 1110
356 680
356 1414
680 1253
680 496
752 1081
752 513
38 439
38 1074
954 727
954 365
1546 1204
121 670
121 901
670 307
670 1319
247 1569
247 159
247 284
1569 228
1569 516
296 64
85 338
85 1482
15 688
15 706
688 1362
972 1070
972 1475
1070 483
1070 166
162 707
162 1330
707 536
707 49
1199 262
1199 184
78 973
78 1075
78 1188
973 499
730 804
22 138
22 1566
22 1040
138 363
138 98
805 929
805 90
805 30
929 1331
929 936
256 341
256 271
341 564
341 589
886 1411
886 1104
1411 1049
1411 743
278 774
278 842
278 887
774 371
774 1587
923 1415
923 697
923 293
1415 1558
1415 664
1385 838
1385 1447
374 924
241 1237
241 1298
241 225
1237 105
1237 1301
288 1169
288 1595
288 1266
1169 1461
39 189
39 1359
251 1287
251 1500
251 1115
1287 407
1287 324
1024 131
222 1130
222 1020
1200 130
1200 995
1123 1216
1123 252
1216 180
313 853
313 784
313 809
853 264
853 494
273 1454
273 931
1454 1308
394 1335
1335 1429
1335 1390
363 379
363 1456
83 1559
83 1400
83 821
1559 1231
804 1090
804 1356
1090 1539
522 1112
522 351
1112 47
102 260
102 51
102 995
260 1075
260 358
395 1416
395 203
1416 1116
1416 1150
1268 542
1066 1355
1066 1347
1066 29
1355 1004
1355 322
80 1078
80 828
581 68
581 181
1133 1213
6 101
461 952
461 925
952 1261
780 1263
780 1156
780 210
631 1140
631 75
1140 535
1140 1431
1197 1551
1197 1414
958 1040
958 596
958 1168
1040 392
32 960
32 246
32 1451
960 1446
960 912
1184 433
112 745
112 282
538 948
538 976
538 1129
948 55
948 1581
196 690
196 1256
196 1127
690 1078
216 1571
216 1367
216 674
1571 691
1571 267
277 1401
277 372
277 462
1401 1130
1401 1592
466 1188
466 793
1430 594
1430 51
376 477
376 319
376 244
477 293
477 990
1023 751
1023 1259
678 882
478 524
478 1364
478 1116
524 1008
524 1563
1461 1384
1461 602
691 1507
301 339
301 1027
339 1506
660 766
660 378
766 66
766 1304
165 1232
165 82
165 599
1232 398
1232 769
56 1148
56 1353
888 1038
888 1259
1038 1068
1231 1260
938 211
1467 1595
516 546
259 161
259 96
41 155
41 255
41 1155
155 1433
155 1425
454 1456
454 844
454 229
1456 1134
419 860
419 1291
860 29
587 88
88 1044
410 1125
410 187
410 944
1125 1465
1125 1170
1081 240
861 1344
1236 1436
192 1348
192 1518
1348 232
537 708
537 1574
708 52
708 851
263 1228
263 1451
263 1106
1228 1117
1228 1247
541 827
541 399
827 651
727 749
502 1509
502 1338
1373 924
1373 1164
1541 1552
1541 1446
1541 149
132 220
360 1425
1425 1413
2 1256
122 1108
122 353
1108 540
1108 355
203 753
203 1209
807 918
807 1255
918 1283
918 206
751 465
1331 1183
919 1149
1480 1293
1480 1530
1127 793
143 1059
143 1494
1059 1380
125 1536
125 990
1536 978
371 30
447 1178
447 1452
447 1269
1178 1479
1178 1272
1010 1404
1404 557
1404 1564
704 721
704 997
1187 1445
1187 1104
1445 1470
1445 1590
16 762
901 1088
901 687
1088 846
1088 999
1245 1285
237 550
237 1091
237 246
550 987
43 575
43 650
49 1253
1530 1555
1555 284
1555 257
1183 1190
1183 1246
1080 1584
1080 791
1080 446
1584 1374
150 667
150 1560
667 573
920 728
920 342
1134 1591
1134 653
1591 1149
1591 1249
1148 734
276 1566
276 1317
276 0
1566 1238
1008 1186
1008 1443
1186 432
523 1175
523 1440
1485 498
1485 59
460 944
460 495
1382 1254
351 598
1082 1531
703 283
703 462
1240 781
620 161
620 334
1471 1482
1471 1370
1482 177
7 595
7 1003
7 377
595 991
595 1490
1436 275
177 430
379 1357
1202 1443
1202 829
1202 359
1443 82
421 1407
421 892
439 1205
439 700
560 1045
560 871
66 1084
763 732
763 1027
1126 62
437 1087
437 1160
1087 942
1087 1244
718 957
718 1519
957 1000
957 905
84 182
84 891
182 580
182 904
1069 777
1069 1296
72 1519
72 197
1519 840
862 1312
862 764
767 1458
767 153
168 1572
168 377
168 1460
1572 163
1572 319
1526 925
1526 650
365 1408
365 1091
422 442
422 441
442 401
1316 1057
1316 759
1283 139
1283 469
699 197
699 568
1049 1586
1586 580
896 119
913 334
913 1565
1560 289
399 1361
399 1086
1361 126
1361 91
57 1332
57 854
57 36
573 1248
1248 728
1248 227
489 1291
489 401
489 1374
1291 1437
184 488
96 542
96 1266
542 874
942 1257
942 897
1492 1221
1492 430
712 1564
712 266
712 844
1564 706
195 1194
195 31
195 240
1194 1086
1194 1292
683 1277
683 618
683 1144
1277 695
1277 1181
1258 1345
1258 1241
594 1284
1284 969
621 1158
1158 204
51 659
1190 148
628 788
628 345
788 1568
914 1002
1002 55
1002 211
289 684
289 589
684 1406
684 1286
450 638
450 1422
450 1390
1057 1166
197 983
1089 1384
1089 30
1089 1375
1384 1221
124 1376
124 1249
161 1529
1086 1368
1446 480
246 1366
120 475
120 134
475 1174
475 472
525 649
163 931
163 1301
931 1285
642 965
642 1242
642 959
965 315
965 854
980 1598
980 1504
1598 959
1598 1119
463 554
463 1055
201 405
201 1412
201 77
405 1094
252 779
252 714
779 772
468 358
468 1515
137 649
137 4
649 657
950 1346
950 637
1346 1247
1346 733
208 709
208 859
709 655
709 567
42 268
268 826
268 904
564 87
26 592
1174 1380
1174 630
31 398
851 936
851 1005
936 611
214 1312
214 893
1233 1209
1233 855
432 988
988 36
988 297
62 46
1481 964
202 1020
202 487
1020 1368
345 334
1019 1315
1019 9
1019 1550
1315 189
1315 68
305 511
305 103
511 946
511 226
357 1532
671 1391
671 1515
671 324
1391 953
1391 1060
545 1278
545 384
398 781
1417 108
1417 4
669 359
1207 640
1062 1132
1062 1051
1062 674
1132 1257
900 326
831 1465
831 873
333 1597
333 355
333 459
1597 113
1597 744
971 1359
971 1272
1359 159
715 46
715 912
392 261
441 1050
441 384
1050 1179
1050 1046
618 546
768 1036
768 800
1036 991
891 1515
891 799
293 294
34 1306
34 261
34 1517
1306 1341
1306 1490
366 876
366 1592
366 101
876 1389
876 975
513 517
513 388
517 732
517 1460
844 1031
1031 280
1031 981
762 812
762 448
812 131
812 176
1474 894
1474 1433
1166 404
969 1556
969 1218
1556 933
1264 45
1264 773
961 1192
1307 651
1307 1570
1104 1371
1371 721
1371 1558
310 1590
310 1407
310 1138
1590 1563
275 586
275 319
586 1477
702 1007
307 1292
307 352
1292 1375
90 1042
90 911
1466 753
686 885
686 1406
503 261
1506 1084
764 871
257 1582
1311 1131
1392 1535
819 999
344 776
344 490
408 1092
408 1032
1092 1155
1092 927
1110 1135
1110 731
1135 186
1135 895
865 870
865 1203
484 858
484 483
484 1115
858 761
790 14
231 412
231 352
231 1320
412 795
412 772
472 488
472 1464
733 1562
733 285
1562 905
1562 325
483 806
687 70
266 1429
75 666
75 198
651 1403
496 1290
692 229
692 226
682 1488
682 1161
682 1246
1488 1433
1488 1420
1051 799
1051 238
655 1451
471 1161
471 294
225 611
225 776
611 1117
1032 1314
1314 1549
1314 609
286 1344
286 230
431 795
99 1109
99 975
1109 710
1109 930
488 501
1408 1510
1408 402
1257 219
134 694
134 180
306 139
485 1037
1349 87
1149 1581
710 1155
710 870
575 337
575 1389
963 1337
326 926
1102 1270
1102 789
1102 841
1270 793
1270 895
1114 1244
1114 1118
1244 879
1120 1138
1138 1209
1003 1250
1204 666
98 765
98 1045
436 771
771 20
771 875
200 271
200 1275
200 1055
1370 1293
761 1362
434 1179
434 760
1075 656
145 1094
145 1497
1094 385
728 758
14 17
14 846
111 689
111 151
1136 5
1136 403
1542 1372
13 1325
13 911
13 1561
1325 1000
159 1319
1592 1437
711 723
711 641
723 330
280 226
280 433
561 635
561 245
561 609
635 887
635 508
465 775
435 285
308 1129
308 1472
1129 73
632 695
632 927
632 1193
695 1455
1399 47
1399 1278
55 236
880 1296
880 540
77 825
147 1561
147 337
147 418
315 228
1563 1395
1227 1130
1004 1483
1483 1301
1483 1147
136 999
697 1343
697 1479
809 795
1388 378
1388 656
1364 1502
1364 87
1502 532
882 1498
882 303
1498 829
1498 448
103 176
103 930
885 731
908 176
776 1447
870 230
428 1529
428 991
428 264
1529 907
139 343
343 451
1477 799
1477 612
976 1254
976 1145
1254 1549
736 845
736 54
312 536
312 1078
312 775
187 1179
187 652
148 842
148 297
842 504
23 1152
368 1366
368 1369
1289 1570
1289 978
1289 119
1570 1077
641 834
641 1565
603 1093
1093 1595
1093 935
186 12
1177 1428
1177 848
498 167
498 675
953 1238
953 681
927 777
1507 893
1507 778
1429 402
9 921
9 406
921 1218
607 744
607 191
1368 406
1275 388
1377 393
877 1001
877 322
877 404
1001 1504
1422 48
1422 556
358 800
557 532
557 464
926 1583
848 1553
1553 1203
1553 834
589 551
262 787
1147 1476
1476 128
1366 1290
1117 1304
519 1269
519 233
1269 681
909 1046
909 303
1046 935
269 420
269 270
420 947
91 828
828 1460
440 567
440 340
567 1246
297 933
933 747
127 270
104 330
104 126
104 1009
330 981
685 1100
499 1124
1274 70
846 1545
228 1583
637 1297
149 1105
149 433
1290 1137
734 240
734 367
838 947
838 167
250 806
250 1550
806 113
264 1532
119 820
784 1005
33 1535
33 1525
45 787
45 204
787 1352
1156 1470
666 1434
244 990
1582 823
348 451
348 1308
451 316
282 1000
1083 1543
1083 1438
1543 1160
20 551
20 243
749 272
206 1441
5 507
5 1389
311 946
325 747
1374 675
82 1150
947 1494
1091 1206
759 821
747 760
964 1047
964 951
1047 951
364 495
1341 689
189 758
415 939
191 458
458 1328
458 1587
205 887
205 1250
403 873
172 160
614 894
614 1249
128 837
765 1500
765 1260
354 462
1203 156
659 1
270 236
340 414
340 857
414 1030
283 874
1369 1495
1369 1517
1495 612
1495 1428
227 393
316 1145
316 1435
1145 778
986 1470
986 156
569 1181
1181 469
983 1544
983 1205
1544 1581
70 1434
1434 610
1250 1021
1337 151
1337 959
46 997
1055 1573
893 1084
1517 640
610 1420
863 1520
1144 962
1144 11
689 1256
639 845
639 1435
232 570
232 1128
570 944
570 881
1458 1357
233 571
233 1225
571 1217
571 1054
378 995
0 714
714 181
1128 1508
1508 1007
540 1473
823 1243
823 385
1213 367
1213 1027
1217 1510
129 1106
129 1573
1272 897
267 1192
281 946
281 487
596 248
596 47
1021 1318
1021 1367
907 230
130 829
951 1347
904 1060
116 892
116 1400
892 1403
406 1105
490 1074
490 1464
1121 1297
1121 625
834 1419
1455 515
1375 309
758 1243
794 487
12 1319
731 248
501 1511
501 221
1511 1545
1511 1539
504 1353
962 153
624 1293
624 1338
624 604
464 875
760 612
745 815
1413 895
1413 418
372 791
1054 1119
1119 236
859 1118
388 1464
367 1395
1255 661
754 151
1131 1137
243 1068
243 309
1312 825
1218 1440
1578 1042
1164 1448
1286 1352
1286 131
1352 1193
73 383
521 857
199 981
1318 998
1343 1159
1343 1168
64 383
64 1419
322 1438
1297 1431
898 1225
898 220
898 1206
1225 1007
48 789
789 1030
1205 93
93 238
93 1518
1239 238
1239 1512
218 1545
218 1448
1440 1494
54 324
574 941
574 1044
640 1428
894 1380
469 801
166 1116
773 1449
1449 753
1317 939
532 592
1347 1206
1193 743
59 105
105 455
101 1390
1320 1168
1406 1448
630 837
630 778
837 875
941 604
675 1266
800 657
1238 1334
1159 599
455 998
459 729
1137 729
1403 1280
1280 661
897 295
1512 1241
650 1479
1345 1568
1565 1053
1535 19
857 272
181 1475
272 1077
407 1531
407 175
153 987
287 674
19 1028
1587 347
1328 801
1328 221
602 820
820 869
1472 801
295 175
1028 1118
