200 300
57 91
57 36
57 198
91 132
91 106
27 105
27 37
27 16
105 111
105 169
46 155
46 22
46 174
155 63
155 131
113 145
113 124
113 139
145 8
145 117
141 191
141 1
141 194
191 93
191 111
70 183
70 104
70 72
183 166
183 179
49 160
49 30
49 186
160 17
160 129
25 41
25 12
25 177
41 29
41 66
64 142
64 53
64 188
142 44
142 186
73 90
73 156
73 24
90 196
90 38
126 190
126 117
126 54
190 17
190 172
7 99
7 68
7 54
99 48
99 65
48 100
48 47
100 61
100 161
96 186
96 102
96 63
101 106
101 3
101 187
106 79
79 51
79 40
102 199
102 127
199 11
199 81
2 176
2 86
2 78
176 140
176 23
12 177
12 122
29 177
29 131
0 188
0 165
0 77
188 158
60 147
60 197
60 194
147 162
147 165
143 163
143 125
143 18
163 58
163 67
119 178
119 94
119 116
178 107
178 137
123 139
123 69
123 144
139 165
61 4
61 97
146 150
146 87
146 20
150 181
150 39
52 161
52 135
52 173
161 172
166 122
166 111
8 39
8 13
39 173
33 157
33 135
33 114
157 159
157 138
87 192
87 137
192 197
192 168
98 103
98 97
98 115
103 144
103 84
137 182
158 109
158 187
11 44
11 9
44 3
16 40
16 28
40 78
59 194
59 45
59 135
156 31
156 51
63 5
118 133
118 38
118 107
133 18
133 149
92 136
92 80
92 82
136 169
136 184
169 22
179 31
179 74
38 55
55 1
55 151
32 69
32 130
32 168
69 9
22 120
50 148
50 18
50 23
148 51
148 82
114 193
114 93
193 67
193 162
35 138
35 167
35 181
138 21
6 13
6 127
6 88
13 54
131 154
154 112
154 185
47 94
47 151
167 196
167 65
196 171
53 125
53 19
15 144
15 76
15 180
81 89
81 130
36 171
36 108
89 24
89 9
37 74
37 56
74 129
162 24
17 112
93 28
10 184
10 19
10 187
184 67
71 170
71 62
71 83
170 86
170 195
122 181
197 65
4 153
4 129
153 58
153 97
104 121
104 124
121 62
121 77
3 56
31 107
124 182
86 189
26 128
26 120
26 152
128 164
128 175
58 43
198 42
198 109
110 127
110 88
110 174
19 116
116 94
132 115
132 174
85 180
85 20
85 117
180 175
125 45
23 95
95 108
95 45
21 43
21 42
43 75
80 68
80 72
159 68
159 30
115 112
130 20
62 185
171 88
76 152
76 72
152 34
83 84
83 120
28 75
82 189
109 140
140 78
168 189
75 1
151 182
14 149
14 134
14 84
149 195
42 77
56 66
66 34
34 185
164 134
164 5
30 195
108 5
172 134
173 175
