1900 2850
1323 1671
1323 782
1323 625
1671 393
1671 75
1438 1621
1438 1721
1438 586
1621 1758
1621 1224
268 457
268 1748
268 397
457 899
457 452
1381 1532
1381 917
1381 810
1532 984
1532 146
235 280
235 715
235 374
280 1448
280 1685
200 1491
200 382
200 1726
1491 719
1491 369
439 1364
439 1442
439 1670
1364 1821
1364 92
355 1401
355 874
355 1635
1401 1607
1401 1664
1400 1630
1400 1204
1400 621
1630 1010
1630 584
135 952
135 1351
135 1121
952 1358
952 1439
587 969
587 74
587 234
969 396
969 443
186 774
186 557
186 569
774 361
774 72
30 1689
30 1358
30 473
1689 46
1689 882
619 921
619 697
619 64
921 1872
921 1201
1145 1525
1145 187
1145 1616
1525 1070
1525 9
547 1427
547 1308
547 575
1427 794
1427 655
122 1692
122 1556
122 1569
1692 691
1692 1071
876 1108
876 1838
876 602
1108 1731
1108 444
822 1366
822 610
822 1045
1366 977
1366 1286
786 1443
786 1615
786 535
1443 790
1443 1137
945 1845
945 1816
945 1084
1845 162
1845 599
80 643
80 1248
80 1562
643 998
643 302
1270 1413
1270 321
1270 1386
1413 453
1413 962
674 1876
674 1418
674 1398
1876 92
1876 454
197 1048
197 840
197 1337
1048 282
1048 1286
1439 1450
1439 1062
1450 1131
1450 1114
227 927
227 532
227 1803
927 28
927 1421
1094 1452
1094 607
1094 1204
1452 1198
1452 1079
841 1006
841 595
841 1890
1006 657
1006 19
73 460
73 90
73 900
460 852
460 865
1095 1151
1095 851
1095 303
1151 437
1151 1652
212 804
212 1700
212 1074
804 1473
804 1584
437 1034
437 698
1673 1802
1673 1836
1673 1194
1802 604
1802 373
1043 1635
1043 865
1043 315
1635 628
596 766
596 1408
596 1425
766 1031
766 1385
811 1657
811 1044
811 1667
1657 788
1657 503
218 963
218 1432
218 1403
963 16
963 310
870 889
870 369
870 1352
889 1899
889 999
543 1434
543 469
543 532
1434 520
1434 799
405 826
405 1129
405 502
826 1351
826 836
1552 1777
1552 1480
1552 320
1777 295
1777 158
352 1079
352 947
352 102
1079 1619
35 1372
35 590
35 1860
1372 1191
1372 1694
896 1063
896 976
896 428
1063 988
1063 967
22 944
22 53
22 1104
944 1681
944 1350
49 1801
49 784
49 610
1801 1316
1801 1311
610 386
646 1153
646 757
646 319
1153 857
1153 553
89 1873
89 1544
89 665
1873 1577
1873 627
198 468
198 140
198 1640
468 24
468 317
348 1050
348 1113
348 1445
1050 308
1050 978
590 926
590 39
102 1583
102 824
1583 1218
1583 557
270 1396
270 343
270 687
1396 1303
1396 529
463 1711
463 770
463 472
1711 1184
1711 1843
1351 502
1473 1870
1473 1367
1870 727
1870 1529
168 216
168 1310
168 765
216 1814
216 1405
182 1054
182 1197
182 604
1054 1482
1054 294
305 307
305 1638
305 1774
307 1756
307 506
292 1420
292 911
292 1752
1420 890
1420 1134
1179 1737
1179 975
1179 1395
1737 1025
1737 1896
1192 1856
1192 1530
1192 1788
1856 1895
1856 550
834 1065
834 1810
834 720
1065 1523
1065 1331
473 528
473 548
528 1867
528 737
185 390
185 661
185 522
390 217
390 1598
597 1009
597 692
597 1049
1009 1298
1009 1499
878 1516
878 66
878 209
1516 94
1516 1253
598 1382
598 501
598 1733
1382 1112
1382 424
248 1349
248 1186
248 1118
1349 149
1349 1832
16 1496
16 1160
116 821
116 83
116 357
821 1642
821 817
334 1309
334 510
334 1041
1309 1565
1309 539
69 1792
69 1374
69 620
1792 595
1792 487
898 1122
898 1335
898 976
1122 1596
1122 1563
350 579
350 1056
350 1634
579 61
579 1130
915 1440
915 1883
915 1837
1440 861
1440 108
1233 1829
1233 1519
1233 1541
1829 1147
1829 426
407 884
407 1168
407 903
884 170
884 336
923 1789
923 1242
923 836
1789 1676
1789 760
757 931
757 65
481 1327
481 1355
481 1598
1327 829
1327 1255
124 1584
124 782
124 806
1584 591
613 1483
613 0
613 27
1483 1890
1483 360
930 1010
930 106
930 679
1010 375
362 589
362 1278
362 573
589 1701
589 745
1248 550
1248 1727
530 1076
530 1432
530 265
1076 44
1076 806
1652 264
1652 1761
768 1542
768 679
768 1181
1542 1775
1542 1186
715 1350
715 1273
1350 628
323 746
323 1815
323 606
746 1707
746 264
493 1194
493 1193
493 1864
1194 1747
41 539
41 716
41 1118
539 18
429 1667
429 421
429 1015
1667 1394
60 1684
60 1378
60 989
1684 609
1684 46
617 1638
617 801
617 298
1638 119
679 1055
1055 1612
1055 7
1642 1660
1642 912
1660 279
1660 920
1714 1765
1714 1105
1714 1110
1765 274
1765 385
343 1106
343 91
1106 659
1106 63
333 1321
333 1589
333 456
1321 1533
1321 224
1185 1421
1185 1238
1185 1505
1421 1728
1131 642
1131 1637
1295 1818
1295 1479
1295 883
1818 33
1818 557
306 1187
306 781
306 1468
1187 147
1187 681
98 1158
98 534
98 942
1158 1165
1158 608
27 1134
27 1370
1134 243
1033 1143
1033 346
1033 606
1143 324
1143 303
803 1355
803 830
803 1458
1355 296
37 361
37 1776
37 1368
361 1685
1028 1702
1028 1587
1028 420
1702 645
1702 846
480 1196
480 949
480 994
1196 1285
1196 632
274 621
274 1849
1541 1815
1541 1641
1815 1215
1506 1857
1506 395
1506 1037
1857 1752
1857 146
1458 1817
1458 1111
1817 392
1817 918
136 897
136 283
136 366
897 1585
897 1408
369 1575
865 1847
154 802
154 491
154 47
802 1514
802 724
173 406
173 1831
173 1267
406 1744
406 226
668 1697
668 376
668 339
1697 1198
1697 192
740 1047
740 1775
740 934
1047 1784
1047 17
28 877
28 52
492 1556
492 246
492 1133
1556 1169
559 563
559 512
559 515
563 1865
563 765
153 1861
153 783
153 1368
1861 1658
1861 1572
748 1253
748 693
748 357
1253 1415
731 1609
731 1035
731 796
1609 790
1609 1749
489 913
489 71
489 1195
913 1574
913 638
40 1575
40 188
40 1385
1575 450
891 1710
891 1457
891 284
1710 190
1710 495
1078 1573
1078 1596
1078 288
1573 934
1573 508
301 304
301 286
301 1459
304 1234
304 1733
383 1011
383 1269
383 449
1011 1165
1011 1885
808 1712
808 645
808 1795
1712 1501
1712 404
376 743
376 59
743 816
743 1258
1599 1653
1599 368
1599 1307
1653 764
1653 1399
504 1566
504 1858
504 1847
1566 1476
1566 904
1088 1586
1088 398
1088 231
1586 1290
1586 975
418 1383
418 271
418 1713
1383 893
1383 1189
298 1726
298 818
1726 1593
1480 1462
1480 518
1442 68
1442 1189
2 1175
2 327
2 823
1175 219
1175 701
893 1232
893 379
104 814
104 967
104 700
814 1897
814 683
427 1467
427 380
427 736
1467 520
1467 455
0 567
0 719
96 321
96 1138
96 1739
321 1819
816 1019
816 932
1019 886
1019 599
371 1014
371 1159
371 1670
1014 1761
1014 36
973 1348
973 1330
973 1465
1348 692
1348 1691
10 626
10 125
10 1494
626 578
626 1809
1814 747
1814 908
754 1718
754 1034
754 144
1718 1537
1718 855
1358 1132
373 1352
373 1219
1352 509
419 1319
419 1212
419 1325
1319 759
1319 221
1405 244
1405 1495
561 1259
561 471
561 259
1259 499
1259 381
313 1868
313 655
313 385
1868 1601
1868 1027
181 400
181 1284
181 23
400 1622
400 950
39 545
39 1087
545 723
545 1115
935 1213
935 5
935 864
1213 445
1213 696
1500 1808
1500 1284
1500 483
1808 714
1808 862
1032 1411
1032 854
1032 1785
1411 1227
1411 1170
243 1888
243 1722
1888 1682
1888 79
265 1647
265 556
1647 478
1647 1
1178 1614
1178 101
1178 1499
1614 1484
1614 956
1290 1297
1290 787
1297 34
1297 939
84 180
84 894
84 1587
180 1784
180 1512
205 1898
205 676
205 1729
1898 818
1898 1404
241 1555
241 1363
241 981
1555 338
1555 737
540 948
540 1015
540 1670
948 57
948 1098
781 1132
781 1254
490 1356
490 1497
490 585
1356 856
1356 160
1415 178
1415 1646
1031 1042
1031 631
344 664
344 1326
344 85
664 1299
664 219
478 652
478 1040
712 1585
712 1841
712 1384
1585 760
763 1142
763 50
763 1183
1142 1594
1142 1304
1038 1081
1038 899
1038 516
1081 166
1081 462
1042 1669
1042 1641
827 1392
827 317
827 423
1392 1231
1392 215
1548 1677
1548 338
1548 1227
1677 663
1677 1803
121 857
121 1389
121 47
857 299
584 618
584 1036
618 1082
618 1451
471 1768
471 1298
567 1109
567 1149
1132 1263
287 660
287 103
287 345
660 1453
660 1416
252 931
252 414
252 1649
931 675
217 1090
217 145
1090 264
1090 294
387 976
387 1740
387 1039
917 1730
917 446
1730 1030
1730 192
782 1761
93 529
93 998
93 909
529 244
1752 995
926 859
926 669
466 1385
466 991
466 1664
1772 1835
1772 1554
1772 991
1835 142
1835 953
1188 1406
1188 813
1188 542
1406 711
1406 649
1034 179
234 1264
234 815
1264 1708
1264 195
1133 1210
1133 532
1210 1053
1210 474
1086 1135
1086 1247
1086 653
1135 1618
1135 689
842 1412
842 411
842 1489
1412 1756
1412 741
807 1305
807 785
807 1553
1305 1231
1305 1786
374 749
374 1656
749 1379
749 855
709 1822
709 358
709 1005
1822 1864
1822 246
1239 1493
1239 612
1239 1781
1493 1205
1493 115
1244 1837
1244 1444
1244 1223
1837 291
414 789
414 1340
933 1795
933 1875
933 195
1795 1208
1016 1155
1016 1485
1016 1782
1155 1811
1155 1886
1284 47
515 1138
515 742
1138 672
521 1069
521 160
521 1165
1069 1169
1069 76
311 850
311 1393
311 1025
850 1223
850 705
1280 1386
1280 673
1280 820
1386 1338
595 1512
1512 494
324 1543
324 486
1543 518
1543 1331
100 932
100 1173
100 1862
932 367
1867 1436
1867 1807
946 1626
946 1073
946 1169
1626 756
1626 721
713 1275
713 1754
713 421
1275 966
1275 1776
421 1098
509 1216
509 111
1216 1720
1216 1824
99 149
99 410
99 1813
149 1545
1168 1567
1168 1139
767 1102
767 1123
767 979
1102 1225
1102 1265
211 1787
211 1161
211 201
1787 101
1787 230
693 744
693 696
744 1579
744 1471
189 716
189 1606
189 130
716 250
1073 733
1073 1676
445 1316
445 1141
1316 1419
1389 1679
1389 937
1679 115
1679 1851
18 425
18 1557
425 1865
425 585
51 522
51 1404
51 482
522 755
448 1241
448 312
448 291
1241 571
1241 1160
622 985
622 1091
622 1696
985 602
985 1836
741 1085
741 1172
1085 1769
1085 1251
797 986
797 569
797 1246
986 148
986 365
861 1379
861 696
1379 1039
15 1359
15 1494
15 828
1359 1363
1359 678
9 1136
9 1338
1136 1840
1136 860
742 960
742 1807
456 1739
456 1410
1739 1189
1000 1574
1000 925
1000 936
1574 1080
257 1121
257 1897
257 607
1121 1167
1567 869
1567 514
1793 1884
1793 1582
1793 486
1884 799
1884 1024
79 1380
79 377
1380 209
1380 785
111 1539
111 1224
310 718
310 1346
718 652
718 1314
1363 1735
126 1046
126 1842
126 1053
1046 370
1046 1437
1596 1864
675 1225
675 1279
1225 21
497 1484
497 694
497 458
1484 1150
1501 163
1501 1842
1056 44
1056 1370
1070 1186
1070 1104
520 566
464 669
464 26
464 130
669 895
518 1757
1255 1656
1255 641
1656 514
1105 1897
1105 1455
1641 19
1007 1182
1007 1407
1007 1720
1182 239
1182 704
1430 1544
1430 1246
1430 276
1544 1623
441 950
441 134
441 503
950 1665
503 1828
1828 1017
1828 1510
215 458
215 810
458 1257
556 1282
556 430
1282 573
1282 1230
708 1559
708 960
708 431
1559 1449
1559 980
392 434
392 75
989 1429
989 657
1429 1269
1429 1221
147 588
147 1170
588 537
588 202
789 432
789 1564
488 738
488 500
488 88
738 707
738 890
223 1221
223 1758
223 987
1221 1770
1562 1705
1562 1464
1705 551
1705 54
1036 1775
1036 263
1669 354
1669 1766
1331 438
486 999
1784 145
436 1859
436 1113
436 1891
1859 1140
1859 11
775 1325
775 368
775 1202
1325 954
1624 1796
1624 1277
1624 912
1796 199
1796 1002
161 1511
161 984
161 624
1511 1729
1511 330
964 1606
964 150
964 1466
1606 101
1607 378
1607 1120
82 580
82 1268
82 1281
580 1115
580 1588
1811 1140
1811 1236
564 1672
564 1333
564 1206
1672 928
1672 379
925 1534
925 251
1534 839
1534 698
284 1883
284 585
1883 1029
251 1706
251 1403
1706 316
1706 409
943 1668
943 1208
943 1157
1668 1580
1668 1881
676 1324
676 517
1324 892
1324 225
872 970
872 1146
872 611
970 285
970 1166
327 206
327 364
484 745
484 879
484 1176
745 825
1025 250
1701 444
1701 1611
1346 1719
1346 1144
1197 1744
1197 541
1040 1228
1040 1709
1228 1887
1228 1755
1408 1332
415 1139
415 1092
415 496
1139 957
828 1308
828 452
1308 440
649 1077
649 13
1077 1344
1077 70
1535 1844
1535 501
1535 1426
1844 1118
1844 1520
279 1825
279 1345
812 1220
812 447
812 487
1220 232
1220 683
204 583
204 155
204 58
583 1665
583 1866
66 166
66 677
117 435
117 979
117 1354
435 607
435 1791
1579 1017
1579 1390
958 1688
958 250
958 791
1688 551
1688 249
1627 1783
1627 434
1627 980
1783 127
1783 1322
81 1680
81 1846
81 661
1680 778
1680 176
412 1371
412 1561
412 1478
1371 750
1371 353
990 1119
990 783
990 974
1119 1311
1119 345
164 1269
164 1240
164 1146
53 128
53 792
1200 1337
1200 1391
1200 461
1337 1735
947 1622
947 29
1481 1850
1481 1696
1481 730
1850 354
1850 391
1471 1858
1471 87
1616 1666
1616 359
1666 919
1666 403
220 1551
220 1300
220 1558
1551 1347
1551 783
36 1879
36 314
1879 1154
1879 732
187 413
187 31
845 965
845 410
845 654
965 1419
965 723
1729 143
300 1022
300 1117
300 634
1022 1658
1022 570
1242 1604
1242 1486
1604 162
1604 1863
447 1695
447 1745
967 705
86 1736
86 408
86 1068
1736 209
1736 1492
401 1748
401 259
401 1691
1748 1813
734 905
734 1336
734 819
905 1391
905 605
1211 1882
1211 1193
1211 1398
1882 213
1882 568
1708 729
1708 506
790 172
1455 1240
1455 1422
879 793
879 653
885 894
885 170
885 451
894 534
207 979
207 929
207 1834
934 1550
1193 1557
691 1437
691 1472
1437 275
762 1497
762 1293
762 910
1497 1018
882 1791
882 347
1791 1602
322 1082
322 937
322 1524
1082 1833
1246 253
128 1854
128 340
1854 76
1854 434
56 288
56 238
56 725
288 1465
1129 1519
1129 1577
1519 819
644 1361
644 1278
644 1204
1361 1723
1361 1084
977 1836
977 1341
984 290
1520 1526
1520 856
1526 1123
1526 1114
194 752
194 1332
194 1433
752 1288
752 1117
1057 1127
1057 113
1057 1112
1127 1774
1127 397
11 1799
11 1173
1799 1539
1799 1252
678 1682
678 572
455 1159
455 698
717 1058
717 651
717 368
1058 403
1058 442
847 1662
847 562
847 1051
1662 1595
1662 1831
794 1593
794 1675
673 1326
673 1020
1027 1894
1027 1470
1894 450
1894 496
779 1563
779 1368
779 1613
1563 1590
172 705
172 1219
667 684
667 642
667 1238
684 24
684 267
109 951
109 1374
109 97
951 1283
951 843
955 1645
955 1503
955 592
1645 52
1645 1177
966 1654
966 887
1654 318
1654 1878
409 1328
409 1291
1328 1489
1328 1538
114 1294
114 59
114 1299
1294 260
1294 138
119 1176
119 892
87 1277
87 586
1277 1600
555 1531
555 1896
555 155
1531 780
1531 938
1099 1100
1099 247
1099 129
1100 1293
1100 477
866 1423
866 162
866 591
1423 70
1423 1686
275 1742
275 581
1742 54
1742 840
146 524
105 922
105 1012
105 336
922 1757
922 1595
1696 1130
1287 1565
1287 1560
1287 1619
1565 771
1257 1839
1257 132
1839 553
1839 639
663 1329
663 61
1329 1190
1329 605
1448 332
1448 1229
929 1628
929 335
1628 6
1628 1798
525 721
525 819
525 835
721 482
535 1180
535 1271
1180 853
1180 1899
651 351
651 625
791 840
791 1661
1262 1508
1262 704
1262 1648
1508 1230
1508 531
273 914
273 971
273 1545
914 20
914 175
1247 1794
1247 1832
1794 851
1794 33
83 1683
83 733
851 1780
367 549
367 1805
549 1663
549 1691
210 1877
210 1597
210 1840
1877 647
1877 1590
1522 1849
1522 1723
1522 1304
1849 772
432 1846
432 356
1846 58
1457 1540
1457 867
815 1199
815 645
856 1561
999 1524
459 753
459 1459
459 381
753 1767
753 994
228 1149
228 1286
228 883
1149 788
707 254
707 867
512 1582
512 862
1582 339
262 1407
262 1267
262 346
1407 1098
299 1029
299 331
1029 799
1109 1289
1109 1734
159 1171
159 1632
159 1304
1171 1578
1171 171
1061 1617
1061 936
1061 206
1617 1310
1617 1588
576 1724
576 1476
576 312
1724 131
1724 633
852 1479
852 309
1479 1274
1249 1444
1249 1222
1249 1226
1444 1866
88 1232
88 523
1232 792
629 912
629 179
629 1469
372 1256
372 196
372 1798
1256 1728
1256 1053
92 1093
249 282
249 1773
282 340
953 1530
953 848
1530 630
1695 131
1695 805
144 451
144 48
34 1528
34 1215
1514 483
1514 813
332 1126
332 961
48 148
48 1052
148 254
1683 195
1683 825
727 380
727 787
278 1778
278 954
278 1343
1778 1191
1778 1636
1111 1716
1111 465
1716 130
1716 1820
805 886
805 858
886 1251
1311 773
1087 151
1087 1021
508 519
508 1315
519 8
519 202
1313 1441
1313 760
1313 142
1441 266
1441 1104
229 1858
229 1091
229 74
328 817
328 833
328 397
817 997
174 759
174 1700
174 988
759 500
1619 1237
959 1474
959 1089
959 1446
1474 1424
1474 771
978 1307
978 127
1307 1041
941 1834
941 1150
941 657
1834 980
219 12
169 1174
169 213
169 916
1174 1190
1174 1291
3 733
3 995
3 1207
95 1899
95 1880
95 139
1159 761
1338 1388
129 1632
129 1008
1632 75
1595 1601
1198 653
277 1646
277 91
277 637
1646 867
1577 1663
203 385
203 1840
203 962
52 890
329 1693
329 603
329 1339
1693 777
1693 57
1805 1426
1805 1260
1035 271
1035 45
24 1125
318 902
318 895
902 166
902 44
358 960
358 1591
1271 1393
1271 1203
1393 1315
403 680
680 1750
680 1852
330 467
330 1446
467 1779
467 877
1293 1826
1826 446
1826 90
26 1164
26 1571
833 1167
833 1603
1167 1872
874 939
874 1410
939 193
1173 336
5 758
5 640
1831 386
1454 1779
1454 1322
1454 276
1779 351
614 756
614 1698
614 1181
756 1373
1547 1598
1547 1422
1547 1417
604 831
600 1266
600 1320
600 1226
1266 1633
1266 1234
1080 76
1080 1302
1150 1301
1222 809
1222 919
938 1490
938 1466
1490 751
1490 319
140 1103
140 183
735 1576
735 1732
735 1527
1576 1699
1576 1004
61 1476
1161 1655
1161 107
160 55
388 565
388 295
388 1806
565 1416
565 1162
482 1049
516 1388
516 1250
1388 1272
1176 1527
793 20
793 1569
1130 1115
1112 1782
232 85
232 14
331 1342
331 582
1342 1665
1342 167
993 1727
993 1560
993 1209
1727 1709
1462 1797
1462 1615
1797 831
1797 1733
1279 1675
1279 871
1675 13
1013 1376
1013 1747
1013 1869
1376 711
1376 1250
1107 1340
1107 1296
1107 736
1340 408
70 875
864 1024
864 1177
1024 1
907 1623
907 106
907 972
1623 125
123 266
123 755
123 1518
266 21
1030 1456
1030 422
1378 58
1378 636
370 1414
370 1041
196 1461
196 683
151 1655
151 1824
476 1558
476 988
476 442
1558 623
1776 1190
141 1488
141 1608
141 1096
1488 1841
1488 214
499 638
499 1333
638 42
772 1062
772 1728
1062 1517
538 895
538 364
538 1409
399 1374
399 1485
399 1766
670 785
670 1790
670 1067
315 1231
315 1751
505 1886
505 326
505 1570
1886 854
254 992
992 1597
992 641
1263 1564
1263 157
1564 1084
991 1460
158 875
158 1409
875 1518
1560 1605
442 1537
1537 983
1663 1205
750 1424
750 998
1424 681
536 1464
536 6
536 1274
1464 632
286 1289
286 1649
1289 633
1123 1451
201 1367
201 916
1367 909
139 452
139 1634
860 1152
860 631
1152 1637
1152 290
776 1418
776 1740
776 665
1418 568
320 384
320 177
384 1074
384 64
398 1615
398 1637
1310 1362
1230 671
1719 843
1719 470
569 1523
1687 1869
1687 462
1687 1157
1869 1648
788 1276
1390 1762
1390 316
1762 726
1762 634
1223 577
621 862
809 510
809 1369
108 1260
108 616
1260 222
1330 291
1330 685
1191 1288
1593 1738
1172 1707
1172 687
758 899
758 1880
1320 1788
1320 312
1788 1893
566 1195
566 345
25 1347
25 1860
25 695
1347 1848
1199 1498
1199 308
1498 1097
1498 1089
928 800
928 20
792 994
1459 868
110 551
110 1610
110 31
524 685
524 906
685 831
1504 1725
1504 1245
1504 1853
1725 391
1725 1644
1426 1299
1110 1685
1110 1238
1404 444
1341 402
1341 1066
1774 1601
1682 1842
1472 454
1472 1229
616 1707
616 335
271 1417
560 1812
560 1101
560 1166
1812 1698
1812 1207
253 996
253 29
57 517
517 1806
937 152
1422 1587
1740 777
393 1703
393 695
276 1235
1235 1144
1235 1170
338 612
603 1569
603 1553
711 1800
1800 1021
1800 635
582 1686
582 577
1686 658
1015 924
156 531
156 677
156 285
531 1557
202 647
647 1292
1527 1889
659 1237
659 1023
1237 706
184 1618
184 1093
184 888
1618 178
1068 1292
1068 433
1292 1651
115 880
880 1398
880 637
823 1613
823 954
631 426
997 1268
997 238
1268 175
378 1339
378 924
1339 686
68 1513
68 1568
1140 658
46 1124
1865 1478
1397 1732
1397 1603
1397 546
1732 431
1720 365
636 736
636 461
1489 353
642 1874
628 1756
450 396
694 1507
694 449
410 1592
1592 972
1592 293
1141 177
1141 881
1391 120
150 1750
150 454
1649 662
433 1023
433 1217
1023 1650
1715 1790
1715 1781
1715 342
1790 1296
190 391
190 1409
652 838
838 1880
838 1571
1505 1571
1505 544
1461 1272
1461 1369
764 1469
764 1336
4 1785
4 1767
4 1436
1785 1453
624 1004
624 612
1004 77
903 1322
903 245
1125 837
1125 996
283 426
283 546
687 1060
1060 981
1060 413
1468 1625
1468 868
1625 1515
1625 1417
751 1436
751 855
737 577
381 1755
165 1509
165 795
165 729
1509 942
1509 1636
1419 1809
533 593
533 1878
533 55
593 167
593 1377
1875 1823
1875 1893
544 527
544 1096
1749 1254
1749 1863
178 810
940 1362
940 1254
940 1698
1362 1360
869 1273
869 1354
1353 1536
1353 1760
1353 1862
1536 888
1536 1750
837 1890
837 32
411 608
411 474
608 658
729 1296
1306 1460
1306 981
1306 961
1460 258
844 877
844 225
844 402
1288 773
1205 1008
1344 1763
1344 1746
1116 1335
1116 382
1116 1891
1335 395
692 1502
1502 1177
1502 495
534 131
1613 1002
666 1629
666 90
666 1495
1629 1620
1629 924
1503 1589
1503 697
919 1370
972 416
6 296
1410 1513
1640 1236
1640 1201
377 887
377 1318
1804 1830
1804 510
1804 1183
1830 1881
1830 824
719 1414
1594 601
1594 240
1017 1690
1798 363
836 67
451 1862
71 1312
71 1433
1312 501
1312 1568
572 1743
572 1414
1743 107
1743 942
1658 259
957 1639
957 639
1276 1301
1276 226
1301 832
632 1741
1326 1360
575 701
575 726
701 974
839 1747
839 479
8 1148
8 1545
1148 1639
1148 78
527 700
527 199
1433 1538
507 1734
507 247
507 747
1734 1659
1281 1357
1281 67
1357 710
1357 1402
63 1694
63 654
1694 1690
562 1261
562 650
1261 375
1261 609
309 356
309 1524
1212 1764
1212 832
1816 700
1816 382
1026 1661
1026 1181
1026 854
1661 1848
1896 342
806 1365
1860 1072
714 1431
714 431
1431 511
1431 526
606 498
335 1892
1892 424
1892 848
1838 1553
1838 404
1045 1759
1045 1445
1759 996
1759 308
853 1425
853 1066
662 1096
662 858
137 1764
137 1117
137 1120
1764 1449
346 1529
1529 1741
237 1851
237 1399
237 239
1851 1570
1767 1597
1819 1827
1819 1887
1827 1203
1827 648
296 1528
1528 1184
778 1012
778 655
1820 302
1820 479
1203 1451
395 1037
408 542
542 233
546 1824
747 314
801 573
801 118
239 849
849 420
849 1345
777 620
1825 722
1825 193
630 1071
630 118
125 881
1703 475
1703 1478
404 699
19 523
609 689
689 901
1209 1841
1209 356
272 1678
272 722
272 23
1678 784
1678 94
1208 961
1590 133
1012 64
260 245
260 1874
1001 1823
1001 1008
1001 883
1823 554
1003 1487
1003 513
1003 293
1487 1754
1487 191
1608 548
1608 639
1333 167
1664 214
59 873
1300 1746
1300 72
1746 702
936 461
293 1224
170 1250
500 1863
1267 1517
255 290
255 820
255 656
443 1164
443 1229
1164 1214
285 690
690 688
690 1895
163 472
163 829
472 1591
1 1605
1605 1334
1072 337
1072 449
1234 706
1387 1463
1387 722
1387 726
1463 873
1463 245
820 65
1469 1681
1681 901
233 1475
233 846
1475 1075
1475 1317
1578 1066
1578 188
1449 688
354 1821
1103 1699
1103 231
1591 1588
1051 1634
1051 453
379 1650
1650 230
475 485
475 739
1515 574
1515 773
1610 1731
1610 586
1540 1477
1540 1833
1425 1755
554 720
554 832
720 1760
627 574
627 1317
1866 553
1494 688
605 1445
1071 1769
1769 1365
402 1345
179 550
78 1550
78 1885
1550 1721
353 171
824 175
1097 294
1097 1360
206 417
247 1067
971 710
971 349
1895 830
962 1044
1044 918
784 1303
1303 1160
1713 1766
1713 868
191 1283
191 780
1283 798
1399 818
1602 231
1602 702
570 1315
570 1332
1523 728
1731 695
1517 1881
256 1533
256 1218
256 1803
1533 581
188 1403
375 1375
424 491
1704 1780
1704 1717
1704 1753
1780 1037
983 1754
983 297
1721 326
787 289
389 1546
389 656
389 1760
1546 132
1546 1206
1507 1643
1507 1265
1572 1521
1572 1855
38 686
38 1039
38 623
686 548
420 1245
1245 594
281 672
281 1456
281 620
672 1758
222 325
222 1581
1757 704
1272 552
656 654
1612 514
1612 1554
359 1144
359 1343
380 770
723 1738
920 1832
920 916
176 1154
176 706
795 1243
795 1745
1243 1202
1243 848
29 1252
1252 574
633 1101
1101 968
1466 498
244 901
1648 1201
771 33
1428 1722
1428 1214
1428 143
1722 1495
77 1128
77 634
739 1240
739 871
887 1251
906 1274
906 732
297 635
297 97
635 261
21 982
477 601
477 724
601 1549
1806 904
67 703
703 1644
703 120
623 1631
1184 846
537 594
537 54
1147 1226
1147 1855
438 1369
438 1496
416 908
416 62
1700 1373
1496 496
843 1456
134 800
134 1218
1644 240
1603 263
326 1285
1285 1513
1589 1446
800 1878
317 221
949 1183
949 1717
192 423
423 640
975 422
1741 1052
1093 697
513 1064
513 430
974 730
1781 506
62 987
62 1852
987 558
1674 1709
1674 732
1674 495
1089 133
1052 1002
183 1771
183 1059
1771 918
1771 1847
465 171
465 1059
43 829
43 289
43 1395
1690 798
1236 625
240 1447
1227 132
558 813
558 342
246 487
1021 319
594 1318
1318 394
1622 157
888 911
968 1416
968 366
1128 682
1128 428
661 724
835 1157
835 1631
314 541
665 351
289 469
483 1202
1885 1786
1432 396
911 648
107 956
1561 640
91 1074
1580 1581
1580 50
213 552
94 641
1768 242
1768 1871
177 45
65 592
1651 214
1651 1273
511 769
511 1258
199 982
1723 571
1717 523
55 1156
1156 1020
1156 341
1113 31
142 770
357 591
1214 363
1499 1020
681 1753
1782 728
1521 1402
1521 1852
133 1745
1510 1853
1510 440
1810 1114
1810 1848
394 1394
394 900
1394 470
1570 1492
1631 725
14 1518
14 1773
225 1064
1064 1447
1889 900
1889 485
1893 1018
118 1611
1611 1126
491 956
242 780
242 12
347 1067
347 1435
982 1375
230 12
552 1435
1435 615
1465 1639
269 1083
269 909
269 1219
1083 7
1083 1120
1568 1377
7 42
873 1005
106 1470
1470 1166
728 825
592 571
859 103
859 498
364 413
258 910
258 340
1744 97
1821 113
1773 363
1763 112
1763 45
892 1636
1486 316
1486 74
1447 1770
485 325
602 1162
1162 599
908 1317
1453 1813
1354 1302
1655 1343
103 267
1314 1384
1314 1377
1539 1365
193 349
1278 1018
1833 995
1538 469
470 261
1620 113
1620 462
72 1217
1676 1738
615 710
615 120
1482 138
1482 417
699 881
699 422
910 858
1291 263
830 1091
702 236
157 267
440 1549
386 798
337 32
337 1843
502 1633
1633 453
112 1075
112 1395
1075 1124
430 1092
1092 208
1770 1265
796 417
796 295
1298 127
1554 682
42 1891
1600 1659
1600 1146
1659 1477
904 224
366 1643
360 479
360 494
1336 1871
682 1137
769 145
769 671
650 1643
650 1302
261 143
236 578
236 1373
578 1887
238 226
446 221
1485 1049
1751 349
1751 1206
303 730
17 1699
17 1855
1384 1124
1853 365
1843 761
526 474
526 1258
85 1809
208 568
208 1786
1334 1581
1334 755
155 863
863 1753
863 1215
1735 152
1154 637
152 341
1492 1874
32 648
302 138
1059 224
1163 1195
1163 1217
1163 671
1549 1207
325 1477
1375 339
1126 581
341 428
23 494
13 1871
611 871
611 1872
677 765
1137 50
541 1807
1402 761
1005 725
