1100 1650
827 830
827 234
827 884
830 505
830 874
131 452
131 189
131 436
452 835
452 779
414 777
414 101
414 238
777 177
777 979
36 71
36 953
36 167
71 1045
71 61
731 978
731 487
731 83
978 805
978 224
99 1030
99 847
99 256
1030 642
1030 273
187 734
187 280
187 976
734 680
734 25
164 521
164 1029
164 677
521 111
521 175
612 797
612 239
612 893
797 424
797 290
92 1027
92 248
92 857
1027 1031
1027 681
171 911
171 970
171 434
911 633
911 636
263 994
263 833
263 275
994 237
994 727
492 588
492 348
492 697
588 780
588 905
700 766
700 156
700 787
766 1016
766 40
117 531
117 746
117 963
531 281
531 498
818 987
818 761
818 340
987 1096
987 520
302 347
302 1010
302 1056
347 138
347 113
190 780
190 245
190 1085
780 159
547 1054
547 909
547 294
1054 851
1054 514
240 866
240 598
240 810
866 303
866 718
214 499
214 825
214 817
499 783
499 47
360 553
360 32
360 1034
553 120
553 644
515 576
515 1074
515 668
576 828
576 889
309 328
309 579
309 702
328 903
328 980
532 745
532 404
532 222
745 1083
745 1036
37 165
37 463
37 327
165 91
165 896
477 729
477 1082
477 379
729 375
729 196
262 512
262 283
262 366
512 1075
512 836
116 952
116 43
116 487
952 551
952 696
466 656
466 705
466 35
656 982
656 370
101 881
101 676
183 898
183 91
183 820
898 966
898 826
383 923
383 444
383 960
923 593
923 852
314 643
314 870
314 973
643 250
643 1025
712 1098
712 381
712 509
1098 268
1098 740
310 938
310 932
310 385
938 29
938 297
261 1082
261 900
261 487
1082 966
304 635
304 829
304 60
635 891
635 50
400 868
400 659
400 821
868 536
868 561
287 811
287 1090
287 621
811 536
811 678
814 1002
814 600
814 871
1002 671
1002 808
774 929
774 973
774 8
929 670
929 442
760 1031
760 2
760 995
1031 97
484 1096
484 107
484 802
1096 80
128 265
128 72
128 1087
265 691
265 373
83 788
83 478
788 786
788 207
130 720
130 149
130 197
720 982
720 800
416 439
416 254
416 77
439 1068
439 334
184 956
184 148
184 679
956 406
956 211
160 333
160 669
160 701
333 256
333 85
276 285
276 48
276 495
285 428
285 906
295 1052
295 667
295 1024
1052 243
1052 421
268 715
268 138
158 409
158 628
158 270
409 320
409 817
560 718
560 888
560 667
718 321
235 921
235 704
235 106
921 259
921 175
325 406
325 1042
325 783
406 1003
376 488
376 888
376 516
488 138
488 1065
548 972
548 64
548 67
972 579
972 425
29 411
29 896
462 676
462 1061
462 307
676 999
701 958
701 762
958 1051
958 924
260 541
260 196
260 721
541 1057
541 763
241 299
241 610
241 274
299 244
299 197
581 633
581 334
581 162
633 789
586 711
586 772
586 722
711 1021
711 324
107 140
107 666
753 824
753 761
753 906
824 426
824 787
76 496
76 178
76 680
496 419
496 632
123 428
123 290
123 503
428 173
336 572
336 365
336 755
572 69
572 1056
284 382
284 459
284 821
382 426
382 485
86 137
86 14
86 301
137 264
137 154
552 955
552 912
552 991
955 1022
955 740
725 883
725 26
725 805
883 1026
883 16
60 529
60 699
529 776
529 151
277 872
277 275
277 845
872 258
872 115
312 1095
312 627
312 661
1095 1004
1095 324
202 469
202 12
202 485
469 105
469 370
62 166
62 742
62 924
166 574
166 133
373 845
373 125
845 616
495 542
495 809
542 319
542 398
339 703
339 758
339 1081
703 227
703 769
628 403
628 802
410 992
410 990
410 145
992 87
992 17
111 961
111 1015
961 954
961 126
134 307
134 1003
134 292
307 364
338 860
338 831
338 623
860 800
860 591
461 930
461 798
461 935
930 1004
930 561
543 740
543 42
543 168
848 967
848 674
848 357
967 1044
967 598
413 630
413 804
413 217
630 945
630 579
402 880
402 904
402 503
880 749
880 288
258 744
258 252
454 518
454 1047
454 601
518 1013
518 433
761 82
176 839
176 1005
176 621
839 551
839 869
315 997
315 319
315 152
997 684
997 947
411 942
411 768
244 722
244 946
616 917
616 98
72 1010
72 597
1010 392
168 425
168 57
425 401
801 1012
801 679
801 974
1012 57
1012 751
349 357
349 159
349 1092
357 948
852 1094
852 728
1094 279
1094 912
1044 743
1044 933
10 253
10 737
10 971
253 825
253 916
94 332
94 215
94 441
332 481
332 928
243 949
243 926
949 58
949 862
954 523
954 54
56 485
56 225
56 108
49 217
49 320
49 709
217 919
1057 571
1057 9
533 1053
533 1080
533 683
1053 520
1053 983
398 1008
398 447
1008 1087
1008 1070
195 685
195 1061
195 390
685 540
685 4
38 738
38 1088
38 69
738 174
738 649
188 417
188 297
188 50
417 386
417 849
835 602
835 294
791 795
791 865
791 993
795 613
795 900
948 749
948 841
472 935
472 352
472 634
935 122
571 528
571 1088
318 648
318 916
318 63
648 545
648 622
74 925
74 567
74 206
925 308
925 1097
1088 208
275 46
565 604
565 652
565 412
604 610
604 934
144 431
144 335
144 194
431 750
431 623
596 857
596 159
596 917
857 975
408 1035
408 750
408 939
1035 1041
1035 875
148 730
148 840
730 273
730 960
663 767
663 390
663 803
767 1049
767 965
82 227
82 489
227 660
313 654
313 727
313 63
654 1068
654 557
3 757
3 395
3 892
757 942
757 396
6 237
6 141
6 842
237 737
140 465
140 174
221 836
221 573
221 782
836 772
536 48
152 556
152 1084
556 459
556 352
331 558
331 348
331 367
558 93
558 386
218 501
218 480
218 44
501 584
501 397
199 933
199 704
199 278
933 379
296 457
296 546
296 617
457 45
457 95
1068 354
20 293
20 781
20 351
293 525
293 189
737 267
308 707
308 826
903 407
903 504
220 583
220 511
220 112
583 856
583 843
272 859
272 864
272 559
859 989
859 122
837 1045
837 686
837 471
1045 690
194 530
194 14
530 478
530 443
273 823
823 298
823 1043
393 776
393 569
393 120
776 292
912 951
636 473
636 1018
559 1073
559 259
1073 1019
1073 88
212 849
212 843
212 415
849 784
1083 192
1083 687
763 988
763 844
988 476
988 289
1061 746
726 926
726 155
726 901
926 399
692 784
692 367
692 113
784 196
844 706
844 490
1013 236
1013 790
609 1051
609 617
609 1047
1051 486
81 257
81 181
81 73
257 538
257 664
551 1046
1046 1015
1046 624
110 549
110 564
110 708
549 1067
549 550
422 672
422 78
422 613
672 453
672 910
269 429
269 769
269 151
429 642
429 1036
779 65
779 527
55 96
55 353
55 100
96 1014
96 735
189 1079
1079 170
1079 1071
11 435
11 139
11 374
435 440
435 762
758 639
758 673
389 881
389 30
389 843
881 362
441 662
441 1014
662 279
662 826
909 540
909 403
800 566
517 657
517 24
517 876
657 894
657 934
750 316
247 653
247 1087
247 991
653 17
653 728
30 231
30 937
14 710
710 355
710 18
5 890
5 1025
5 124
890 483
890 787
564 625
564 853
625 1063
625 1011
447 943
447 1099
943 329
943 385
828 1017
828 1072
1014 102
886 904
886 555
886 372
904 687
739 742
739 841
739 813
742 394
170 450
170 502
977 1028
977 627
977 964
1028 15
1028 924
337 1076
337 698
337 999
1076 661
1076 607
95 905
95 915
905 927
91 526
526 288
526 983
264 603
264 858
442 491
442 1086
491 352
491 350
58 1023
58 587
1023 404
1023 585
242 286
242 887
242 945
286 150
286 655
126 254
126 557
254 897
891 121
891 916
694 940
694 1032
694 771
940 555
940 535
464 1009
464 719
464 554
1009 374
1009 356
524 794
524 705
524 266
794 344
794 1092
610 834
834 561
834 819
105 173
105 617
173 459
825 504
642 460
632 1001
632 846
1001 100
1001 330
769 603
602 229
602 696
4 651
4 223
651 334
651 228
975 624
975 1059
249 567
249 910
249 323
567 444
691 689
691 847
378 568
378 793
378 1049
568 427
568 317
483 770
483 25
770 671
770 523
678 829
678 437
829 167
267 937
267 854
953 465
953 450
57 922
982 984
984 88
984 222
1003 28
390 367
42 511
42 535
511 682
348 540
330 798
330 21
798 468
1005 26
1005 34
229 504
229 1093
412 723
412 936
723 432
723 640
944 1078
944 493
944 915
1078 213
1078 395
104 198
104 965
104 282
198 689
198 807
1075 755
1075 690
577 646
577 205
577 192
646 606
646 75
245 322
245 246
322 895
322 191
513 747
513 226
513 918
747 149
747 782
706 1062
706 150
1062 670
1062 368
15 471
15 759
645 786
645 510
645 748
786 306
344 380
344 619
704 957
957 969
957 421
381 405
381 508
589 598
589 498
589 1004
108 145
108 647
145 855
687 637
534 582
534 345
534 89
582 84
582 305
1047 127
514 689
514 8
789 191
789 1022
538 490
538 505
192 19
507 1058
507 641
507 179
1058 329
1058 443
403 342
773 1070
773 580
773 63
1070 216
52 141
52 506
52 21
141 684
535 640
640 321
53 371
53 991
53 77
371 163
371 985
465 1091
1086 90
1086 707
445 566
445 124
445 185
566 1040
894 305
894 840
399 864
399 407
864 250
680 698
12 46
12 40
46 856
231 233
231 790
233 1069
233 255
1063 587
1063 974
80 180
80 157
180 1025
180 971
424 893
424 26
893 781
671 562
102 204
102 115
204 861
204 423
181 343
181 892
809 343
809 908
748 1026
748 599
1026 27
67 1042
67 396
1042 920
201 713
201 1037
201 765
713 850
713 143
156 970
156 690
970 716
647 799
647 697
799 121
799 585
54 550
54 876
550 87
78 907
78 941
907 502
907 1091
65 708
65 831
708 910
87 112
895 1093
895 401
271 440
271 681
271 463
440 200
219 658
219 593
219 584
658 59
658 341
51 665
51 995
51 563
665 98
665 474
335 1033
335 637
696 1077
1077 971
1077 388
705 838
939 1059
939 24
177 33
177 125
927 396
927 510
193 870
193 950
193 631
870 519
816 998
816 749
816 423
998 359
998 885
570 973
570 34
570 421
404 966
682 1034
682 597
1034 66
109 355
109 377
109 695
355 1089
149 327
887 914
887 807
914 751
914 815
178 225
178 248
225 448
450 862
840 43
622 876
622 298
132 1097
132 2
132 19
1097 500
1081 1050
1081 16
741 832
741 735
741 733
832 362
832 394
772 1085
1085 808
599 861
599 345
24 93
650 979
650 545
650 43
979 986
573 897
573 114
124 869
869 846
377 820
377 169
820 546
867 913
867 118
867 274
913 84
913 871
306 351
306 341
351 936
89 353
89 962
353 574
97 899
97 964
321 516
516 482
481 733
481 100
733 77
211 500
211 1055
500 22
1059 216
19 415
415 405
974 1016
1016 951
289 684
289 433
386 882
882 236
882 1072
305 1089
280 721
280 613
721 401
508 728
508 252
480 361
480 544
736 1080
736 470
736 47
1080 1022
155 863
155 291
877 976
877 695
877 142
976 782
375 1038
375 161
394 391
981 1033
981 151
981 113
1033 897
1099 1090
1099 562
366 765
366 719
765 754
246 638
246 862
203 329
203 618
203 251
341 932
66 384
66 629
724 854
724 792
724 255
854 996
70 595
70 1020
70 39
595 901
595 594
345 1038
405 585
489 993
489 945
993 186
21 434
574 122
591 468
591 430
856 817
995 129
460 368
460 537
432 397
432 33
238 449
238 224
449 475
449 659
317 364
317 446
364 368
34 236
215 316
215 525
316 525
250 539
539 669
539 45
458 717
458 686
458 470
717 986
717 631
661 631
61 114
61 715
114 634
419 498
419 380
679 1074
18 1055
18 354
1055 1093
342 807
342 660
563 626
563 865
626 346
626 311
79 842
79 931
79 803
842 863
1029 388
1029 959
16 902
902 1019
902 1024
98 675
675 270
675 629
915 934
209 1037
209 569
209 936
1037 855
50 384
266 605
266 112
106 1060
106 989
1060 453
1060 163
44 182
44 207
182 509
182 476
667 474
340 664
340 147
600 527
600 270
846 677
59 841
59 358
875 1018
875 387
1018 68
438 608
438 45
438 759
608 230
608 1015
191 735
365 1032
365 509
1032 153
31 369
31 119
31 959
369 619
369 139
311 423
311 815
162 709
162 434
709 693
546 300
808 282
118 1069
118 213
623 1039
1039 806
1039 251
1090 1
172 874
172 686
172 655
874 239
139 802
388 804
621 615
324 455
455 226
455 494
234 420
234 0
1067 968
1067 985
68 614
68 1065
614 592
614 1007
362 1006
1074 732
664 785
121 611
865 350
226 282
1021 751
1021 900
888 391
120 205
471 896
619 479
163 990
90 157
90 732
157 822
473 941
473 627
941 590
22 251
22 783
606 833
606 278
833 752
392 873
392 153
873 2
873 75
638 785
638 298
785 7
476 430
673 1007
673 639
1007 186
380 611
611 607
343 812
395 688
297 232
942 1041
743 908
743 497
707 179
722 427
813 879
813 479
879 969
879 618
436 1017
436 1041
387 1036
387 136
996 771
996 1048
932 283
681 510
637 918
918 1017
674 1065
674 93
372 620
372 605
620 1020
620 922
668 467
668 519
292 861
659 871
847 1011
506 931
506 482
641 385
641 660
463 379
695 359
205 999
693 889
693 451
889 142
301 959
301 39
174 601
796 901
796 206
796 1069
831 8
815 210
908 962
962 470
812 592
812 1071
69 147
649 594
649 346
899 744
899 775
892 119
391 479
154 569
154 13
103 161
103 230
103 444
161 1091
968 985
968 1011
670 885
443 1020
578 1064
578 294
578 1048
1064 537
1064 655
762 752
359 497
931 451
519 810
354 32
208 456
208 601
456 652
456 853
597 486
283 719
216 990
206 475
185 593
185 1050
320 1040
863 478
778 878
778 88
778 702
878 587
878 756
129 554
129 127
554 35
175 855
906 688
213 363
197 544
544 714
590 884
590 426
884 41
25 1084
806 494
806 252
200 326
200 732
326 384
326 451
319 146
1 1019
1 756
1084 418
885 135
486 804
555 300
781 493
964 615
248 224
147 448
448 607
27 950
27 754
433 17
475 48
715 13
950 41
9 986
9 618
592 759
624 764
764 1072
764 135
142 946
851 928
851 493
928 822
327 503
279 702
64 580
64 210
634 223
73 453
73 669
688 290
143 697
143 755
84 819
523 358
989 288
420 575
420 919
223 666
744 228
677 683
1038 1066
803 810
274 698
75 771
228 210
557 947
1050 522
937 232
482 446
853 917
239 358
683 528
746 167
418 594
418 1048
1056 922
430 805
127 7
259 699
699 303
323 1092
323 133
363 527
363 792
792 291
40 1066
230 528
522 920
522 350
580 125
562 427
505 727
119 169
222 666
754 437
756 793
47 494
1049 150
629 13
41 644
361 1040
361 947
446 23
7 545
502 374
474 822
23 356
23 768
356 858
652 615
33 605
775 467
775 186
146 858
146 179
603 1000
819 946
716 575
716 468
714 28
714 963
969 537
291 920
838 1089
838 1024
752 467
980 1006
980 850
1006 497
793 136
135 1071
490 255
232 303
960 281
584 407
1066 1000
32 85
256 35
520 1043
951 0
346 300
639 850
85 963
575 983
1043 115
136 133
768 1000
644 281
0 278
28 790
965 397
153 919
207 821
39 169
437 370
