2900 4350
637 1078
637 686
637 2484
1078 1289
1078 2616
274 1026
274 775
274 182
1026 272
1026 191
1634 2350
1634 1195
1634 1973
2350 1652
2350 425
1020 1633
1020 954
1020 2112
1633 276
1633 169
1195 6
1195 519
1978 2654
1978 116
1978 782
2654 1588
2654 2360
1456 2200
1456 2083
1456 1601
2200 938
2200 1910
1433 2711
1433 1377
1433 490
2711 1281
2711 2272
2163 2736
2163 1403
2163 1059
2736 2002
2736 2488
1526 2673
1526 2622
1526 1578
2673 943
2673 1007
440 1323
440 871
440 1137
1323 903
1323 1655
631 1040
631 1272
631 1892
1040 727
1040 2744
97 1478
97 820
97 2431
1478 2047
1478 966
1153 2019
1153 1614
1153 1314
2019 202
2019 327
5 986
5 494
5 2053
986 1824
986 1927
420 2168
420 492
420 1915
2168 1540
2168 2896
611 1699
611 361
611 1645
1699 1246
1699 2611
858 2888
858 1765
858 1609
2888 1492
2888 2332
1270 2604
1270 2320
1270 2177
2604 1801
2604 1148
616 1140
616 1941
616 652
1140 2419
1140 856
1810 2023
1810 2349
1810 2252
2023 1845
2023 2594
892 1340
892 1803
892 1099
1340 2812
1340 1315
999 2369
999 1996
999 2714
2369 1976
2369 2856
879 1370
879 1265
879 560
1370 2029
1370 2258
719 1906
719 1196
719 168
1906 1643
1906 1553
1505 2061
1505 2032
1505 2826
2061 2331
2061 1534
2085 2407
2085 2818
2085 1953
2407 1782
2407 1033
479 2748
479 1757
479 1720
2748 283
2748 1645
577 919
577 227
577 1289
919 2346
919 380
2346 1838
2346 759
223 836
223 2284
223 1624
836 2611
836 1581
279 2165
279 788
279 155
2165 2823
2165 3
1490 1789
1490 1278
1490 1421
1789 2408
1789 529
335 1800
335 2218
335 165
1800 2506
1800 144
1436 1589
1436 1060
1436 2650
1589 2895
1589 451
1288 1425
1288 1197
1288 788
1425 2070
1425 2219
1133 1551
1133 1640
1133 1624
1551 2245
1551 2758
1106 1534
1106 642
1106 113
1534 1563
767 936
767 347
767 176
936 1500
936 74
69 2175
69 165
69 2490
2175 1870
2175 367
582 1528
582 1313
582 167
1528 2832
1528 1294
2457 2809
2457 514
2457 594
2809 1985
2809 993
1310 2761
1310 2387
1310 1964
2761 1684
2761 466
1591 2631
1591 2050
1591 317
2631 414
2631 2328
1029 1350
1029 1905
1029 2715
1350 760
1350 1301
2108 2512
2108 1833
2108 803
2512 1416
2512 1005
13 739
13 2585
13 2212
739 2519
739 992
2590 2664
2590 370
2590 1516
2664 2295
2664 1168
2060 2435
2060 318
2060 2645
2435 1949
2435 2412
583 2432
583 1190
583 109
2432 1247
2432 990
1329 2136
1329 1497
1329 941
2136 890
2136 465
1149 2700
1149 857
1149 2394
2700 1300
2700 2485
254 801
254 2715
254 1253
801 981
801 250
738 2571
738 717
738 239
2571 2357
2571 1299
1315 2732
1315 283
2732 2670
2732 724
526 851
526 2506
526 2731
851 817
851 840
1081 2156
1081 1066
1081 2668
2156 962
2156 602
87 2875
87 877
87 569
2875 832
2875 1308
475 885
475 1503
475 2411
885 1549
885 2100
351 2576
351 2602
351 160
2576 2132
2576 1384
1228 1946
1228 564
1228 132
1946 2827
1946 728
2068 2560
2068 1895
2068 2118
2560 1583
2560 235
177 1191
177 1427
177 693
1191 1127
1191 345
294 1776
294 1435
294 866
1776 2158
1776 2161
1434 2014
1434 14
1434 2877
2014 442
2014 1531
1276 1428
1276 2474
1276 2032
1428 1327
1428 591
18 1692
18 2049
18 1874
1692 599
1692 381
1014 1199
1014 2858
1014 1447
1199 1418
1199 2312
564 1869
564 2727
380 653
380 2772
653 2088
653 402
103 1836
103 1254
103 2021
1836 1136
1836 991
391 891
391 1689
391 1740
891 1459
891 1279
467 2607
467 2533
467 544
2607 1025
2607 1811
955 1787
955 2088
955 1784
1787 2157
1787 976
1985 2153
1985 1560
2153 1107
2153 1311
743 1459
743 1769
743 8
1459 1396
1257 1451
1257 118
1257 1480
1451 179
1451 2510
2423 2644
2423 2714
2423 1502
2644 355
2644 2433
1898 2005
1898 1419
1898 721
2005 204
2005 2869
1281 1424
1281 2464
1977 2823
1977 2570
1977 1477
2823 1859
216 1304
216 792
216 140
1304 46
1304 2173
1955 2167
1955 1360
1955 1006
2167 2623
2167 2835
339 1783
339 115
339 2440
1783 1887
1783 1954
588 2753
588 1444
588 1567
2753 2889
2753 2030
2773 2879
2773 603
2773 1741
2879 2381
2879 2687
157 1663
157 2446
157 1837
1663 2479
1663 2466
1227 2102
1227 423
1227 2718
2102 1168
2102 1016
2002 2234
2002 1660
317 569
317 494
569 15
356 1872
356 2304
356 154
1872 1060
1872 1612
1084 2282
1084 2206
1084 1123
2282 1610
2282 56
523 817
523 2758
523 1098
817 472
1430 1607
1430 2592
1430 2178
1607 984
1607 2788
604 2877
604 1529
604 1407
2877 640
43 2315
43 359
43 1010
2315 2263
2315 1861
14 2366
14 673
2816 2840
2816 609
2816 1647
2840 1931
2840 898
307 375
307 789
307 968
375 2478
375 1277
1707 1772
1707 2467
1707 2280
1772 1462
1772 2528
1060 905
663 2145
663 451
663 2517
2145 2298
2145 2378
1002 1611
1002 2704
1002 2181
1611 1938
1611 1453
1799 2758
1799 2422
1799 1875
1638 2575
1638 880
1638 2678
2575 2388
2575 1298
670 692
670 1885
670 129
692 42
692 1885
877 1845
877 1343
1845 2697
1529 2525
1529 2806
2525 2191
2525 1070
448 1582
448 2164
448 1805
1582 2724
1582 563
457 1222
457 883
457 2094
1222 1305
1222 388
101 2112
101 1705
101 3
2112 434
343 1911
343 2493
343 1354
1911 1376
1911 2490
2440 2445
2440 1933
2445 1019
2445 1104
1463 1905
1463 120
1463 535
1905 982
486 1285
486 2603
486 2481
1285 863
1285 198
167 2737
167 1639
2737 2756
2737 1234
593 1039
593 516
593 2033
1039 2198
1039 2476
798 1408
798 1312
798 2475
1408 777
1408 2535
1791 2530
1791 2489
1791 2638
2530 2574
2530 1309
323 2310
323 2558
323 774
2310 2541
2310 2042
1213 2553
1213 1657
1213 617
2553 2558
2553 1959
321 1483
321 571
321 397
1483 2628
1483 1957
2377 2770
2377 2808
2377 2389
2770 2704
2770 292
1816 2474
1816 945
1816 1682
2474 1496
36 676
36 811
36 2379
676 2508
676 1112
417 1945
417 2113
417 2682
1945 2328
1945 1239
44 122
44 1009
44 2376
122 1131
122 500
537 1632
537 1062
537 2268
1632 1821
1632 1894
2063 2351
2063 2360
2063 630
2351 1980
2351 2245
1214 2634
1214 1118
1214 910
2634 112
2634 1223
1568 1734
1568 1942
1568 2898
1734 1217
1734 1566
355 441
355 603
591 1343
591 2174
1343 1777
408 1487
408 410
408 195
1487 1619
1487 293
437 1053
437 1
437 2035
1053 329
1053 687
1185 1673
1185 2151
1185 2113
1673 1912
1673 718
198 445
198 1497
445 1863
445 906
828 1515
828 1201
828 1711
1515 330
1515 890
599 244
599 2657
939 1123
939 785
939 912
1123 2232
628 1261
628 2865
628 2554
1261 96
1261 1207
887 2653
887 1322
887 2144
2653 1976
2653 2731
725 2591
725 246
725 1521
2591 1726
2591 520
1272 658
1272 2195
1184 2647
1184 213
1184 2805
2647 2258
2647 1274
2478 1921
2478 312
458 706
458 1226
458 567
706 1246
706 544
1349 1897
1349 839
1349 1730
1897 522
1897 1444
422 869
422 1921
422 2859
869 550
869 1993
2450 2472
2450 1718
2450 1844
2472 1115
2472 2787
109 2215
109 1503
2215 949
2215 2470
845 1231
845 2055
845 0
1231 2139
1231 2658
1766 2185
1766 1847
1766 1520
2185 1452
2185 1100
2047 1970
2047 1202
996 2681
996 2437
996 1193
2681 27
2681 525
863 1629
863 2336
112 2868
112 1971
549 2257
549 2622
549 1447
2257 826
2257 168
1721 2564
1721 161
1721 1266
2564 812
2564 1283
1938 1908
1938 1284
1744 2202
1744 904
1744 2404
2202 1246
2202 1841
2261 2837
2261 2382
2261 505
2837 2643
2837 2114
1891 2221
1891 185
1891 2001
2221 2848
2221 2650
1916 2394
1916 2058
1916 2304
2394 429
1733 2538
1733 2884
1733 2864
2538 1074
2538 2054
1685 2790
1685 1646
1685 654
2790 20
2790 1819
396 1755
396 1136
396 1135
1755 282
1755 1704
1586 2110
1586 1596
1586 319
2110 1979
2110 220
1102 2326
1102 1886
1102 2244
2326 360
2326 2643
520 1641
520 1382
1641 2484
1641 1714
712 1991
712 1128
712 474
1991 749
1991 742
641 2605
641 2491
641 610
2605 2390
2605 1183
624 1124
624 1943
624 2682
1124 2230
1124 528
1132 2434
1132 1172
1132 1530
2434 2764
2434 1675
360 1385
360 173
682 1065
682 1863
682 2447
1065 2276
1065 1052
24 2148
24 1136
24 1849
2148 1722
2148 2609
434 1000
434 1732
1000 99
1000 736
55 2364
55 485
55 1724
2364 744
2364 2899
820 2734
820 2431
1275 2482
1275 1630
1275 657
2482 2799
2482 1012
1219 1535
1219 2519
1219 1036
1535 2476
1535 1918
920 1122
920 1482
920 1658
1122 2651
1122 1739
1869 2496
1869 1101
107 1773
107 1563
107 2001
1773 2293
1773 837
694 2207
694 1670
694 510
2207 1888
2207 749
911 1684
911 2420
911 652
1684 1471
2516 2659
2516 1392
2516 2804
2659 2508
2659 1258
468 2655
468 2375
468 2566
2655 659
2655 974
1900 2427
1900 1418
1900 1264
2427 2127
2427 346
1833 222
1833 756
1256 2096
1256 998
1256 2222
2096 786
2096 1749
1107 874
1107 502
643 1115
643 175
643 1290
1115 956
779 2696
779 867
779 1665
2696 16
2696 718
1118 2162
1118 2154
2162 2036
2162 1056
195 1742
195 2602
1742 2857
1742 2703
1417 1555
1417 1292
1417 1201
1555 1401
1555 1335
1368 1779
1368 2255
1368 2542
1779 740
1779 2138
2381 1661
2381 2081
456 614
456 283
456 2000
614 1690
614 2471
1870 1419
1870 1079
531 1319
531 2733
531 2379
1319 2777
1319 1752
1245 1794
1245 2205
1245 1592
1794 2214
1794 175
1243 2013
1243 1104
1243 1944
2013 1715
2013 1366
570 2293
570 300
570 2004
2293 844
1444 2426
1431 2887
1431 1017
1431 2572
2887 2363
2887 1917
147 618
147 1151
147 1311
618 1336
618 78
871 209
871 161
1503 1992
2489 2534
2489 1033
2534 2339
2534 2234
1753 2794
1753 1989
1753 2633
2794 2532
2794 2103
1064 1409
1064 2721
1064 162
1409 2486
1409 2324
438 1621
438 674
438 2084
1621 1564
1621 1280
89 1467
89 2555
89 1730
1467 895
1467 148
652 2862
2862 1921
2862 135
234 888
234 1192
234 315
888 1404
888 341
161 1980
1391 2298
1391 199
1391 1524
2298 2762
1562 1771
1562 1608
1562 557
1771 310
1771 1432
619 2190
619 2020
619 482
2190 1445
2190 2022
498 1226
498 754
498 501
1226 2001
261 496
261 796
261 1609
496 1375
496 1077
452 1784
452 958
452 1609
1784 2581
867 2403
867 2583
1031 2629
1031 262
1031 326
2629 830
2629 2400
1682 2361
1682 2080
2361 436
2361 1595
1513 2403
1513 1174
1513 1519
2403 1165
63 368
63 1884
63 729
368 2399
368 91
1803 2242
1803 257
2242 2767
2242 2625
66 1834
66 436
66 1351
1834 731
1834 1080
1362 1453
1362 1541
1362 1573
1453 2694
1387 1626
1387 2354
1387 2722
1626 1091
1626 402
2382 137
2382 2017
545 1868
545 191
545 1814
1868 1999
1868 2730
925 1335
925 2141
925 1768
1335 681
1277 1585
1277 1439
255 983
255 1767
255 724
983 1181
983 139
2027 2889
2027 2187
2027 1519
2889 852
981 1761
981 2603
1761 2706
1761 189
2671 2811
2671 1851
2671 563
2811 196
2811 839
1735 2372
1735 1317
1735 1177
2372 1661
2372 2395
635 1353
635 449
635 2891
1353 852
1353 1775
2164 155
2164 251
1269 2802
1269 2034
1269 1479
2802 1198
2802 542
2756 1841
2756 1858
909 1327
909 2784
909 476
1327 1268
334 2179
334 1688
334 754
2179 1802
2179 1238
2493 1339
2493 864
805 1764
805 667
805 1829
1764 2232
1764 2568
962 752
962 844
342 1774
342 1171
342 2446
1774 2821
1774 2796
853 1575
853 1519
853 1113
1575 711
1575 1683
1648 1666
1648 2084
1648 2465
1666 1337
1666 1410
704 1452
704 948
704 56
1452 927
353 2686
353 2545
353 2836
2686 2867
2686 1681
1654 1746
1654 252
1654 941
1746 2356
1746 809
340 2338
340 966
340 28
2338 2172
2338 152
1093 1413
1093 88
1093 2344
1413 883
1413 1111
398 622
398 173
398 22
622 2016
622 2402
158 2447
158 1975
158 870
2447 2627
1044 2311
1044 1388
1044 1965
2311 2849
2311 1145
1489 2841
1489 1279
1489 1457
2841 1675
2841 33
1457 1726
1457 1164
1726 2121
62 444
62 76
62 1796
444 2098
444 658
1838 1912
1838 1258
1912 428
1220 2079
1220 117
1220 143
2079 1574
2079 1027
1345 2159
1345 1614
1345 1134
2159 39
2159 362
1325 2064
1325 1691
1325 124
2064 1385
2064 2308
329 2797
329 809
943 2157
943 173
253 1143
253 1113
253 2754
1143 2765
1143 2358
942 2528
942 1471
942 612
2528 2831
1339 568
1339 1486
2729 2793
2729 2398
2729 756
2793 2568
2793 2384
243 949
243 2781
243 977
949 2782
778 1293
778 363
778 2873
1293 1718
1293 1047
1989 2829
1989 2134
1691 1415
1691 1530
257 1936
257 105
1936 2706
1936 1112
1781 2725
1781 2192
1781 1926
2725 2835
2725 2788
209 1896
209 1751
1896 331
1896 1708
2506 75
1085 2204
1085 1208
1085 287
2204 93
2204 2066
512 2342
512 1715
512 2490
2342 2009
2342 638
2170 2277
2170 1541
2170 774
2277 1397
2277 2278
1212 2424
1212 710
1212 1381
2424 633
2424 200
178 367
178 1552
178 1367
367 1369
1148 1851
1148 578
1851 1925
1901 2497
1901 1189
1901 2470
2497 2264
2497 769
951 2389
951 1719
951 19
2389 1873
2618 2818
2618 642
2618 2751
2818 780
1017 2613
1017 2805
1959 2853
1959 2192
2853 2056
2853 301
2229 2448
2229 2739
2229 897
2448 1698
2448 2050
1264 2062
1264 26
2062 1450
2062 2
2502 2872
2502 1820
2502 1438
2872 907
2872 1080
727 2438
727 297
1937 2685
1937 156
1937 717
2685 691
2685 2619
1623 2409
1623 2172
1623 3
2409 2858
2409 473
2767 2797
2767 1637
2797 1473
1460 2531
1460 1662
1460 1074
2531 1321
2531 2845
1850 2308
1850 150
1850 2302
2308 1466
145 1358
145 2397
145 2146
1358 2331
1358 730
833 1695
833 102
833 280
1695 1997
1695 1540
857 430
857 645
875 2515
875 633
875 2193
2515 551
2515 2053
26 1895
26 971
1895 776
1454 1813
1454 1814
1454 2322
1813 311
1813 1129
1681 1941
1681 193
1941 1827
297 1083
297 1008
1083 2834
1083 1077
830 912
830 1981
640 2494
640 2397
2140 2375
2140 533
2140 268
2375 1268
1322 2682
1322 2510
272 72
272 2456
1385 1759
454 508
454 1507
454 409
508 140
508 2339
576 1437
576 156
576 1738
1437 2532
1437 906
556 2362
556 481
556 862
2362 2835
2362 2822
1883 2606
1883 1194
1883 2437
2606 2679
2606 970
1858 2433
1858 2120
2433 53
1970 2345
1970 1727
2345 976
2345 1486
1051 2304
1051 2473
1051 2453
948 551
948 2004
306 1167
306 2501
306 2475
1167 2249
1167 824
717 1388
1997 1089
1997 1139
995 1240
995 58
995 2869
1240 799
1240 425
232 1892
232 1826
232 751
1892 1848
547 1904
547 2663
547 133
1904 1476
1904 2251
1181 2041
1181 1867
2041 868
2041 984
480 502
480 1192
480 1998
502 812
2192 1236
135 172
135 1013
2055 2828
2055 989
1976 2701
1336 2738
1336 2658
2738 2838
2738 74
308 1887
308 2393
308 1373
1887 790
573 2270
573 1775
573 2699
2270 284
2270 462
1544 2587
1544 1049
1544 818
2587 1642
2587 2131
1598 2329
1598 729
1598 2281
2329 126
2329 402
1765 2058
1765 2663
378 1802
378 2268
378 466
1802 2459
30 1613
30 84
30 406
1613 2491
1613 1656
647 1847
647 1251
647 846
1847 758
1189 2524
1189 2437
2663 671
364 735
364 1103
364 521
735 1807
735 369
761 2735
761 775
761 2319
2735 975
2735 608
736 2413
736 1923
2413 1856
2413 860
1998 2119
1998 2780
2119 807
2119 1593
1809 2103
1809 404
1809 2201
2103 922
336 493
336 47
336 1371
493 2468
493 1178
2574 645
2574 1498
973 2133
973 394
973 469
2133 405
2133 1709
56 1796
1210 2863
1210 2669
1210 585
2863 1154
2863 1415
492 34
492 2194
1569 2307
1569 847
1569 286
2307 2417
2307 2421
270 1716
270 208
270 1756
1716 1359
1716 1037
1471 2817
392 430
392 298
392 1170
430 787
449 644
449 1550
28 1316
28 2451
1316 1384
1316 1979
1873 57
1873 728
292 2149
292 2331
2149 568
2149 1579
1933 1174
1933 1443
1462 2697
1462 352
2263 2016
2263 2314
68 2026
68 1038
68 1328
2026 2336
2026 613
2388 115
2388 2046
2829 229
2829 2486
1435 1687
1435 546
1145 1570
1145 1070
1570 194
1570 702
612 2010
612 2016
2010 1908
2010 762
2781 2589
2781 1890
551 128
205 540
205 432
205 483
540 2088
540 2458
603 958
958 1480
2379 2526
2526 1492
2526 1056
0 672
0 1554
1643 2866
1643 680
2866 2504
2866 110
2895 1532
2895 2609
399 2131
399 1860
399 2180
2131 1549
1751 2548
1751 2726
2548 2025
2548 2627
57 1086
57 941
1541 344
1670 683
1670 632
1450 94
1450 155
93 2546
93 838
162 992
162 395
992 2353
963 1157
963 2074
963 2702
1157 1603
1157 1320
35 393
35 688
35 2420
393 1473
393 27
1110 1176
1110 2833
1110 1170
1176 1943
1176 1960
2643 2522
2581 2286
2581 277
509 1481
509 282
509 2582
1481 194
1481 1263
1532 2891
1532 1041
2891 1266
432 1522
432 125
2545 1554
2545 2500
90 2580
90 247
90 2662
2580 882
2580 361
2271 2556
2271 1832
2271 233
2556 957
2556 2050
1076 2760
1076 443
1076 1839
2760 1560
2760 2834
2206 1229
2206 2636
1052 1994
1052 2621
1994 914
1994 2188
697 2849
697 823
697 276
2849 1748
2602 2723
330 2557
330 2547
2092 2819
2092 1130
2092 2225
2819 1379
2819 2775
341 441
341 838
441 37
404 1120
404 2301
102 2765
102 1156
970 2598
970 2636
2598 20
2598 1441
1669 2078
1669 92
1669 634
2078 2480
2078 2275
1769 672
1769 2425
1786 2483
1786 2651
1786 842
2483 608
2483 1330
2278 2716
2278 2771
2716 1514
2716 337
403 1175
403 1251
403 2274
1175 1974
1175 1612
565 1762
565 1432
565 2635
1762 1706
1762 723
1006 1096
1006 433
1096 1700
1096 1947
753 2865
753 572
753 1981
2865 1587
2408 1206
2408 482
1954 2741
1954 785
2741 2341
2741 394
722 2240
722 1798
722 226
2240 1601
2240 2318
1202 1565
1202 197
1565 1793
1565 2082
469 2468
469 1079
2468 2871
2341 2405
2341 1854
1583 2425
1583 2415
2425 2177
608 382
65 169
65 1592
65 969
169 1694
23 2238
23 543
23 1183
2238 991
2238 1134
620 2228
620 675
620 123
2228 2196
2228 926
185 2854
185 2089
1563 371
1999 572
1999 2115
775 2095
984 1647
2285 2467
2285 1758
2285 1974
2467 2630
1129 2599
1129 1306
2599 2039
2599 1922
200 2056
200 455
2056 2645
349 1770
349 32
349 675
1770 2859
1770 2383
1296 1693
1296 2007
1296 289
1693 2882
1693 226
1404 2309
1404 2630
2309 792
2309 91
2360 463
1088 1664
1088 2614
1088 1668
1664 2444
1664 1286
768 1165
768 1465
768 34
1165 1867
52 580
52 2521
52 541
580 1595
580 1853
980 2247
980 326
980 1878
2247 2333
2247 2537
281 1306
281 1510
281 2097
1306 579
2611 1317
2024 2697
2024 2529
2024 2332
1629 2284
1629 2147
2284 2077
1003 1705
1003 2186
1003 1530
1705 250
827 2828
827 804
827 1590
2828 505
1097 1111
1097 797
1097 1244
1111 1445
1497 2288
2387 2745
2387 1253
1915 2033
1915 1790
684 2370
684 750
684 1468
2370 2314
2370 1072
2333 2313
2333 1071
539 1723
539 1680
539 1538
1723 153
1723 632
2399 1882
2399 2354
2029 648
2029 2398
1584 2626
1584 2235
1584 58
2626 1560
2626 71
1730 1926
1926 1390
705 2429
705 1712
705 2730
2429 2465
2429 1835
1862 2082
1862 301
1862 1889
2082 2106
414 2294
414 2057
320 372
320 2460
320 2122
372 2670
372 415
250 266
2158 11
2158 1283
459 2373
459 2104
459 2778
2373 2524
2373 2481
16 226
16 1475
144 1049
144 832
1049 383
431 2045
431 1741
431 2881
2045 2492
2045 2116
337 2038
337 609
2038 136
2038 248
1075 1967
1075 1971
1075 1724
1967 2288
1967 2612
921 2812
921 1162
921 357
2812 847
176 629
176 2693
629 1993
629 2861
310 443
310 2428
443 2322
1924 2178
1924 2563
1924 1874
2178 760
2451 2436
2451 1754
1098 2890
1098 2873
2890 1658
2890 829
1578 2444
1578 2649
2444 929
2486 1068
2196 1332
2196 1760
131 2018
131 2792
131 2578
2018 289
2018 2779
1255 2199
1255 876
1255 412
2199 423
2199 795
855 1820
855 1910
855 1394
1820 2325
977 2749
977 562
2749 237
2749 1736
2366 2639
2366 2743
2639 2880
2639 781
212 322
212 2717
212 318
322 660
322 2223
991 2449
1824 1947
1824 2751
1947 1355
693 1120
693 313
1120 267
2469 2651
2469 816
2469 1533
1419 1047
2462 2612
2462 2893
2462 519
2612 2750
197 916
197 235
916 1653
916 2344
2415 1054
2415 1778
1113 447
1585 497
1585 596
868 2698
868 119
2698 160
2698 1215
797 1958
797 1918
218 975
218 2766
218 1806
975 2125
259 1013
259 503
259 2259
1013 1105
1300 2452
1300 1944
2570 2677
2570 2627
794 799
794 1406
794 1360
799 2763
1344 1760
1344 2279
1344 1390
1760 266
106 541
106 1262
106 734
541 2825
1054 1594
1054 1311
1571 2296
1571 1636
1571 1706
2296 2356
2296 2798
972 1479
972 613
972 2071
1479 1061
2030 2847
2030 1244
2847 2541
2847 1182
370 2048
370 142
2048 1159
2048 1152
2519 2253
1797 2230
1797 2648
1797 332
2230 2505
1610 1995
1610 664
1995 2318
1995 83
128 1877
128 866
1877 2613
1877 2184
969 2722
969 2608
2722 1082
2077 2383
2077 1262
568 2824
1330 2355
1330 2805
2355 2499
2355 1019
494 1651
1798 2126
1798 594
2436 187
2436 2335
2772 111
2772 2287
1903 2662
1903 1250
1903 2603
2662 1790
483 649
483 1187
649 900
649 1510
2256 2520
2256 427
2256 124
2520 352
2520 2275
1141 1372
1141 558
1141 1966
1372 2209
1372 1576
598 1273
598 2091
598 2577
1273 1543
1273 2778
40 2294
40 1160
40 2188
2294 1821
2499 1337
2499 818
2601 2820
2601 41
2601 765
2820 1677
2820 2783
889 1831
889 260
889 1616
1831 985
1831 2586
113 149
113 2053
149 2233
149 1617
2184 2617
2184 1491
2617 695
2617 410
2264 1242
2264 507
2319 2193
2319 1045
878 1672
878 1232
878 1410
1672 1907
1672 27
1251 376
427 982
427 2558
982 2393
759 2624
759 771
2624 534
2624 762
1826 183
1826 2142
296 2485
296 1271
296 2097
2485 1717
2070 2054
2070 2254
854 906
854 95
854 1859
1359 886
1359 2040
262 2746
262 1777
1388 2188
240 2324
240 677
240 621
2324 2683
519 2642
2642 19
2642 2442
1147 1982
1147 2789
1147 2120
1982 365
1982 12
686 1587
686 2728
1587 2182
895 1352
895 1628
1352 15
1352 1232
184 2280
184 1421
184 1694
2280 2011
880 772
880 1470
2084 2501
529 1230
529 2808
2764 2466
2764 1086
1424 2127
1424 2480
1125 2717
1125 1606
1125 1674
2717 2241
172 2857
172 2596
77 2037
77 1347
77 946
2037 1443
2037 1274
1028 2784
1028 1375
1028 312
2784 2856
2539 2557
2539 2640
2539 1027
2557 1282
418 2632
418 1399
418 1414
2632 2021
2632 866
1282 1203
1282 38
894 1249
894 2431
894 2712
1249 530
1249 581
1717 829
1717 1899
1464 2039
1464 2691
1464 2860
2039 766
2524 1812
2006 2093
2006 1146
2006 245
2093 1939
2093 1567
390 2878
390 766
390 1233
2878 439
2878 230
987 2868
987 2864
987 690
2868 1169
754 187
726 1930
726 199
726 1968
1930 1440
1930 127
354 1155
354 99
354 522
1155 258
1155 1603
1718 1775
189 2479
189 60
2479 2101
416 1066
416 1411
416 2846
1066 2473
1364 1808
1364 2763
1364 1849
1808 2600
1808 907
46 2251
46 2160
947 1785
947 1622
947 937
1785 53
1785 1491
2161 2317
2161 808
228 1015
228 1875
228 1649
1015 2460
1015 1094
497 31
497 1558
1885 2402
280 1421
280 118
202 2454
202 1341
2454 305
2454 554
807 239
807 1881
1025 2881
1025 2000
2561 2845
2561 685
2561 553
2845 1759
181 1348
181 1549
181 1498
1348 60
1348 1470
786 245
786 2505
2295 2317
2295 1159
2317 2660
1233 2227
1233 893
2227 365
2227 1671
2191 1512
2191 1676
780 1793
780 1662
1793 510
383 516
383 1004
516 660
2076 2544
2076 1069
2076 362
2544 2404
2544 1407
1476 1725
1476 581
1725 811
1725 1902
934 1442
934 1710
934 1283
1442 163
1442 1399
1975 636
1975 923
2281 2418
2281 2667
2418 668
2418 1686
1271 2843
1271 2239
744 2566
744 2791
81 1117
81 2411
81 2791
1117 1186
1117 2139
116 1042
116 348
1418 264
1653 2885
1653 2120
1801 1759
1801 2181
900 2569
900 1521
819 1577
819 2241
819 2776
1577 953
1577 2217
245 1225
1225 2679
1225 927
1698 1697
1698 2507
436 864
667 1042
667 1543
666 989
666 1099
666 64
989 124
217 1917
217 2855
217 1446
1917 1880
708 2792
708 1196
708 2746
2792 1657
914 816
914 2747
1247 518
1247 1972
698 2864
698 1807
698 2455
465 2396
465 1050
2396 1216
2396 699
1308 1624
1308 592
1048 2488
1048 971
1048 2212
2488 1007
10 1852
10 236
10 689
1852 2894
1852 2008
1041 1280
1041 731
1280 2306
1091 1597
1091 872
2124 2592
2124 638
2124 1574
2592 1564
1494 1522
1494 9
1494 235
1522 286
1426 1616
1426 968
1426 915
1616 1696
1509 2059
1509 154
1509 428
2059 2661
2059 74
750 1393
750 1055
796 110
796 2226
2089 2225
2089 1636
2225 2713
1082 2337
1082 453
2337 1058
2337 210
2105 2844
2105 2127
2105 2374
2844 550
2844 163
747 2267
747 2392
747 2705
2267 659
2267 1297
1236 2166
1236 2122
2166 446
2166 2498
83 2187
83 265
2187 2249
2832 940
2832 674
2193 484
1061 2134
1061 2412
2134 2176
1680 1398
1680 929
1403 2397
1403 2565
806 861
806 484
806 2854
861 2650
861 566
363 929
363 548
1712 1856
1712 816
221 2831
221 2003
221 1574
2831 2458
687 1169
687 1516
1169 1371
299 944
299 979
299 2857
944 1018
944 1217
1540 42
2859 988
7 507
7 1128
7 1988
507 997
287 561
287 825
561 2513
561 180
2349 2386
2349 1702
2386 389
2386 1381
2771 1817
2771 1472
51 1745
51 998
51 2839
1745 2442
1745 1259
222 395
222 1886
395 191
762 2511
2511 1739
2511 142
1171 504
1171 289
244 2453
244 1035
1206 1156
1206 461
1485 2726
1485 746
1485 2676
2726 1361
1131 2695
1131 2727
1556 2786
1556 1050
1556 2870
2786 2250
2786 1178
760 1652
1512 783
1512 2867
1796 266
1071 1545
1071 1072
1545 1458
1545 2691
903 1448
903 316
1984 2266
1984 2543
1984 677
2266 305
2266 2406
818 956
956 1036
522 700
1942 2579
1942 120
1305 2752
1305 2578
260 1482
260 1063
1482 2477
821 961
821 646
821 849
961 789
961 2461
1667 1835
1667 1517
1667 1969
1835 677
315 2321
315 596
2321 1731
2321 1628
1696 1719
1696 2814
1719 1423
1652 196
409 2365
409 2210
2365 957
2365 2554
2501 208
1012 1086
1012 515
485 2589
485 1237
2589 1524
303 397
303 2813
303 2015
397 651
2186 2894
2186 2405
2894 2585
683 2709
683 1546
374 2492
374 1601
374 2633
2492 2652
265 2585
265 130
597 2012
597 2367
597 1080
2012 214
2012 324
1525 2510
1525 2719
1525 1161
723 1105
723 1207
1105 959
1996 2132
1996 1130
2132 2274
2412 2426
2241 2623
715 1738
715 1410
715 1326
1738 898
501 2718
501 1389
2718 92
2313 2588
2313 1952
1605 2884
1605 2491
1605 2683
2884 47
365 1625
1625 2358
1625 45
733 1792
733 675
733 898
1792 2328
1792 2197
1957 2289
1957 1520
2289 34
2289 1331
823 2287
823 615
425 688
1737 2551
1737 2115
1737 638
2551 211
2551 273
741 2815
741 571
741 134
2815 822
2815 2559
2249 1422
1229 2898
1229 369
2898 755
1741 2521
2521 2371
1807 164
2205 1909
2205 940
1042 1842
1675 2666
415 435
415 899
435 31
435 657
1871 2487
1871 2456
1871 192
2487 2044
2487 1939
405 1819
405 1940
1819 2533
630 1034
630 1527
1034 2573
1034 1548
2750 42
2750 2401
1603 491
2660 2
2660 82
707 2449
707 491
707 2523
2449 2222
379 1043
379 1466
379 1137
1043 1806
1043 439
1952 2740
1952 1837
2740 362
2740 2594
284 2203
284 2672
2203 252
2203 233
826 2842
826 2848
300 1501
300 1313
1729 2439
1729 2101
1729 1001
2439 490
2439 566
1767 2785
1767 2040
2003 1969
2003 1499
852 1661
2622 710
1940 1221
1940 1077
192 1567
192 1200
1390 180
2817 1267
2817 1972
1197 2843
1197 477
2843 1474
1832 2826
1832 91
515 2220
515 2069
2220 1465
2220 1379
592 1537
592 2216
1537 2154
1537 2540
94 766
94 1334
2532 2244
39 1882
39 2789
1882 338
1134 2494
2494 79
1203 333
1203 1486
2541 126
214 2637
214 883
2637 532
2637 1144
1379 88
1089 1934
1089 132
1934 1840
1934 332
729 2674
2674 15
2674 994
125 610
125 2638
610 882
979 2211
979 78
2211 607
2211 2873
1063 201
1063 85
1414 2813
1414 86
2813 730
309 1599
309 2209
309 1278
1599 1127
1599 2882
1156 11
2481 2363
1420 2713
1420 664
1420 2710
2713 1780
2198 678
2198 685
1763 2292
1763 1377
1763 1022
2292 2455
2292 2097
1706 1758
1758 1200
594 1173
1173 626
1173 2368
2139 559
812 2549
904 72
904 575
824 1635
824 462
1635 488
1635 1839
423 1291
1291 1290
1291 976
606 2087
606 1879
606 1023
2087 1676
2087 876
1619 2135
1619 905
2135 1811
2135 2842
2621 2668
2621 1295
2668 2269
2393 273
1943 324
333 1254
333 931
1254 2237
642 1747
1875 2675
2007 2774
2007 1823
2774 327
2774 524
1130 1701
884 1542
884 1843
884 2707
1542 2217
1542 1455
2473 1579
1935 2785
1935 361
1935 1804
2785 1209
1973 2223
1973 2821
2223 1686
1378 2688
1378 1150
1378 2747
2688 1656
2688 2466
1983 2453
1983 1036
1983 2305
2569 2834
2569 84
1095 2628
1095 841
1095 2504
2628 2470
17 2222
17 2235
17 164
314 602
314 2259
314 2504
602 38
749 31
579 2254
579 1495
2254 1518
1302 2320
1302 411
1302 1929
2320 1496
1239 2529
1239 2596
2529 865
1886 2620
674 237
2496 2565
2496 1688
2565 511
100 319
100 1347
100 609
319 2669
45 2814
45 171
2814 2283
1817 2503
1817 419
344 2881
344 1914
1636 2201
2201 231
1475 1860
1475 506
426 1230
426 533
426 2678
1230 2194
201 703
201 831
703 1250
703 1484
1007 6
2142 2567
2142 2213
2567 1986
2567 2392
985 2552
985 1440
1743 2821
1743 1688
1743 1455
194 1806
2724 2357
2724 713
4 2669
4 146
4 532
2233 2246
2233 1099
2476 227
129 1092
129 938
1092 2058
1092 1068
47 1956
1956 1913
1956 19
908 2550
908 2883
908 566
2550 784
2550 419
2648 1135
2648 790
1341 1363
1341 2417
1050 2899
2899 1843
1216 2028
1216 1108
2028 241
2028 64
578 954
578 2051
954 2428
2253 433
2253 713
560 1580
560 1840
1580 1615
1580 2422
2235 1865
271 2380
271 2306
271 2288
2380 2509
2380 2710
860 2595
860 331
2595 120
2595 2759
1841 517
2197 291
2197 2262
2025 691
2025 2008
777 2597
777 1518
2597 1922
2597 621
533 2071
2172 1208
513 1355
513 2459
513 1317
1355 1987
2719 2032
2719 656
2679 2720
1465 2430
971 190
815 2443
815 80
815 876
2443 711
2443 293
1694 453
2404 2109
111 1572
111 2218
1363 2017
1363 1237
893 1990
893 1507
1990 328
1990 1152
791 810
791 1815
791 1683
810 25
810 2291
163 424
424 2684
424 2325
179 525
179 2069
123 1928
123 2246
1928 387
1928 338
495 1162
495 1747
495 636
1162 11
256 651
256 1477
256 2495
651 2507
550 1401
213 2171
213 896
304 548
304 793
304 464
548 2854
562 2155
562 2547
2155 2118
2155 2782
348 2676
348 1894
2428 2301
1749 584
1749 2776
1221 229
1221 2441
1024 1920
1024 644
1024 1376
1920 2117
1920 1374
318 325
190 2031
190 1449
2255 164
2255 1960
412 755
412 2695
755 553
2194 2217
2354 1073
2731 2343
685 770
770 285
770 291
401 1011
401 1070
401 2870
1011 757
1011 1988
511 1142
511 720
1142 1090
1142 1354
215 2312
215 505
215 918
2312 2237
384 1187
384 288
384 2693
1187 825
1242 935
1242 2049
1923 2513
1923 2893
2513 1720
829 627
639 1822
639 2276
639 1612
1822 48
1822 1384
902 1558
902 345
902 1208
1558 236
2533 2518
746 1948
746 1962
1948 49
1948 2147
1357 2367
1357 385
1357 199
2367 1925
156 1179
1179 2291
1179 2083
1747 2851
525 1539
37 25
37 350
1814 1888
1857 2015
1857 258
1857 2160
2015 2046
1244 2620
1708 2072
1708 2071
2072 1439
2072 2143
832 1116
1639 1732
1639 1690
1980 1668
1250 1602
1602 555
1602 2699
938 220
535 2151
535 1958
2151 1531
543 1072
543 918
1520 2125
882 946
946 2897
2239 2876
2239 1856
2876 1224
2876 913
325 1932
325 121
1932 2410
1932 2459
86 2144
86 2692
2144 1461
428 1386
1386 159
1386 1640
804 2689
804 207
2689 2274
2689 2517
1531 2616
688 1840
203 1533
203 662
203 67
1533 559
790 2290
160 488
488 2641
411 1516
411 678
1466 1878
1878 464
689 2824
689 208
2824 514
2765 1055
2695 2176
1234 2803
1234 822
2803 2273
2803 1193
1309 2568
1309 2867
1972 2503
2503 1211
789 814
504 1237
504 1351
2638 2518
2694 2759
2694 960
2759 2330
899 2111
899 1354
1608 2083
1608 421
2518 2795
627 1164
627 150
1164 1004
1677 1382
1677 632
596 21
58 1830
1830 613
1830 1979
859 2224
859 2034
859 808
2224 2123
2224 993
1079 1324
1324 385
1324 699
1033 159
2336 701
998 471
634 2371
634 476
2371 2347
1823 1552
1823 716
2446 166
461 2708
461 1192
2708 460
2708 1318
2414 2826
2414 312
2414 1889
965 2656
965 2665
965 1951
2656 1480
2656 79
1473 2052
2113 54
72 211
1596 1964
1596 2395
1964 1090
842 1502
842 207
1502 2885
2517 1334
2214 2421
2214 952
204 1477
204 2035
2546 1073
2546 2791
626 2143
626 1631
2143 96
890 421
658 1037
481 1429
481 1200
2842 1279
2067 2754
2067 1138
2067 1108
2754 2011
2 1232
1 1416
1 238
1416 1182
474 1865
474 2031
1865 32
2279 940
2279 1190
20 2208
2885 1137
2291 625
2245 1438
2579 567
2579 873
132 2101
654 1423
654 757
1423 60
377 1523
377 2420
377 1087
1523 1939
1523 617
918 2081
2586 2212
2586 800
589 1559
589 1848
589 298
1559 1644
1559 2527
587 1778
587 930
587 931
1778 207
752 2260
752 419
2260 2137
2260 1427
2069 728
220 2383
913 2851
913 841
2851 1713
75 765
75 1121
800 2416
800 1804
2416 1103
2416 2616
33 1606
33 552
1606 2066
1069 2052
1069 1548
2052 1121
1441 2300
1441 386
2855 1825
2855 2777
2021 2090
2090 295
2090 1550
1595 1469
229 2316
1642 2322
1642 910
952 2141
952 1782
2141 463
175 148
633 2540
1193 1709
1709 301
2422 359
239 1204
2677 2801
2677 783
1146 2836
1146 1405
2046 656
1062 1109
1062 1829
1109 1825
1109 2600
446 2683
446 2610
2480 1163
211 2540
117 558
117 1087
558 785
793 206
793 2871
1828 2305
1828 59
1828 2535
2305 933
1564 462
838 2115
518 2806
518 1506
193 696
193 2300
696 2017
696 1655
2623 2117
460 2883
460 258
2883 1267
359 530
2619 2691
2619 764
114 897
114 1966
114 1740
897 407
1500 154
1500 138
1168 1657
745 1703
745 2051
745 400
1703 1974
1703 484
825 313
1614 139
92 881
2395 2537
2537 1622
792 1846
1351 1701
1992 347
1992 70
2246 2641
2827 225
2827 650
1135 937
119 1491
119 554
238 1235
238 2150
1138 1899
1138 2766
1899 84
2723 1890
2723 2657
1367 2625
1367 134
2625 110
108 1204
108 2343
108 471
1204 295
2004 472
524 773
524 1328
773 2125
773 1488
2704 1510
104 2391
104 2359
104 1854
2391 1860
2391 1284
1108 1318
1318 1854
1640 1927
187 2118
1057 2850
1057 2430
1057 1863
2850 388
2850 1008
79 263
22 2777
22 1301
2339 702
571 1356
2858 2174
288 1701
288 1628
563 2543
2543 2614
527 1866
527 136
527 1461
1866 2400
1866 2536
1662 574
811 2523
2400 843
732 923
732 1818
732 2384
923 2552
450 945
450 1488
450 1172
945 2043
2268 720
2573 2658
2573 487
935 1139
935 1588
1139 2299
1804 2720
2720 1546
841 994
295 2107
1121 2302
1727 2536
1727 406
2536 978
326 967
2368 2798
2368 932
2798 2330
115 1205
1768 2830
1768 809
1356 1581
1356 1649
2825 1152
2825 847
2833 559
2833 224
1715 803
2734 2477
2734 1010
25 1879
2146 2870
2146 590
1788 1993
1788 1114
1788 1260
1198 2608
1198 2807
2330 2807
2807 2613
2300 2780
1292 2359
1292 2426
870 2182
870 1493
2182 2347
1406 2231
1406 1150
1748 2042
1748 2852
2042 2265
1518 771
2065 2652
2065 1506
2065 345
2652 413
1986 2508
1986 2666
1910 1342
387 1576
387 1499
1576 73
1172 896
41 2745
41 2661
2745 2712
783 585
1874 1894
328 1346
328 1547
1346 2126
1346 1561
82 1321
82 595
1321 1683
1488 2054
140 2195
2358 2430
400 584
400 1158
584 1704
2210 2385
2210 1953
1407 2779
1032 2109
1032 269
1032 8
2109 1365
48 12
48 2665
1449 2806
1449 1037
2177 1116
1646 2417
1646 2022
1689 2787
1689 1396
2787 1944
788 2410
96 713
1207 2455
442 2348
442 2583
1538 2297
1538 2839
772 1889
772 2219
298 2306
491 210
655 1224
655 2801
655 499
1224 1880
2232 2566
311 1005
311 2562
1005 665
2801 1377
376 834
376 1446
2552 751
765 1966
9 316
9 1620
1881 2584
1881 1511
2584 159
2584 2752
1429 1929
1429 1517
1929 2034
1337 1307
1617 1782
1617 1918
1194 2273
1194 1103
776 2559
776 1493
2600 487
1651 53
1651 29
1492 1714
2730 2822
907 276
1757 95
1757 2582
600 2721
600 831
600 932
2721 366
1284 1547
1547 2684
714 1660
714 534
714 2836
1660 2299
455 2074
455 1238
2074 1389
1521 1150
2157 1620
105 1961
105 490
1961 1087
1961 407
1468 1484
1468 1842
1484 623
2273 2635
2635 988
1127 85
669 1508
669 848
669 278
1508 2129
1508 2099
138 2779
138 1320
1821 2340
716 1211
716 668
1211 1844
70 133
70 2323
133 1114
1805 1960
1805 538
2318 472
2276 933
1630 1631
1630 2768
1631 2810
206 2766
206 1593
1397 2183
1397 1371
2183 1307
2183 1399
143 1843
143 850
662 1295
662 1498
1913 2554
1913 241
1472 1514
1472 2763
1427 1332
2303 2699
2303 1678
2303 500
12 95
59 2640
59 1183
2640 2795
410 1369
1369 605
1702 2675
1702 2262
2675 171
2122 489
50 834
50 1046
50 224
834 1265
451 769
769 757
2620 1536
1439 98
1573 2301
1573 174
413 1151
413 699
1151 538
680 2169
680 466
2169 2690
2169 856
29 2208
29 978
2208 2036
542 1561
542 1008
1561 1376
2419 1347
2419 734
2049 1665
1697 881
1697 990
2542 2762
2542 2687
227 1405
1405 2335
2789 2799
2799 1949
278 324
278 188
503 2886
503 552
2886 795
2886 2334
930 574
930 1656
1090 813
1159 1650
1650 2702
1650 964
702 737
737 1731
737 2572
2250 1951
2250 1750
2359 1927
2709 2231
2709 1880
1289 247
98 1381
98 2044
2614 2283
795 2846
664 269
668 1128
672 285
2733 1294
2733 506
691 242
1909 1594
1909 478
2665 1965
803 1328
645 1687
2297 1294
2297 1690
967 2216
967 1303
2216 661
1552 2332
2251 1795
974 1846
974 2248
1846 721
1009 1884
1009 931
1382 1679
922 1018
922 1618
1018 1432
150 1158
678 32
636 2610
2610 302
881 1511
1511 1902
1411 959
1411 2710
1160 2703
1160 1756
1178 2755
482 327
1443 210
2226 1893
2226 1714
2237 249
1969 171
1732 2405
88 724
1731 2475
1501 2334
1501 2091
1855 1981
1855 2106
1855 350
2645 2150
2562 557
2562 165
476 1517
293 2099
2099 2746
590 665
590 2609
665 316
73 784
73 1780
784 2593
912 2514
2031 64
1215 1248
1215 748
1248 2252
1248 2882
2456 1287
2219 601
2421 2514
2514 1161
137 2129
137 2892
1030 1876
1030 781
1030 994
1876 1188
1876 2100
2666 182
54 1566
54 763
1566 2348
151 1907
151 346
151 822
1907 1618
347 1968
1968 1615
80 1209
80 659
1209 2752
1554 2641
2706 917
843 2712
843 964
231 709
231 901
709 1728
709 2390
862 1366
862 2128
1366 2438
246 1022
246 1116
1950 2762
1950 1144
1950 1604
1678 849
1678 429
650 1223
650 2352
1223 2091
285 2522
2522 2098
1299 2392
1299 856
249 1373
249 2804
1373 1536
2702 740
1338 2728
1338 802
1338 1035
2728 1314
500 2861
886 2747
886 2676
394 2137
1332 1679
605 2505
605 1412
1074 2509
1218 2848
1218 1016
1218 21
2129 2344
990 142
1201 1396
1375 915
2783 2272
2783 813
721 67
2343 2670
1170 950
2234 2152
2117 252
764 1158
764 679
1550 2130
2130 389
2130 282
617 1962
1962 901
648 1027
648 1658
2020 2690
2020 1572
2690 1446
2334 1056
2209 1507
1659 2302
1659 874
1659 2646
585 1925
601 1259
601 2897
1163 1700
1163 2243
2822 1988
1295 623
756 835
2174 1342
1780 1313
1548 2559
1879 1728
1023 2213
1023 2593
2213 2578
1668 2796
1514 917
49 924
49 530
924 1615
924 1687
1265 1252
174 1333
174 1438
1333 268
1333 2484
1888 2893
407 679
557 1527
1144 2838
2839 2323
2596 1447
305 2692
2692 1365
166 1365
166 1392
514 2452
1383 1557
1383 1177
1383 2104
1557 2810
1557 219
660 1267
574 1593
1412 1600
1412 2441
2410 2810
534 1790
1253 546
695 1114
695 1499
1469 2011
1469 1400
1046 470
1046 2376
1971 291
2684 538
1274 1196
837 1016
837 2463
382 701
382 1864
701 2646
1581 1448
1393 1524
1393 478
1859 555
517 2094
517 997
2094 1334
997 2044
1539 1818
1539 1055
1818 2098
2259 2180
1825 901
957 2588
2657 275
711 1815
1815 1644
1620 1470
953 718
953 373
1278 186
586 2314
586 2104
586 730
2775 575
2775 1235
134 1104
657 2374
2374 1166
2460 2283
126 1398
2376 2672
926 1861
926 646
1861 607
385 1919
99 275
2357 1864
1389 2000
1543 1829
429 1958
2123 302
2123 188
1686 1258
487 1506
473 2852
473 905
2452 439
544 748
748 1019
1795 2687
1795 1380
846 2248
846 371
2398 2401
302 2138
1182 850
968 742
269 2471
2471 2353
567 242
2630 1166
2385 76
2385 731
1951 1963
1674 1987
1674 2608
358 864
358 2057
358 71
2272 2275
373 763
373 61
763 2495
2231 1440
1400 2352
1400 2742
2509 141
850 369
1922 1314
2583 153
136 615
386 1047
386 1722
183 2036
183 1401
146 1331
146 506
1331 1710
470 1395
470 2287
76 1415
510 1461
966 153
1217 1849
2896 1700
2896 2107
230 2498
230 848
2498 2563
2243 2252
2243 2075
1268 241
168 180
2195 1777
874 2477
71 1342
1622 1402
1579 1161
1987 247
268 2236
2033 130
224 2804
2236 1474
2236 127
1739 1402
1458 1094
1458 1527
1665 2073
536 1004
536 1180
536 2715
1238 2316
1022 758
1496 2323
1908 1553
781 1711
1711 2680
2739 1154
2739 1119
1722 1812
2126 1174
170 2051
170 2352
170 1812
1827 802
1827 1395
2325 2563
237 2406
2406 1736
1811 2874
1965 2138
78 2727
1710 927
1073 2897
1448 1637
2880 433
2880 1045
2299 338
740 366
2180 808
1112 1021
802 844
1495 2757
1495 1263
2757 782
2757 2646
331 1380
2137 1001
2086 2523
2086 381
2086 1045
85 2582
1301 2378
751 2869
552 1186
615 1303
1594 1649
313 872
464 2572
1597 1867
1597 710
1260 2458
1260 2107
286 1205
1205 499
2176 352
873 1067
873 2615
2402 1914
389 1360
1893 1536
1893 2860
932 521
447 2327
447 774
2327 2106
2327 1241
2160 2707
2768 2871
2768 2527
1627 1963
1627 2218
1627 1844
1963 2500
263 1837
263 1931
2633 546
182 2286
2507 264
251 2128
251 521
2128 644
933 2035
1592 1394
1445 2649
139 1326
277 2265
277 152
2265 2411
1679 1059
1553 1590
1890 2057
2335 1058
2171 2593
2171 1637
2040 1058
2856 1262
661 835
661 814
835 950
236 141
1848 2353
1728 2852
1919 2555
1919 2549
2846 2384
21 831
1572 2286
813 1266
656 1298
471 1326
1312 840
1312 959
273 2363
196 1750
1126 1671
1126 1618
1126 528
1671 607
839 130
2838 2340
625 2588
625 1676
1752 2743
1752 127
2743 2744
646 1038
1953 2095
2095 478
264 1740
2150 2703
581 937
572 1736
1286 1902
1286 2800
1750 1252
1320 2080
2080 2147
2808 2892
1180 2463
1180 742
1067 2769
1067 528
2755 2795
2755 332
950 152
1394 1100
406 2009
2009 2189
2782 814
357 2830
357 2378
2788 2316
988 61
233 771
1235 2356
1101 700
1101 2874
242 1119
2661 2173
248 148
248 1190
2860 67
1259 6
1474 1068
2693 2340
840 1645
1252 1392
2442 671
121 290
121 489
290 1094
290 1263
1884 2707
1035 2022
2441 2073
1600 532
1600 2081
758 2796
1604 2680
1604 2636
1724 2769
2769 679
225 275
225 673
2464 673
2464 2701
623 350
1422 1914
1422 2535
2714 1720
2290 2892
2290 671
848 1241
2672 2705
2248 2116
2701 2189
782 381
2189 872
2678 1374
61 267
2154 2269
928 2667
928 1647
928 2615
2667 1303
1287 2111
1287 1361
2111 1361
2066 2114
2114 1402
118 2043
188 720
1644 1177
1307 554
700 1546
1704 2269
2594 186
489 2463
2258 477
734 38
1395 1756
553 915
8 1297
2874 346
1949 2401
1297 2100
1021 1298
1021 1864
2742 2830
2742 1380
2649 787
993 1588
787 2244
960 2348
960 2680
555 690
1754 2121
1754 463
595 2347
595 1290
1398 1504
1504 690
1504 2073
1100 2075
2075 1590
1119 499
1839 2461
371 1241
1374 1154
575 2527
2577 2555
2577 388
621 1188
366 186
849 2751
2390 421
978 2152
2705 2173
1655 1853
1853 2438
1010 2152
917 964
1931 219
2500 1038
2461 1166
865 1713
865 910
2465 2495
1001 2181
477 219
2776 2116
2744 2262
453 2043
2615 2778
2780 2547
141 1493
1186 2008
681 1842
681 1059
2549 2800
2800 896
1188 1455
1713 2861
2121 267
