900 1350
102 654
102 339
102 442
654 899
654 314
89 306
89 676
89 582
306 493
306 61
677 742
677 822
677 108
742 160
742 714
653 793
653 108
653 184
793 502
793 646
831 836
831 75
831 440
836 199
836 417
20 886
20 270
20 166
886 408
886 279
405 584
405 29
405 392
584 368
584 722
242 706
242 213
242 191
706 485
706 121
113 821
113 111
113 241
821 883
821 264
418 523
418 350
418 399
523 160
523 397
29 827
29 41
827 479
827 307
586 744
586 562
586 628
744 853
744 411
689 873
689 636
689 140
873 44
873 708
26 263
26 35
26 258
263 452
263 880
69 899
69 346
69 287
899 885
190 780
190 77
190 268
780 865
780 267
544 863
544 577
544 506
863 394
863 536
73 869
73 594
73 521
869 710
869 197
94 663
94 498
94 350
663 170
663 299
9 67
9 816
9 854
67 438
67 364
141 515
141 775
141 112
515 70
515 829
346 614
346 354
433 659
433 681
433 567
659 746
659 861
253 813
253 641
253 866
813 895
813 489
143 187
143 454
143 764
187 148
187 48
543 652
543 169
543 739
652 56
652 286
662 752
662 311
662 590
752 144
752 822
37 551
37 645
37 887
551 435
551 681
144 497
144 333
497 517
497 859
71 284
71 400
71 217
284 606
284 34
329 808
329 270
329 601
808 186
808 724
99 611
99 791
99 443
611 96
611 837
481 676
481 288
481 882
676 608
366 875
366 172
366 121
875 612
875 83
226 572
226 828
226 317
572 140
572 648
259 340
259 321
259 262
340 51
340 463
220 528
220 419
220 790
528 732
528 79
172 451
172 10
451 526
451 719
865 520
865 236
160 679
237 437
237 769
237 818
437 218
437 817
594 634
594 12
656 686
656 786
656 225
686 278
686 581
441 761
441 783
441 47
761 730
761 432
79 674
79 222
674 553
674 378
344 419
344 61
344 480
419 385
261 421
261 649
261 716
421 862
421 206
775 871
775 655
871 852
871 271
130 841
130 72
130 607
841 499
841 741
492 699
492 739
492 129
699 467
699 774
56 397
56 475
397 204
372 374
372 265
372 660
374 164
374 549
554 759
554 672
554 297
759 597
759 845
816 849
816 512
184 439
184 685
439 453
439 122
288 496
288 381
496 231
496 772
327 716
327 648
327 111
716 371
137 363
137 690
137 459
363 580
363 460
423 540
423 324
423 874
540 483
540 811
434 735
434 712
434 580
735 773
735 413
4 593
4 447
4 339
593 202
593 468
452 603
452 240
603 395
603 627
224 367
224 600
224 60
367 824
367 864
364 490
364 801
490 362
490 298
31 201
31 180
31 186
201 539
201 458
245 310
245 155
245 517
310 734
310 605
49 106
49 216
49 274
106 386
106 688
133 743
133 120
133 731
743 60
743 766
159 881
159 316
159 319
881 765
881 595
55 149
55 91
55 410
149 387
149 629
636 445
636 700
375 770
375 429
375 266
770 824
770 708
673 872
673 302
673 393
872 431
872 693
532 604
532 59
532 476
604 93
604 32
231 502
231 889
737 893
737 446
737 658
893 852
893 45
129 485
129 802
485 491
712 546
712 559
393 531
393 307
531 779
531 40
70 45
70 568
377 815
377 855
377 715
815 223
815 545
403 724
403 839
403 320
724 314
254 781
254 404
254 80
781 519
781 258
583 691
583 671
583 597
691 475
691 77
27 473
27 280
27 613
473 214
473 177
620 694
620 630
620 333
694 455
694 878
465 820
465 175
465 216
820 612
820 286
309 429
309 163
309 352
429 349
65 477
65 450
65 616
477 46
477 579
525 807
525 898
525 409
807 422
807 126
612 277
229 436
229 692
229 870
436 718
436 352
388 838
388 33
388 152
838 332
838 78
622 776
622 431
622 202
776 728
776 503
175 810
175 209
732 426
732 582
501 635
501 472
501 107
635 896
635 222
273 591
273 319
273 468
591 608
591 75
518 804
518 522
518 379
804 521
804 692
75 463
463 165
623 740
623 415
623 373
740 0
740 246
779 627
779 150
333 22
270 809
562 238
562 178
526 391
526 861
174 626
174 440
174 282
626 41
626 897
260 629
260 11
260 208
629 885
109 762
109 670
109 768
762 667
762 318
383 736
383 321
383 599
736 545
736 396
337 360
337 82
337 830
360 241
360 267
59 707
59 610
108 297
590 805
590 592
805 878
805 396
124 252
124 195
124 6
252 342
252 574
170 219
170 210
219 456
219 42
508 772
508 733
508 111
772 537
171 858
171 495
171 255
858 353
858 705
519 730
519 86
632 658
632 392
632 627
658 701
483 535
483 232
535 650
535 850
105 769
105 783
105 853
769 484
328 432
328 666
328 826
432 50
493 47
493 404
222 853
571 684
571 321
571 415
684 438
684 835
228 839
228 753
228 812
839 563
275 542
275 250
275 255
542 868
542 233
476 757
476 36
639 675
639 565
639 533
675 51
675 503
672 708
672 889
799 812
799 505
799 621
812 478
557 870
557 313
557 225
870 713
51 244
244 890
244 637
598 642
598 176
598 396
642 110
642 198
521 269
74 264
74 19
74 469
264 876
326 565
326 348
326 856
565 235
371 443
371 179
271 778
271 420
778 365
778 541
475 884
215 239
215 290
215 348
239 845
239 413
379 576
379 618
576 1
576 427
38 54
38 527
38 651
54 384
54 790
267 680
6 479
6 256
479 880
7 66
7 771
7 169
66 478
66 631
431 96
269 825
269 443
825 266
825 14
283 500
283 842
283 19
500 335
500 153
320 647
320 301
647 119
647 664
45 727
185 193
185 47
185 411
193 123
193 678
464 548
464 205
464 153
548 529
548 1
384 2
384 331
93 733
93 207
299 709
299 682
709 734
709 300
278 773
278 323
304 824
304 889
304 285
0 678
0 362
678 609
140 832
456 655
456 179
57 394
57 480
57 701
394 211
196 589
196 209
196 588
589 262
589 338
350 192
314 407
249 335
249 359
249 704
335 810
125 794
125 18
125 771
794 573
794 887
681 358
81 787
81 206
81 351
787 438
787 442
634 90
634 857
606 874
606 203
874 504
319 353
248 491
248 177
248 896
491 796
402 549
402 561
402 178
549 480
138 625
138 176
138 811
625 214
625 305
852 823
645 721
645 100
721 34
721 401
601 163
601 134
883 68
883 97
272 332
272 345
272 495
332 182
356 703
356 727
356 334
703 478
703 621
119 354
119 380
502 785
362 559
783 417
257 702
257 522
257 504
702 607
702 560
898 25
898 855
404 386
202 455
573 16
573 165
132 414
132 104
132 289
414 212
414 300
255 750
750 207
750 122
21 848
21 77
21 733
848 602
848 614
746 758
746 183
758 697
758 413
553 592
553 566
592 312
516 790
516 533
516 602
155 668
155 90
668 52
668 92
613 844
613 561
844 888
844 227
420 449
420 897
449 633
449 513
62 741
62 811
62 349
741 517
417 789
789 575
789 563
296 679
296 88
296 235
679 665
365 385
365 14
84 765
84 595
84 211
765 169
705 819
705 511
819 131
819 587
64 148
64 822
64 42
148 777
250 428
250 670
52 274
52 707
467 538
467 369
538 426
538 128
223 445
223 545
602 147
61 800
577 325
577 395
103 117
103 882
103 189
117 669
117 241
558 777
558 30
558 76
777 461
784 860
784 110
784 697
860 814
860 828
323 614
323 305
650 435
650 39
692 862
862 17
210 444
210 550
444 796
444 406
453 631
453 218
498 118
498 167
454 661
454 578
661 153
661 2
50 644
50 837
644 459
644 41
796 818
251 338
251 14
251 457
338 230
90 135
814 785
814 474
888 330
888 412
887 484
446 698
446 313
698 95
698 112
1 461
162 530
162 747
162 617
530 203
530 281
580 563
205 98
205 494
262 564
216 212
126 728
126 23
728 317
158 797
158 336
158 5
797 44
797 28
368 756
368 40
756 867
756 524
427 657
427 341
16 713
16 307
713 230
200 534
200 474
200 116
534 208
534 115
182 745
182 582
745 324
745 211
127 809
127 513
127 348
809 303
411 488
488 8
488 856
192 795
192 277
795 430
795 28
183 667
183 240
786 695
786 768
92 564
92 24
564 289
17 570
17 638
570 265
570 256
753 798
753 352
390 486
390 194
390 58
486 714
486 121
213 710
213 690
710 145
114 322
114 637
114 828
322 800
322 188
301 859
301 234
859 297
43 298
43 295
43 660
298 181
180 197
180 317
157 670
157 243
157 425
163 44
98 355
98 513
355 751
355 891
96 509
351 657
351 552
657 466
23 68
23 246
68 395
435 730
34 727
315 325
315 569
315 651
325 833
5 428
5 782
428 282
308 731
308 798
308 539
731 285
897 72
524 849
524 142
849 891
176 279
13 410
13 204
13 892
410 829
240 773
280 345
280 347
345 305
173 398
173 165
173 555
398 823
398 151
88 361
88 295
714 806
199 392
199 617
324 470
810 341
608 39
667 204
63 504
63 791
63 179
97 380
97 212
380 161
168 669
168 334
168 785
669 230
690 894
894 294
894 234
294 546
294 512
82 154
82 166
447 615
447 209
615 450
615 198
386 748
748 83
748 494
701 760
760 238
760 729
46 191
46 568
191 506
145 313
145 597
104 343
104 291
387 749
387 599
749 792
749 751
101 880
101 884
101 311
462 599
462 468
462 258
24 782
24 470
782 559
95 665
95 537
135 505
135 660
505 359
80 389
80 218
389 788
389 624
561 695
607 729
729 649
399 700
399 704
700 33
633 638
633 610
638 440
227 300
227 343
78 357
78 42
357 798
357 370
751 302
76 167
76 274
167 868
33 15
238 154
100 646
100 22
646 236
455 766
450 247
234 353
527 711
527 460
445 801
801 221
378 711
378 541
711 457
459 556
556 680
556 537
116 482
116 416
482 460
482 648
30 878
30 514
509 866
509 890
707 725
177 842
842 547
35 683
35 640
630 369
630 146
665 287
503 868
539 181
166 581
581 664
91 407
91 877
407 720
823 619
533 107
617 867
867 890
161 358
161 416
358 579
695 857
569 826
569 236
826 833
833 846
312 877
312 471
877 276
15 510
15 424
510 370
510 715
771 232
197 522
651 507
115 834
115 28
834 131
834 469
546 268
426 349
11 835
11 186
529 600
529 136
600 803
131 48
156 763
156 829
156 150
763 845
763 850
277 339
382 846
382 738
382 276
846 757
112 276
596 747
596 806
596 381
747 616
671 697
671 291
385 235
587 687
587 655
847 895
847 86
847 628
895 550
471 316
471 624
416 150
19 369
409 188
409 330
791 487
232 203
499 683
499 818
683 719
110 754
293 843
293 803
293 290
843 726
843 217
195 457
195 680
448 637
448 376
448 139
265 879
122 472
472 178
208 512
715 837
233 425
233 619
425 555
685 282
685 194
289 850
330 281
18 243
18 147
243 3
2 422
25 507
25 739
879 118
879 640
181 247
247 406
128 766
128 806
285 520
536 560
536 788
560 567
605 696
605 287
696 8
696 347
347 154
575 857
575 373
415 87
359 726
412 87
412 621
292 334
292 302
292 221
484 134
3 316
3 885
8 861
422 830
830 687
134 764
336 618
336 256
618 164
142 151
142 342
147 474
221 408
408 12
682 882
682 401
792 725
792 424
194 803
800 723
424 120
286 738
738 725
578 802
578 120
802 717
718 640
718 854
687 768
225 123
876 788
876 188
361 400
361 281
400 754
39 641
86 649
616 774
118 585
12 489
489 487
343 22
198 72
487 151
514 585
514 10
555 755
246 318
495 266
458 588
458 370
588 461
855 720
206 717
717 757
291 568
541 864
864 331
507 722
722 466
152 494
152 214
720 373
401 851
567 318
704 840
840 466
840 53
40 10
866 643
643 290
643 189
381 664
58 189
58 123
585 511
506 726
609 470
609 430
32 666
32 331
666 896
83 279
520 207
376 85
376 146
856 342
579 391
60 755
610 217
891 723
430 754
884 303
734 566
391 139
688 107
688 832
547 817
547 774
817 354
764 767
628 36
854 552
574 631
574 767
341 442
268 85
164 624
311 693
851 136
851 693
303 139
48 295
136 85
641 892
755 406
552 767
892 719
550 53
723 469
36 619
53 146
832 566
87 835
511 595
