1300 1950
531 688
531 988
531 554
688 157
688 858
446 1138
446 1115
446 386
1138 594
1138 524
781 979
781 362
781 772
979 370
979 916
881 1066
881 333
881 263
1066 1001
1066 250
734 867
734 1116
734 685
867 276
867 306
306 340
306 1251
340 1121
340 926
184 351
184 828
184 334
351 15
351 1017
724 853
724 760
724 1126
853 270
853 700
536 1031
536 593
536 861
1031 99
1031 778
388 904
388 1116
388 1081
904 354
904 533
333 968
333 508
968 680
968 1231
1064 1187
1064 233
1064 483
1187 384
1187 335
102 281
102 736
102 254
281 696
281 398
436 535
436 911
436 23
535 1161
535 1082
575 730
575 939
575 1164
730 1256
730 699
244 630
244 1035
244 837
630 1126
630 1
475 908
475 658
475 663
908 52
908 618
43 231
43 528
43 864
231 1061
231 445
54 506
54 419
54 46
506 578
506 857
70 1088
70 41
70 956
1088 1235
1088 728
428 832
428 919
428 343
832 1293
832 517
145 1267
145 1010
145 1054
1267 393
1267 324
157 338
157 637
338 1157
338 165
1115 479
1115 134
740 1067
740 918
740 1255
1067 1019
1067 411
215 953
215 604
215 222
953 661
953 595
1047 1075
1047 409
1047 293
1075 860
1075 1024
1254 1288
1254 1116
1254 660
1288 1063
1288 1238
33 1062
33 522
33 112
1062 751
1062 892
199 1094
199 23
199 1157
1094 139
1094 562
136 400
136 691
136 516
400 593
400 508
895 977
895 1273
895 857
977 1196
977 876
186 666
186 1071
186 336
666 265
666 50
93 209
93 1159
93 152
209 356
209 83
1005 1114
1005 393
1005 61
1114 620
1114 595
936 1280
936 640
936 1216
1280 833
1280 1182
527 1224
527 502
527 589
1224 1234
1224 443
314 522
314 218
314 829
522 174
265 40
265 63
46 399
46 854
399 670
399 884
27 1023
27 498
27 1098
1023 74
1023 928
818 1144
818 453
818 318
1144 720
1144 1043
332 347
332 1112
332 1003
347 1257
347 939
521 1266
521 47
521 570
1266 1008
1266 344
541 1244
541 117
541 869
1244 1120
1244 675
916 1121
916 279
1121 1109
225 1124
225 1236
225 247
1124 190
1124 1171
226 1089
226 907
226 586
1089 378
1089 883
882 1128
882 634
882 366
1128 497
1128 996
254 513
254 416
513 187
513 1273
208 662
208 249
208 56
662 743
662 401
211 1225
211 313
211 898
1225 42
1225 795
457 463
457 14
457 1209
463 634
463 1013
317 1243
317 3
317 642
1243 716
1243 183
712 1098
712 66
712 652
1098 80
109 131
109 430
109 1156
131 915
131 1013
468 1232
468 1125
468 437
1232 569
1232 438
94 676
94 852
94 703
676 1285
676 308
617 866
617 668
617 1039
866 989
866 1216
56 1287
56 1198
1287 899
1287 467
52 28
52 236
108 1105
108 421
108 667
1105 558
1105 1033
146 1217
146 263
146 242
1217 129
1217 762
863 1272
863 224
863 379
1272 217
1272 153
179 985
179 1270
179 729
985 222
985 647
669 1141
669 1255
669 1080
1141 393
1141 462
101 391
101 1154
101 949
391 1259
391 385
243 1149
243 553
243 113
1149 692
1149 1026
786 1168
786 339
786 760
1168 375
1168 283
41 1200
41 649
1200 488
1200 445
251 601
251 1133
251 1188
601 865
601 670
138 315
138 651
138 534
315 723
315 594
79 903
79 1198
79 1188
903 1083
903 529
467 899
467 448
899 1271
206 449
206 182
206 280
449 363
449 723
792 1104
792 682
792 822
1104 471
1104 919
310 686
310 787
310 837
686 178
686 271
911 592
911 839
503 821
503 245
503 798
821 1130
821 214
166 678
166 799
166 337
678 511
678 982
13 585
13 1169
13 1234
585 710
585 1074
524 1289
524 1177
1289 35
1289 327
989 403
989 1022
741 994
741 1193
741 309
994 1154
994 657
103 1152
103 156
103 433
1152 1150
1152 328
174 538
174 847
538 598
538 518
450 967
450 770
450 620
967 708
967 190
104 559
104 40
104 1240
559 1203
559 1038
64 257
64 153
64 1189
257 300
257 1173
66 85
66 528
489 815
489 752
489 305
815 105
815 444
799 382
799 614
151 490
151 646
151 488
490 356
490 1102
644 917
644 706
644 63
917 796
917 548
227 894
227 910
227 583
894 567
894 20
5 701
5 1078
5 1123
701 1069
701 753
479 722
479 335
593 579
807 831
807 1003
807 907
831 659
831 421
370 277
370 7
488 672
421 684
360 1014
360 1008
360 1110
1014 1022
1014 1195
377 429
377 1237
377 196
429 165
429 100
939 119
37 626
37 1070
37 685
626 1137
626 1299
1160 1220
1160 1102
1160 981
1220 829
1220 744
172 176
172 74
172 18
176 928
176 1166
207 1186
207 557
207 1252
1186 909
1186 316
229 1241
229 173
229 1151
1241 946
1241 344
308 451
308 1294
451 1113
451 795
1022 212
115 581
115 592
115 39
581 1157
581 212
394 1048
394 260
394 517
1048 1204
1048 659
74 549
549 1156
549 292
30 851
30 1170
30 509
851 609
851 746
512 1040
512 1140
512 358
1040 316
1040 804
32 552
32 558
32 771
552 597
552 755
793 910
793 596
793 824
910 1158
938 1148
938 92
938 860
1148 941
1148 1000
834 947
834 885
834 390
947 71
947 1194
759 1182
759 325
759 591
1182 925
403 1079
403 1258
409 920
409 424
920 982
920 932
825 1127
825 1164
825 709
1127 963
1127 1229
57 352
57 1055
57 1100
352 1028
352 648
811 963
811 995
811 232
963 302
589 707
589 491
707 430
707 602
170 1132
170 1239
170 987
1132 395
1132 657
1150 112
1150 784
65 212
65 486
65 342
255 718
255 929
255 1063
718 564
718 247
73 561
73 1180
73 267
561 990
561 404
445 1107
1107 345
1107 466
402 471
402 112
402 940
471 177
952 1060
952 35
952 862
1060 193
1060 909
1069 564
1069 160
1237 927
1237 633
266 732
266 591
266 507
732 359
732 201
458 673
458 855
458 682
673 188
673 460
902 915
902 935
902 95
915 771
558 197
628 675
628 720
628 769
675 171
927 425
927 608
155 1166
155 906
155 1240
1166 670
233 411
233 532
411 213
15 597
15 1278
597 948
641 1139
641 801
641 1135
1139 919
1139 998
557 651
557 1291
651 613
382 1091
382 1137
42 1218
42 1191
82 1032
82 999
82 753
1032 812
1032 228
545 942
545 850
545 1084
942 794
942 599
325 656
325 748
143 782
143 1256
143 900
782 295
782 544
9 410
9 797
9 368
410 1118
410 580
482 742
482 715
482 290
742 1190
742 127
96 1201
96 633
96 367
1201 237
1201 1270
532 98
532 1181
785 1045
785 425
785 1029
1045 75
1045 29
464 810
464 847
464 897
810 329
810 77
92 99
92 1015
47 339
47 319
91 1122
91 924
91 735
1122 1118
1122 1019
720 1170
1137 180
860 501
327 840
327 1290
840 991
840 312
941 761
941 841
461 1185
461 1018
461 774
1185 877
1185 289
1004 1204
1004 194
1004 746
1204 1221
687 1268
687 3
687 481
1268 721
1268 749
34 480
34 148
34 612
480 543
480 719
349 455
349 612
349 886
455 486
455 487
11 576
11 932
11 320
576 619
576 137
275 277
275 4
275 929
277 704
173 121
173 668
311 608
311 441
311 843
608 865
203 517
203 1059
203 1255
553 1034
553 750
551 706
551 1136
551 1142
706 1226
528 505
619 408
619 983
335 1230
1230 25
1230 87
354 426
354 4
426 420
426 887
150 776
150 262
150 791
776 566
776 962
71 483
71 748
483 847
142 772
142 634
142 162
772 933
956 1285
956 1054
1285 1073
462 862
462 1252
862 76
486 1219
1219 1145
1219 253
748 1131
375 485
375 372
485 386
485 44
219 646
219 167
219 139
646 1133
612 1215
1215 889
1215 84
1093 1259
1093 189
1093 416
1259 1282
964 1145
964 603
964 289
1145 195
584 595
584 406
584 988
299 1249
299 627
299 901
1249 582
1249 122
181 884
181 478
181 758
884 574
1018 836
1018 615
642 950
642 539
950 336
950 133
434 921
434 933
434 22
921 758
921 519
565 846
565 780
565 1173
846 291
846 767
367 373
367 169
373 604
373 456
50 923
50 1171
839 1006
839 17
1006 656
1006 664
852 969
852 729
611 733
611 1044
611 900
733 216
733 472
441 639
441 913
594 365
1037 1070
1037 301
1037 613
1070 220
656 1222
909 544
1193 719
1193 978
975 1131
975 12
975 817
1131 624
999 278
999 991
121 692
121 1140
546 874
546 258
546 384
874 48
874 1167
6 106
6 976
6 59
106 875
106 1055
374 1027
374 307
374 791
1027 331
1027 1065
363 609
363 116
609 322
175 1083
175 107
175 1079
1083 809
237 878
237 931
878 880
878 270
1033 1077
1033 1087
1077 1181
1077 38
336 362
362 789
1034 1271
1034 1177
183 1172
183 477
1172 49
1172 912
796 1286
796 849
1286 246
1286 326
509 555
509 1229
555 640
555 270
988 343
591 1002
1002 1284
1002 537
38 826
38 387
826 627
826 791
359 996
359 177
337 423
337 259
4 697
770 232
770 761
661 605
661 1222
1256 515
752 848
752 1102
848 949
848 165
296 568
296 943
296 971
568 548
568 766
1226 1181
1226 1281
298 757
298 648
298 924
757 607
757 1028
385 496
385 77
496 603
496 194
570 1036
570 111
1036 976
1036 643
316 507
1096 1231
1096 1196
1096 664
1231 1125
684 303
684 779
654 1035
654 554
654 1205
1035 502
689 764
689 1271
689 425
764 892
764 1015
77 573
161 235
161 466
161 291
235 827
235 55
53 1196
53 163
53 1119
478 413
478 762
120 1222
120 100
120 841
279 986
279 305
986 838
986 1111
639 1277
639 837
766 844
766 58
844 200
844 239
995 1123
995 448
976 438
650 898
650 605
650 1086
898 272
1001 1092
1001 202
1092 481
1092 133
280 1072
280 401
1072 1142
1072 1086
940 1118
940 813
502 861
892 1147
865 944
944 683
944 322
408 381
408 437
980 1190
980 365
980 14
1190 114
600 789
600 472
600 850
789 246
442 1106
442 453
442 982
1106 1275
1106 648
194 1252
61 556
61 0
218 1188
218 1007
295 1208
295 660
1208 937
1208 334
272 587
272 372
587 573
587 67
252 492
252 361
252 1073
492 69
492 1101
790 1299
790 98
790 918
1299 500
683 725
683 543
599 1210
599 511
1210 36
1210 756
437 1297
1297 1081
1297 167
504 829
504 51
504 525
346 392
346 745
346 873
392 97
392 1176
69 961
69 965
876 966
876 376
966 180
966 1174
10 1080
10 779
10 228
1080 318
213 1296
213 493
1296 1038
1296 907
420 637
420 955
297 1295
297 185
297 353
1295 301
1295 735
716 833
716 1294
833 978
453 868
868 230
868 342
780 484
780 800
1142 1203
887 474
887 696
1235 319
1235 622
304 1010
304 1012
304 1059
1010 1059
711 1248
711 26
711 926
1248 1111
1248 84
843 1175
843 632
1175 1294
1175 1205
725 774
725 888
774 1112
168 182
168 62
168 135
182 250
98 625
624 1136
624 893
1136 783
809 1298
809 1293
1298 767
1298 621
329 795
329 62
223 383
223 158
223 984
383 896
383 1085
193 769
193 358
769 1134
856 970
856 149
856 19
970 727
970 361
1061 1016
1061 130
614 1253
614 1129
640 343
401 681
871 1214
871 721
871 924
1214 1162
1214 154
511 768
880 1147
880 192
984 1276
984 1180
1276 1176
1276 1245
649 274
649 75
1163 1278
1163 672
1163 7
1278 144
1133 959
246 505
1082 1290
1082 794
1290 99
149 592
149 693
67 1052
67 864
1052 440
1052 60
380 1283
380 1129
380 160
1283 75
1283 823
636 943
636 454
636 1281
943 460
25 677
25 891
677 885
677 1282
51 698
51 1076
698 1178
698 1262
623 1269
623 348
623 195
1269 605
1269 973
886 571
886 494
159 1171
159 1206
159 556
24 946
24 113
24 1019
946 381
672 1236
499 681
499 1016
499 1239
681 1147
376 384
376 97
21 419
21 1246
21 653
419 500
16 978
16 379
16 369
1154 204
127 1074
127 1161
1074 1167
305 931
23 945
477 518
477 302
518 699
224 622
224 870
750 1058
750 705
1058 901
1058 128
671 914
671 414
671 507
914 163
914 330
284 1179
284 202
284 125
1179 469
1179 1057
2 935
2 162
2 598
935 530
745 200
745 1195
331 845
331 221
845 210
845 1009
118 737
118 633
118 390
737 476
737 404
62 1095
83 1130
83 45
1130 900
40 830
107 495
107 534
1086 905
220 726
220 1119
726 31
726 806
765 934
765 667
765 1041
934 1159
934 1049
319 1113
1113 569
816 1165
816 804
816 805
1165 1085
1165 81
1129 341
86 273
86 812
86 1013
273 1240
273 533
19 857
19 604
682 583
345 110
345 632
635 717
635 806
635 822
717 638
717 137
216 427
216 268
348 838
348 1158
1140 447
668 625
761 859
577 1120
577 125
577 1056
1120 160
1081 1042
548 147
1291 948
1291 873
695 1261
695 469
695 969
1261 543
1261 389
187 562
187 530
562 290
1169 497
1169 283
12 1053
12 1211
933 574
452 981
452 1207
452 45
981 515
618 1279
618 398
1279 31
1279 738
90 1159
90 245
90 751
674 1030
674 820
674 88
1030 460
1030 124
697 1199
697 1251
1199 443
1199 178
1125 396
996 435
1053 1184
1053 171
1184 573
1184 859
1156 533
48 808
48 1229
413 435
413 1233
721 918
232 1212
262 1099
262 869
1099 1223
1099 366
637 144
508 751
556 606
638 320
638 667
125 501
1079 368
692 836
569 702
702 529
702 386
484 693
484 974
794 1274
288 432
288 60
288 925
432 1100
432 395
18 571
18 1
571 864
960 1239
960 269
960 566
929 923
185 339
185 1110
261 972
261 1292
261 788
972 830
972 957
162 621
621 126
14 827
889 647
889 602
7 189
189 788
560 896
560 200
560 407
896 727
202 912
358 1026
1026 514
148 663
148 407
925 1173
784 1134
784 116
1134 957
153 364
364 783
364 550
416 694
178 293
1253 787
1253 406
476 645
476 547
645 323
645 727
663 771
287 1123
287 763
287 1065
259 652
259 140
652 110
3 355
147 819
147 282
819 890
819 849
893 76
893 514
923 28
901 525
500 714
714 459
714 830
470 1100
470 78
470 1021
806 906
906 997
465 1021
465 801
465 1223
1021 653
105 715
105 190
715 700
1162 291
1162 693
466 1197
85 736
85 797
736 396
495 800
495 241
1246 632
1246 192
395 404
912 312
743 858
743 655
858 95
424 342
424 1046
567 1046
567 217
1046 824
76 1153
435 309
1178 191
1178 991
959 124
959 647
405 696
405 930
405 491
783 992
820 951
820 238
303 474
303 1029
368 879
372 456
992 973
992 230
877 418
877 835
132 802
132 72
132 357
802 1084
802 580
620 520
606 987
606 616
987 469
60 1039
586 937
586 221
564 990
990 130
1015 1250
808 242
808 390
596 1183
596 294
690 949
690 955
690 813
250 961
397 1078
397 263
397 328
1078 694
1206 691
1206 141
313 309
313 1221
307 775
307 883
775 520
775 26
540 897
540 350
540 957
897 292
269 519
269 240
519 974
1236 1090
812 300
520 447
1063 1017
516 1155
516 814
1155 398
1155 1007
804 1213
1213 415
1213 598
1180 58
1012 777
1012 1042
110 282
659 111
242 625
440 378
440 801
1054 163
1068 1151
1068 49
1068 993
1151 129
842 1073
842 824
842 731
493 1273
493 1192
282 574
1223 448
1292 1212
1292 814
39 196
39 530
196 838
36 497
36 1038
768 1016
768 962
501 414
610 1189
610 827
610 1050
1189 128
356 875
841 744
326 1076
326 330
387 1265
387 1257
1265 1228
1265 381
583 1183
578 922
578 813
134 563
134 779
563 631
563 1084
879 487
879 1260
137 439
797 427
1161 1270
723 945
1242 1262
1242 1117
1242 817
1262 1218
260 378
260 1221
247 1119
788 945
869 192
665 728
665 248
665 710
728 1264
158 756
158 582
1024 739
1024 357
719 321
271 1103
271 1003
1103 122
1103 1056
292 754
607 872
607 974
872 240
872 1274
590 1228
590 1051
590 777
1228 293
97 197
800 523
622 888
888 286
1258 389
1258 129
657 422
755 1008
755 264
427 230
487 997
80 1202
80 873
705 1007
705 1011
245 494
418 870
418 655
870 498
928 1250
474 1
1076 278
228 709
709 747
188 141
188 523
322 1247
1247 249
1247 1095
854 26
854 238
141 1051
653 777
835 1135
835 655
1135 152
100 128
680 195
680 1207
691 286
905 350
905 859
31 787
406 89
341 510
341 891
350 1281
217 276
276 8
1110 1227
267 1284
267 955
1051 1097
439 739
439 330
739 135
542 1011
542 117
542 459
1011 1227
68 417
68 197
68 1250
417 365
417 1183
756 937
627 324
320 1192
658 1042
658 443
572 1039
572 1264
572 1263
355 1041
355 890
1041 20
8 817
8 29
456 389
88 1191
88 180
1191 798
1195 414
814 930
431 1264
431 537
431 1212
965 1091
965 171
1091 221
241 731
241 72
731 930
87 444
87 1055
444 547
353 828
353 422
828 396
113 1112
116 123
312 505
264 1044
264 1202
491 510
510 932
49 379
685 629
629 1234
629 423
803 861
803 579
803 205
744 156
1043 1202
1043 883
124 1017
700 746
301 1117
29 169
169 754
78 526
78 1101
694 1009
580 328
1056 256
773 1117
773 204
773 1211
44 1087
44 55
1087 438
514 855
1097 473
1097 699
222 324
481 1101
473 248
473 191
318 722
1275 778
1275 472
579 855
539 1164
539 890
1274 1143
554 704
1095 566
747 969
747 454
167 22
240 177
126 534
126 1057
154 0
154 1000
1044 722
72 1205
198 582
198 983
198 631
836 875
300 334
290 1176
738 954
738 913
954 1065
954 361
523 234
529 1109
1109 407
537 823
708 1233
708 164
1170 660
778 369
822 236
515 922
922 1209
35 550
550 81
152 961
1009 891
249 1143
204 713
430 1293
139 643
643 615
805 998
805 613
998 1216
45 1263
704 951
951 302
749 958
749 703
958 526
958 422
931 971
971 28
1218 602
1257 447
1143 344
63 1025
1025 1227
1025 258
1029 1146
1146 412
1146 114
962 248
58 1197
214 1198
214 758
798 236
459 59
710 239
239 526
59 371
371 191
371 205
603 156
525 993
201 926
201 664
22 285
285 205
285 1194
0 1192
713 849
713 1049
1282 366
164 1020
164 274
1020 289
1020 823
1000 89
256 321
256 133
321 948
498 412
997 1174
130 754
278 1153
1153 753
1049 55
547 1108
17 1090
17 885
1090 1260
1111 95
1238 140
1238 679
1209 323
615 357
1028 762
117 1167
1263 294
760 1245
1245 114
111 494
983 210
763 415
763 631
140 1197
850 274
415 89
616 1203
616 412
1085 1174
81 1233
913 1211
544 20
258 234
703 286
283 123
253 588
253 423
588 122
588 268
294 234
454 1108
1108 433
210 119
119 433
84 1277
1277 1071
323 135
973 679
1284 1050
993 1194
1158 1260
679 735
238 369
1050 268
1071 144
729 1207
1177 1251
767 123
1126 1057
