2400 3600
170 560
170 1309
170 971
560 1384
560 971
1853 1900
1853 1370
1853 1062
1900 17
1900 230
1078 2398
1078 1918
1078 598
2398 1416
2398 1641
1397 1849
1397 1152
1397 90
1849 2219
1849 427
1195 2043
1195 1104
1195 1922
2043 492
2043 778
191 1257
191 94
191 1821
1257 148
1257 245
674 1225
674 502
674 2040
1225 2310
1225 1482
1220 2073
1220 747
1220 1835
2073 1732
2073 661
386 858
386 2239
386 2134
858 1340
858 2244
704 1662
704 448
704 485
1662 575
1662 2184
216 2253
216 1948
216 1999
2253 1677
2253 2120
1376 2320
1376 512
1376 95
2320 625
2320 1895
559 1015
559 1488
559 2008
1015 487
1015 1892
364 919
364 56
364 2390
919 1422
919 1633
1980 2206
1980 849
1980 1289
2206 691
2206 2352
1339 1764
1339 942
1339 128
1764 819
1764 425
53 2375
53 235
53 2155
2375 1554
2375 2229
136 832
136 2386
136 1880
832 512
832 1292
838 1104
838 1606
838 1037
1104 907
413 552
413 890
413 2083
552 25
552 429
153 1001
153 1776
153 56
1001 768
1001 651
1616 1929
1616 115
1616 211
1929 1116
1929 995
41 1583
41 1679
41 1206
1583 1499
1583 480
1842 1863
1842 1248
1842 1502
1863 1304
1863 1598
17 1041
17 43
793 2121
793 1147
793 706
2121 1474
2121 1711
613 842
613 872
613 1669
842 360
842 2385
121 2137
121 727
121 684
2137 1096
2137 1612
1168 2147
1168 471
1168 81
2147 1396
2147 1683
204 1726
204 2164
204 1484
1726 1085
1726 1959
608 1401
608 1787
608 1251
1401 1011
1401 644
1064 2355
1064 1905
1064 709
2355 757
2355 814
550 822
550 1827
550 481
822 362
822 759
588 2246
588 195
588 1160
2246 516
2246 2079
122 524
122 1553
122 2282
524 1774
524 271
319 2201
319 747
319 1635
2201 1640
2201 2239
84 1172
84 225
84 1510
1172 1047
1172 83
159 1840
159 677
159 1884
1840 1477
1840 1082
1880 1974
1880 1798
1974 928
1974 351
1444 1938
1444 911
1444 2332
1938 771
1938 1791
230 1572
230 1874
1931 2205
1931 1516
1931 1866
2205 120
2205 610
1644 1883
1644 64
1644 1206
1883 253
1883 402
426 2220
426 1470
426 482
2220 1983
2220 35
253 1956
253 1602
147 553
147 1945
147 2018
553 1497
553 1203
88 1407
88 1786
88 68
1407 1039
1407 2284
914 2123
914 848
914 1110
2123 664
2123 1872
696 1406
696 1909
696 366
1406 1464
1406 472
314 1978
314 1163
314 703
1978 1165
1978 152
5 60
5 678
5 86
60 391
60 1034
1598 1623
1598 2136
1623 1869
1623 1631
519 1593
519 926
519 2274
1593 2053
1593 917
1256 1514
1256 639
1256 2349
1514 2161
1514 681
437 1560
437 1363
437 1865
1560 2370
1560 796
2386 1010
2386 666
777 1745
777 1907
777 948
1745 2009
1745 1128
1787 2108
1787 1731
334 1584
334 2345
334 23
1584 1889
1584 1682
1729 2228
1729 264
1729 1004
2228 1181
2228 498
2278 2370
2278 1070
2278 624
2370 785
1301 1750
1301 484
1301 611
1750 1087
1750 991
301 1672
301 509
301 1335
1672 1135
1672 2118
1247 1779
1247 544
1247 1482
1779 1786
1779 2358
1599 2118
1599 1658
1599 672
2118 1665
1163 1816
1163 2154
1816 1014
1816 1739
985 2304
985 779
985 961
2304 1875
2304 2297
1717 2110
1717 1688
1717 2209
2110 1049
2110 1442
1120 1854
1120 862
1120 382
1854 1499
1854 1543
2171 2280
2171 1323
2171 2340
2280 470
2280 1778
1537 1734
1537 966
1537 279
1734 556
1734 1430
1688 2046
1688 1761
2046 1765
2046 2204
599 2268
599 300
599 544
2268 1758
2268 840
2048 2209
2048 189
2048 880
2209 100
219 1867
219 693
219 1952
1867 1269
1867 1961
1142 1204
1142 415
1142 80
1204 35
1204 926
312 634
312 1665
312 617
634 470
634 1353
272 1730
272 1527
272 1807
1730 308
1730 922
420 1857
420 694
420 589
1857 1148
1857 367
887 1243
887 359
887 320
1243 2151
1243 590
1581 1660
1581 641
1581 710
1660 2291
1660 1198
4 109
4 2060
4 1804
109 59
109 397
1002 1346
1002 1260
1002 1439
1346 481
1346 409
421 1709
421 1614
421 12
1709 1391
1709 1772
343 1381
343 1491
343 1624
1381 1789
1381 731
367 1738
367 1305
1738 221
1738 1127
679 921
679 2327
679 92
921 1415
921 45
591 2269
591 380
591 576
2269 1799
2269 2394
663 1242
663 435
663 886
1242 1574
1242 1996
535 1322
535 2322
535 1915
1322 1380
1322 533
589 884
589 2330
884 904
884 1508
1375 1856
1375 839
1375 1624
1856 2293
1856 876
1309 1873
1309 1295
46 1917
46 412
46 925
1917 1881
1917 258
977 1029
977 2274
977 1820
1029 391
1029 820
44 1578
44 1820
44 290
1578 70
1578 1010
801 803
801 1201
801 2263
803 1169
803 2105
1758 724
1758 2001
1700 1769
1700 1368
1700 744
1769 1354
1769 2111
1477 451
1477 1175
388 1388
388 1175
388 1166
1388 787
1388 1040
235 1318
235 896
1290 1605
1290 1065
1290 1313
1605 711
1605 2166
758 1744
758 363
758 1597
1744 1386
1744 1349
1354 1086
1354 313
134 1508
134 1706
134 1336
1508 1625
1274 1746
1274 418
1274 930
1746 1760
1746 813
474 902
474 205
474 1
902 79
902 1983
1106 1524
1106 1153
1106 2290
1524 920
1524 2103
733 933
733 296
733 2361
933 1433
933 2190
658 839
658 757
658 1710
839 1384
2058 2236
2058 332
2058 2114
2236 1478
2236 68
201 1009
201 2179
201 1124
1009 1915
1009 1231
870 2070
870 499
870 2161
2070 105
2070 1250
1196 1417
1196 2273
1196 2266
1417 2056
1417 1585
402 504
402 149
504 154
504 1419
1589 1757
1589 916
1589 1839
1757 1811
1757 586
1082 2335
1082 1329
2335 713
2335 415
1775 2033
1775 652
1775 993
2033 2145
2033 1597
353 648
353 1170
353 2194
648 15
648 1116
1181 34
1181 593
779 2250
779 1073
299 1580
299 2365
299 1513
1580 537
1580 1246
595 1313
595 2011
595 2199
1313 1701
1648 2108
1648 30
1648 2021
2108 2080
2071 2211
2071 605
2071 491
2211 1538
2211 1773
1492 2089
1492 104
1492 1133
2089 1068
2089 1777
162 1202
162 972
162 224
1202 483
1202 14
1941 2101
1941 400
1941 882
2101 119
2101 888
523 2227
523 1556
523 2258
2227 184
2227 2394
242 2214
242 2360
242 1129
2214 1517
2214 2196
664 1563
664 706
532 1409
532 1353
532 1357
1409 2378
1409 351
574 1146
574 2170
574 1675
1146 799
1146 626
936 2173
936 1741
936 537
2173 452
2173 864
1820 721
1725 2333
1725 2025
1725 1099
2333 939
2333 1860
853 2138
853 909
853 77
2138 1506
2138 952
39 1396
39 83
39 1240
1396 2006
40 129
40 770
40 1395
129 1967
129 448
641 330
641 396
893 899
893 826
893 111
899 2170
899 200
1512 1960
1512 763
1512 158
1960 911
1960 830
760 1767
760 1762
760 382
1767 264
1767 71
2219 234
2219 2015
731 1740
731 1359
1740 193
1740 1061
865 1969
865 1193
865 734
1969 337
1969 11
720 2368
720 30
720 340
2368 880
2368 100
584 1312
584 1215
584 2107
1312 186
1312 511
1105 1950
1105 1652
1105 645
1950 344
1950 1265
332 831
332 2131
831 1781
831 232
1694 1936
1694 1098
1694 1467
1936 33
1936 1355
379 763
379 841
379 1214
763 1161
2330 1618
2330 1957
1289 2296
1289 1319
2296 47
2296 2085
146 1315
146 915
146 836
1315 1192
1315 261
380 2305
380 1550
2305 2112
2305 112
2170 1485
1267 1719
1267 2271
1267 1380
1719 2093
1719 1476
1920 2135
1920 1984
1920 1658
2135 1718
2135 1657
818 1255
818 1720
818 2044
1255 2243
1255 1984
502 2181
502 1426
2181 829
2181 1695
2112 381
2112 1561
678 1998
678 2230
1998 883
1998 873
1490 2142
1490 277
1490 1046
2142 173
2142 581
576 1084
576 557
1084 1609
1084 714
716 1207
716 1150
716 1437
1207 687
1207 1048
1501 1922
1501 69
1501 656
1922 2346
1291 1295
1291 1331
1291 788
1295 871
127 434
127 1558
127 988
434 2258
434 1148
709 939
709 1065
939 1742
970 2026
970 1852
970 1846
2026 1509
2026 1126
856 958
856 1273
856 505
958 1475
958 1664
1451 1921
1451 2039
1451 2139
1921 1961
1921 1373
745 1270
745 198
745 1359
1270 106
1270 2074
1741 600
1741 429
1370 1898
1370 373
373 2301
373 1967
2301 326
2301 1933
1249 1563
1249 250
1249 730
1563 407
2129 2250
2129 32
2129 990
2250 1485
1499 2345
356 1165
356 228
356 1946
1165 690
458 804
458 2344
458 193
804 531
804 205
171 482
171 1328
171 1187
482 2077
19 2154
19 1117
19 1151
2154 2395
118 2276
118 2081
118 419
2276 1568
2276 771
1385 1423
1385 1292
1385 57
1423 1873
1423 451
767 1410
767 2284
767 987
1410 185
1410 2395
1075 1526
1075 2024
1075 915
1526 1311
1526 351
771 1848
258 2207
258 1647
2207 817
2207 566
871 1876
871 338
1876 1420
1876 1310
973 1515
973 1420
973 1995
1515 1851
1515 1398
251 2168
251 130
251 1281
2168 1933
2168 2273
405 2226
405 1819
405 1365
2226 1390
2226 1293
1538 2339
1538 309
2339 400
2339 102
740 1276
740 702
740 1351
1276 1296
1276 2272
303 1275
303 1299
303 1480
1275 1088
1275 1976
1347 1576
1347 1037
1347 58
1576 294
1576 2390
787 2336
787 439
173 262
173 789
262 287
262 1822
135 1956
135 2192
135 1393
1956 1829
45 342
45 955
342 457
342 1650
594 1338
594 486
594 133
1338 255
1338 898
331 1602
331 824
331 1634
1602 2126
32 730
32 59
736 1916
736 1801
736 117
1916 1723
1916 26
470 2013
268 1582
268 365
268 229
1582 1504
1582 1248
1090 2185
1090 1327
1090 1595
2185 624
2185 228
38 748
38 1532
38 607
748 875
748 1703
460 2018
460 2318
460 2052
2018 266
676 739
676 572
676 636
739 1795
739 625
1846 2348
1846 1795
2348 2164
2348 285
1788 1812
1788 107
1788 1326
1812 1152
1812 600
1107 1600
1107 2289
1107 1008
1600 1245
1600 1554
671 1298
671 2248
671 898
1298 182
1298 1415
1566 1885
1566 1800
1566 923
1885 759
1885 1625
1019 1258
1019 1230
1019 1167
1258 1218
1258 1829
969 1666
969 54
969 2275
1666 120
1666 335
1066 1333
1066 2260
1066 203
1333 1601
1333 1321
579 1889
579 1393
579 947
1889 237
587 1335
587 1400
587 1109
1335 1237
148 490
148 836
394 1169
394 114
394 217
1169 703
2091 2115
2091 1366
2091 2245
2115 1268
2115 349
1113 1759
1113 138
1113 1635
1759 624
1759 1959
294 1843
294 1683
750 2381
750 961
750 852
2381 692
2381 1404
189 2066
189 1893
139 241
139 790
139 406
241 2303
241 1642
224 465
224 794
465 717
465 2261
480 2377
480 428
2377 549
2377 2311
2365 1368
2365 277
1864 2072
1864 2174
1864 346
2072 1879
2072 1446
249 1690
249 1244
249 1067
1690 2057
1690 836
1380 1545
881 1000
881 1546
881 807
1000 2074
1000 2388
284 1913
284 1521
284 289
1913 158
1913 187
64 2125
64 770
718 1122
718 138
718 2120
1122 814
1122 1768
673 705
673 2362
673 1751
705 2198
705 846
2077 181
2077 455
377 563
377 2298
377 1061
563 2050
563 1590
34 755
34 210
755 2145
755 649
556 776
556 1752
1784 1819
1784 2208
1784 22
1819 419
845 2245
845 1263
845 1412
2245 2314
637 2216
637 923
637 791
2216 540
2216 1654
14 776
14 1072
776 1316
56 1324
1556 1134
1556 2279
1282 1465
1282 2193
1282 304
1465 1241
1465 131
57 1906
57 1097
1906 378
1906 546
30 462
1139 1645
1139 1516
1139 1468
1645 260
1645 1159
890 1615
890 1053
1615 820
1615 123
495 2397
495 1754
495 2218
2397 1345
2397 1843
1652 2102
1652 701
1200 1246
1200 496
1200 1101
1246 1081
75 499
75 647
75 2358
499 1473
770 1664
1693 2347
1693 573
1693 766
2347 2319
2347 575
350 1341
350 431
350 2124
1341 113
1341 2006
1783 1832
1783 877
1783 2382
1832 1780
1832 1349
707 1233
707 1653
707 1493
1233 1430
1233 1807
951 1630
951 926
951 2022
1630 2325
1630 725
735 1826
735 1810
735 1263
1826 2372
1826 1134
819 2085
819 2041
2085 877
256 1971
256 321
256 932
1971 867
1971 1768
620 1610
620 1569
620 188
1610 1387
1610 1592
359 1426
359 339
1426 1485
324 565
324 1988
324 2256
565 1948
565 1588
1911 2017
1911 432
1911 585
2017 2279
2017 534
63 1284
63 857
63 1017
1284 1092
1284 1619
1715 1733
1715 672
1715 983
1733 823
1733 1833
66 2341
66 1742
66 2338
2341 90
2341 1459
330 2042
330 1481
2042 1732
2042 1188
278 454
278 2130
278 2385
454 1933
454 1100
1353 615
2291 1993
2291 1521
368 1925
368 372
368 1041
1925 998
1925 450
1548 1821
1548 2307
1548 1721
1821 2230
154 178
154 1954
50 941
50 111
50 2350
941 1586
941 809
85 633
85 1752
85 2182
633 479
633 196
2230 729
71 506
71 965
506 2162
506 111
517 2133
517 6
517 76
2133 1045
2133 23
1272 2331
1272 507
1272 488
2331 481
2331 1905
1042 1460
1042 689
1042 1695
1460 539
1460 866
313 1171
313 1304
1171 123
1171 799
727 1305
727 1254
1305 407
308 347
308 2191
649 1794
649 2028
1794 567
1794 0
1221 1611
1221 1047
1221 1329
1611 1612
1611 1712
1547 1861
1547 2060
1547 1771
1861 1141
1861 2100
288 1114
288 616
288 92
1114 2380
1114 1763
1809 2126
1809 1590
1809 78
2126 1704
862 1031
862 267
1100 1815
1100 1541
1815 1392
1815 857
214 410
214 1855
214 647
410 543
410 2097
1587 1790
1587 668
1587 1402
1790 590
1790 456
1665 210
1041 2174
2174 1934
650 1206
650 1732
650 539
415 1977
1977 1
1977 1223
317 1442
317 2392
317 2369
1442 2037
2243 2360
2243 286
2360 1079
229 246
229 597
246 536
246 1012
1182 1332
1182 615
1182 18
1332 1881
1332 1419
946 2287
946 115
946 2180
2287 1216
2287 1130
769 2362
769 494
769 1572
2362 1496
1323 1716
1323 2267
1716 1722
1716 12
2155 1450
2155 33
1198 2359
1198 903
2359 1094
2359 178
2 383
2 647
2 2351
383 2061
383 1496
2025 1457
2025 1869
266 1216
266 2008
1216 1027
149 1021
149 1813
1609 1813
1609 1421
1813 698
1223 1369
1223 2262
1369 1770
1369 422
998 1836
998 2080
1363 680
1363 2122
1392 2371
1392 354
180 1329
180 2212
180 174
302 2221
302 536
302 322
2221 2237
2221 1718
1413 2283
1413 1003
1413 1190
2283 2240
2283 2044
927 1901
927 1154
927 1893
1901 1092
1901 508
1470 1601
1470 2099
1802 2244
1802 622
1802 1884
2244 592
511 1657
511 406
1657 583
860 1811
860 1634
860 1205
1811 1766
277 1489
1134 1211
1747 2128
1747 1782
1747 207
2128 1882
2128 2015
378 2067
378 968
2067 585
2067 1613
1908 2082
1908 2239
1908 245
2082 2087
2082 2294
1123 1138
1123 1722
1123 688
1138 1545
1138 1806
1011 1342
1011 1620
1342 384
1342 212
203 494
203 942
494 1555
1869 764
1509 1847
1509 1186
1847 996
1847 1118
390 1403
390 1761
390 52
1403 1749
1403 617
295 577
295 1466
295 397
577 234
577 895
99 1834
99 937
99 1647
1834 1219
1834 1575
654 924
654 1735
654 1838
924 213
924 1529
907 655
907 2031
9 665
9 1953
9 784
665 200
665 2328
867 1649
867 240
1296 1968
1296 571
1968 297
1968 646
630 2144
630 1836
630 1926
2144 1964
2144 1989
21 868
21 1379
21 855
868 128
868 653
2038 2233
2038 581
2038 1607
2233 1728
2233 2249
1229 1649
1229 2391
1229 1016
1649 287
161 1436
161 1320
161 1431
1436 984
1436 752
86 1671
86 1212
1671 1377
1671 1882
841 457
841 781
250 956
250 621
956 2092
956 74
1536 1577
1536 2316
1536 2272
1577 1841
1577 1731
1988 2003
1988 2363
2003 2158
2003 2392
68 1882
978 2332
978 61
978 954
2332 1591
2160 2338
2160 2357
2160 1682
2338 1373
1287 2184
1287 1963
1287 1374
2184 329
759 2234
680 1803
680 2295
1368 1806
719 2337
719 1736
719 2202
2337 746
2337 1286
144 1877
144 825
144 438
1877 441
1877 1055
1 990
876 1503
876 1115
1503 2007
1503 1261
1065 222
42 554
42 785
42 1962
554 1093
554 980
1174 1871
1174 2148
1174 105
1871 1108
1871 1720
1531 1763
1531 604
1531 1185
1763 1564
1400 290
1400 1479
906 1940
906 12
906 1448
1940 1389
1940 1350
455 1101
455 1480
1101 1012
1751 1766
1751 259
1766 2196
361 828
361 1017
361 76
828 889
828 2356
33 1637
1637 236
1637 730
994 2169
994 2259
994 8
2169 708
2169 468
686 2016
686 2076
686 106
2016 566
2016 2157
453 1814
453 500
453 592
1814 1184
1814 2222
701 1687
701 1076
1687 1096
1687 990
1510 2234
1510 1631
2234 338
344 1907
344 1496
1907 433
2208 1697
2208 321
2020 2156
2020 2302
2020 1575
2156 1004
2156 1421
450 711
450 1934
1032 2052
1032 2175
1032 114
2052 505
279 1140
279 2198
1140 957
1140 1981
384 1378
384 2045
94 1028
94 533
478 940
478 2088
478 2163
940 1186
940 909
1086 922
1086 824
492 1224
492 2064
2262 141
2262 2366
1517 1608
1517 2369
527 1655
527 667
527 468
1655 1036
1655 101
1092 422
1875 570
1875 1454
398 1361
398 217
398 646
1361 463
1361 2336
137 1177
137 2357
137 1532
1177 1553
1177 1872
937 1755
937 1699
1755 963
1755 1944
1263 646
183 1967
183 1796
183 2340
851 1343
851 938
851 218
1343 596
1343 2167
220 1211
220 1069
220 1636
1211 1822
700 765
700 1422
700 2242
765 1432
765 1049
476 908
476 1739
476 1996
908 1022
908 976
1379 1462
1379 515
1462 993
1462 468
1191 2165
1191 1862
1191 1810
2165 1372
2165 1194
814 903
903 2292
1905 1606
491 1939
491 393
1939 1125
1939 2251
989 1429
989 165
989 2275
1429 2342
1429 1033
1244 1539
1244 1180
1539 1756
1539 1131
2292 999
2292 2344
702 2159
702 248
2159 1316
2159 1748
586 1044
586 2139
1044 2336
1044 1513
498 931
498 1780
931 1910
931 1306
1080 2190
1080 318
1080 691
2190 1573
1554 796
28 1656
28 1844
28 1068
1656 126
1656 179
1137 2086
1137 925
1137 1358
2086 789
2086 1199
625 1098
1478 2029
1478 1884
1691 2380
1691 1471
1691 2167
2380 1781
51 885
51 1659
51 1873
885 1633
885 1027
1386 795
1386 1193
780 1031
780 117
780 441
1031 1965
610 965
610 995
965 31
370 638
370 1806
370 528
638 2371
638 1228
1415 463
660 1231
660 140
660 938
1231 2189
1789 1868
1789 259
1868 2279
1868 1450
341 431
341 2103
341 2029
431 2164
311 817
311 1469
311 2005
817 1299
187 1047
187 2075
521 2204
521 1440
521 1924
2204 1452
327 1844
327 1590
327 223
1844 980
484 2322
484 10
2322 1154
1299 2051
1785 1870
1785 239
1785 1170
1870 399
1870 1253
231 564
231 743
231 1653
564 1431
564 72
307 1048
307 1463
307 516
1048 2317
1841 1395
1841 810
487 1899
487 2049
849 1251
849 873
1251 2217
1023 2078
1023 335
1023 510
2078 254
2078 835
999 1455
999 1495
1455 1570
1455 2084
848 1494
848 2055
930 1441
930 548
1441 150
1441 808
1059 1097
1059 1201
1059 1043
1097 667
847 1443
847 631
847 92
1443 929
1443 142
1549 1635
1549 1170
1549 1728
2378 2395
2378 283
520 1722
520 2198
520 1702
516 880
703 2176
1898 920
1898 1076
1564 282
1564 176
1420 2393
2393 1823
2393 1125
1271 2035
1271 792
1271 2288
2035 2158
2035 2361
1735 2139
1735 1382
1705 2376
1705 1706
1705 1365
2376 1472
2376 143
1601 1522
606 1093
606 2275
606 1551
1093 2136
1268 2150
1268 1966
172 2063
172 1544
172 1371
2063 976
2063 1021
543 269
543 2357
197 1302
197 281
197 889
1302 271
1302 1837
744 181
744 2266
1357 2309
1357 10
2309 2200
2309 751
467 934
467 2326
467 2251
934 692
934 328
158 444
444 1567
444 2293
972 2364
972 2315
1768 1215
724 396
724 2379
1327 2323
1327 713
2060 1525
198 827
198 1224
1277 2056
1277 218
1277 2012
2056 254
2240 226
2240 798
2271 489
2271 418
2316 1222
2316 628
652 2157
652 1551
83 322
2019 2055
2019 1069
2019 2267
2055 1698
1010 1192
1836 879
93 728
93 1025
93 645
728 2270
728 1025
1350 1402
1350 181
1402 2079
140 1955
140 1571
1522 1594
1522 443
1594 355
1594 27
29 2141
29 112
29 571
2141 1947
2141 2179
1147 1308
1147 16
1308 195
1308 507
1675 1278
1675 910
512 797
797 844
797 2289
2310 1398
2310 238
1504 891
1504 1367
257 427
257 1145
257 1711
427 1476
747 1731
430 1109
430 1112
430 1608
1109 640
2097 1167
2097 629
846 1087
846 2247
1087 2096
1192 304
1786 2334
358 366
358 226
358 1792
366 593
1143 1310
1143 1910
1143 124
1310 1260
2225 2281
2225 52
2225 252
2281 699
2281 558
223 1453
223 1482
1453 1024
1453 966
1201 2002
855 2075
855 800
2075 1928
627 2068
627 1833
627 374
2068 677
2068 2389
1699 1824
1699 1542
2088 297
2088 2290
1422 1628
275 1500
275 403
275 1119
1500 292
1500 1702
889 260
549 1411
549 1990
756 1544
756 1394
756 1495
1544 1781
337 1235
337 1742
795 1157
795 1007
992 997
992 551
992 1573
997 2286
997 1457
1776 2125
1776 1997
2125 2285
2037 2166
2037 1614
2166 964
1096 753
1491 194
1491 1528
381 614
381 440
614 1013
614 2252
1178 1947
1178 2183
1178 1511
1947 2261
2200 897
2200 1613
2345 1393
1280 2223
1280 1079
1280 238
2223 1234
2223 753
1674 2379
1674 2248
1674 790
2379 1118
2161 1227
1214 1720
1214 984
604 1843
604 2342
1948 1528
346 1681
346 905
1681 263
1681 1835
1038 1414
1038 1992
1038 2235
1414 1012
1414 232
479 1108
479 2104
472 1677
472 1505
1677 1089
1297 1345
1297 675
1297 2113
1345 1727
834 1355
834 2196
834 900
1355 1535
247 1824
247 447
247 749
1824 1919
904 1679
904 1505
1679 668
1203 2241
1203 2132
2241 293
2241 1886
768 1016
768 1712
1245 1427
1245 1926
375 2238
375 2334
375 569
2238 547
2238 2186
1014 1604
1014 2188
961 1432
1432 1330
225 1469
225 807
200 596
622 1557
622 1062
1557 651
1557 810
677 1264
1264 1127
1264 1383
175 1017
175 632
175 1946
2318 1624
2318 1362
575 1890
1890 349
1890 1448
1237 2218
1237 1405
761 1226
761 662
761 1321
1226 837
1226 799
1411 2162
1411 1984
2162 1468
328 1753
328 1110
1753 629
1753 593
618 2117
618 1148
618 1749
2117 1213
2117 2130
113 1307
113 683
1307 1365
1307 1865
1028 1356
1028 2032
805 1943
805 1205
805 2213
1943 1540
1943 943
1831 1930
1831 1150
1831 912
1930 488
1930 1438
61 213
61 661
213 1532
669 1902
669 1156
669 1830
1902 195
1902 1498
418 829
456 1300
456 753
1300 2349
1300 1003
635 1797
635 1625
635 723
1797 1591
1797 2045
2179 252
615 1144
1144 2094
1144 518
459 1571
459 2222
459 979
1571 2342
1153 2172
1153 1281
1663 1973
1663 352
1663 2031
1973 286
1973 1838
2248 2232
2158 2132
131 1360
131 1565
1360 681
1360 1903
1111 1991
1111 1095
1111 374
1991 163
1991 1262
157 1089
157 1874
157 1999
1089 1149
1408 1603
1408 62
1408 971
1603 98
1603 2327
2237 1404
2237 1749
1193 2143
1185 345
1185 640
681 209
2391 948
2391 1923
182 949
182 2195
1116 2334
911 1239
89 661
89 778
89 1839
54 442
54 1632
58 1497
58 2186
1497 1022
101 1718
101 1321
1156 2356
1156 1914
1288 1659
1288 227
1288 2306
1659 548
1827 2202
1827 435
2202 715
296 2308
296 1024
2308 1459
2308 943
95 1909
95 1316
1909 513
1970 2367
1970 221
1970 794
2367 807
2367 2065
984 1253
1253 794
2222 270
443 557
443 469
557 642
103 2178
103 2069
103 935
2178 1982
2178 1366
1112 1632
1112 2106
363 2254
363 199
2254 1837
2254 1259
715 1473
715 78
1473 1825
120 1035
1035 1567
1035 2023
2090 2288
2090 280
2090 1912
2288 1518
371 1965
371 2259
371 2059
1965 234
1743 2180
1743 746
1743 2399
2180 345
1704 2109
1704 445
2109 1362
2109 567
948 1394
1608 570
621 1996
621 1318
1438 1989
1438 2324
1989 754
411 1103
411 1777
411 732
1103 2300
1103 79
457 2286
1777 944
1892 2361
1892 533
291 1303
291 1404
291 151
1303 2343
1303 623
2274 37
1633 1927
1927 2153
1927 496
2153 325
2153 104
463 143
1286 1568
1286 2366
1568 448
952 2217
952 1372
2217 1129
974 1481
974 2023
974 1770
1481 1213
1372 237
221 2094
1673 2242
1673 1728
1673 177
2242 1502
954 1094
954 670
1094 387
510 1383
510 2299
1383 687
1618 2306
1618 1197
2306 2187
352 1051
352 425
796 1158
52 619
2080 1567
1706 1364
1714 2130
1714 1541
1714 369
194 1033
194 1654
112 408
1553 503
1248 2076
391 1367
1367 1507
837 1862
837 2031
1862 2199
1903 629
1903 1937
1874 892
1304 699
957 1218
957 190
1126 1592
1126 2353
1592 1484
1945 222
1945 986
2059 2062
2059 1472
2062 1118
2062 675
451 636
636 79
1855 2167
1855 1340
442 2263
442 1932
393 1040
393 1639
1040 245
1558 1689
1558 915
1664 1128
115 1070
1083 1895
1083 605
1083 1891
1895 2265
1127 2041
813 988
813 786
988 2030
2313 2323
2313 1320
2313 178
2323 26
10 1937
879 562
879 43
536 859
859 2009
859 526
684 694
684 196
694 1661
105 2087
2218 2034
1953 166
1953 1702
47 1979
47 369
1979 687
1979 1628
2044 1434
1045 943
1045 1534
1627 2260
1627 2122
1627 336
2260 423
1184 1919
1184 569
1919 809
1055 1954
1055 177
1954 1570
126 142
126 1923
142 2224
1879 723
1879 1262
130 1461
130 441
1461 693
1461 835
1696 1987
1696 2131
1696 891
1987 2061
1987 464
942 1620
97 1018
97 2001
97 923
1018 850
1018 72
1425 1981
1425 2213
1425 2326
1981 77
1186 429
428 959
428 2298
432 186
432 1845
1469 1187
293 1914
293 1387
1037 783
1762 2197
1762 869
2197 781
2197 2194
1024 2231
2231 1445
2231 1686
286 698
2029 689
1278 2383
1278 1328
1162 1643
1162 1669
1162 1450
1643 188
1643 116
469 782
469 786
782 863
782 612
2177 2295
2177 1695
2177 2302
2295 1573
31 1912
31 209
1236 1449
1236 697
1236 1071
1449 542
1449 1771
184 1072
184 1727
993 1077
1516 1051
2148 1990
2148 1579
538 2050
538 1791
538 2004
2050 522
446 655
446 2001
446 1793
655 1951
580 1638
580 1997
580 208
1638 1668
1638 1179
1502 489
425 944
160 2098
160 1935
160 1586
2098 276
2098 208
1025 236
628 2352
628 2300
2352 48
2258 1703
1866 1881
1866 2149
1145 1559
1145 537
1559 190
1559 932
292 1030
292 1792
22 1230
22 555
1230 734
141 2270
141 896
2270 1108
252 1463
1463 273
798 1982
798 659
1982 1071
349 1817
695 1215
695 2065
695 1283
401 1937
401 1710
401 1458
2041 77
315 966
315 2372
315 1358
540 2027
540 1378
15 1348
15 285
1348 1102
1348 631
461 611
461 2387
461 210
611 2104
202 271
202 657
202 2261
1935 1957
1935 2193
1957 290
1294 1552
1294 1896
1294 1483
1552 1778
1552 525
2394 436
743 1579
743 1227
1464 2396
1464 1771
2349 528
792 1570
792 2057
255 399
255 2314
399 1475
1344 2312
1344 1194
1344 1701
2312 826
2312 485
1173 1756
1173 1793
1173 1446
1756 852
360 1647
360 417
1351 1942
1351 774
1942 1860
1942 347
2307 2371
2307 863
1377 1466
1377 1387
812 1484
812 960
812 408
260 1279
369 964
2302 2116
1054 2329
1054 177
1054 515
2329 570
2329 1239
2193 721
785 449
417 1894
417 2040
1894 1555
1894 869
657 1433
657 2187
1395 91
2021 2107
2021 2014
1928 1621
1928 2034
1951 967
1951 1488
193 2079
530 1133
530 737
530 156
1133 335
925 1689
226 233
233 2176
233 2036
2255 2326
2255 395
2255 254
596 800
699 1993
1993 710
2127 2140
2127 0
2127 340
2140 1595
2140 1352
227 2263
227 1817
2150 981
2150 1822
143 639
2213 1039
844 1949
844 2229
827 1132
827 1419
1132 962
1132 1494
445 717
445 1456
605 1682
283 888
283 1765
888 357
462 1119
462 325
1119 682
1471 1328
1471 385
2175 110
2175 306
387 2257
387 815
2257 1891
2257 811
616 1851
616 1946
1851 1518
916 1963
916 784
1963 1642
672 1194
374 597
597 2106
163 1279
163 762
892 1197
892 1992
1197 1095
348 2265
348 1865
348 2119
2265 788
340 900
857 108
265 1858
265 1331
265 2303
1858 603
1858 1067
1545 1110
1069 2034
539 1428
737 152
737 1944
1990 1166
1739 2157
1992 145
1218 1013
1435 2011
1435 602
1435 2005
2011 62
1283 1468
1283 2065
2176 2346
345 2061
165 2105
165 168
522 2315
522 843
826 419
693 11
2087 816
297 1985
2315 2299
1778 1893
217 1670
1219 1661
1219 2152
1318 1859
2094 683
91 407
91 1234
710 1003
2081 929
2081 316
1835 447
1823 2151
1823 1440
1955 2024
1955 945
2024 1331
1999 2210
2210 508
2210 152
668 913
1027 1575
1062 1684
2030 2054
2030 1804
2054 124
2054 1160
1324 336
1324 2006
2132 2354
950 1686
950 1293
950 132
1686 1456
1433 869
791 2187
791 2183
264 1585
1543 1562
1543 1612
1562 918
1562 261
531 2004
531 639
2004 1897
953 1467
953 1964
953 1692
1467 854
2259 2389
1235 666
1235 1639
1803 287
1803 1708
690 1358
690 1293
2325 2264
2325 741
738 877
738 1398
738 1850
1457 1475
440 1183
440 963
1183 27
1183 1845
1052 1976
1052 274
1052 1074
1976 968
2111 1447
2111 483
1983 2002
1199 1995
1199 509
1995 1136
2390 1670
1872 772
1189 2066
1189 2172
1189 723
2066 59
551 1252
551 1421
1254 382
1254 244
326 910
326 176
910 1588
8 1158
8 304
1158 1523
1653 108
128 979
2069 192
2069 339
2300 27
1098 7
239 617
239 960
2387 2014
2387 754
228 1416
815 1487
815 166
1487 567
1487 215
1780 404
248 783
248 1458
107 583
107 2372
583 1389
355 1588
355 1520
786 2183
261 2023
905 1008
905 2047
1008 746
825 1128
825 357
852 1208
829 1897
944 1839
176 310
310 2299
310 912
192 1337
192 1513
1337 2388
1337 1452
1632 1459
788 568
2385 2399
1164 2027
1164 2282
1164 986
2027 1852
2009 1639
1039 1703
789 395
808 2099
808 269
2099 102
772 1359
772 2252
270 2195
270 2399
2195 206
1390 1650
1390 514
372 1326
372 1944
188 1079
2392 2036
1016 1646
2286 2369
2343 1157
2343 1923
2247 607
2247 1314
1964 670
49 362
49 2096
49 2297
362 1569
1416 503
48 991
48 1179
1440 1530
1530 528
1530 1782
1550 1986
1550 800
1046 1807
1046 722
1176 1340
1176 1483
1176 982
2298 497
534 2102
534 1448
2102 623
1926 601
721 1959
1227 1507
1507 1222
385 1829
385 392
473 1713
473 2022
473 166
1713 2303
1713 1115
1061 1972
1650 289
1155 2012
1155 365
1155 1152
2012 894
395 1241
1241 2249
883 1689
883 1878
802 2010
802 2203
802 1026
2010 37
2010 555
505 1006
603 897
603 1252
897 1617
659 2100
659 945
2282 1828
2252 2384
117 1056
732 65
732 864
1591 821
392 1622
392 1371
1622 949
1622 1619
2045 414
119 1561
119 1808
1124 959
1124 979
422 874
207 938
207 1115
515 1914
642 404
642 1540
824 508
513 572
513 1391
572 475
1141 1070
1141 452
215 878
215 1102
878 1334
878 2022
821 913
821 400
1518 1668
1668 150
471 1887
471 601
1887 1427
1887 329
1269 754
1269 1852
1160 2106
1053 110
1053 2374
987 1888
987 1724
1888 323
1888 329
920 67
545 1692
545 1707
545 500
1692 102
778 354
74 1698
74 300
1698 2124
2076 501
2290 568
276 975
276 833
424 764
424 2203
424 2005
764 2119
1030 1068
1030 2354
566 6
1626 2145
1626 1362
1626 585
1095 964
967 2064
967 1217
404 667
2353 273
2353 2351
1234 1266
558 1374
558 2163
1374 1986
2100 416
1561 2321
1640 280
1640 1389
823 896
823 875
1167 2039
1521 1818
1060 1891
1060 2388
1060 1154
150 2116
1972 1619
1972 1217
274 918
274 199
918 1240
774 1384
774 1828
631 1281
82 339
82 1975
82 640
960 483
488 1860
929 1135
155 1412
155 376
155 20
1412 1535
1431 1707
62 775
775 1574
775 55
1036 1800
1036 1782
2311 546
2311 1569
2284 2051
2093 2264
2093 1533
1382 2328
1382 835
2328 106
996 321
996 1356
1791 1050
806 1723
806 433
806 376
1723 186
2192 1456
2192 2146
757 2074
1661 1099
949 151
602 1356
602 656
123 863
1205 962
1684 1801
1684 932
156 2143
156 1209
783 725
1848 2364
1848 280
2364 833
963 1760
1102 2092
697 1528
697 298
2289 651
2356 1043
263 561
263 179
1259 1676
1259 714
1676 2000
1676 65
1021 1994
185 449
185 1213
449 866
1085 1151
1085 947
1151 1519
1525 601
1525 110
1915 662
2040 1445
1606 409
236 1494
2036 2095
164 282
164 1585
164 2272
282 125
1013 1437
412 1773
412 894
1180 1424
1180 708
16 240
16 2215
240 1326
124 1005
1005 619
1005 2134
854 1604
854 541
1604 1975
490 1736
490 2215
1736 354
218 840
1405 1121
1405 1050
546 259
1129 685
489 1273
1724 833
1724 1997
1801 1748
208 1614
67 1266
67 1006
1266 485
968 578
43 872
872 1486
1051 3
809 1574
507 81
1986 1479
73 751
73 1667
73 1175
751 1534
1727 2293
1810 1708
623 1595
1161 1918
1161 981
1918 653
861 1131
861 1208
861 2189
1131 1642
98 2092
98 1555
1447 2131
1447 87
497 562
497 1737
562 0
13 1910
13 1994
13 901
433 435
891 1033
548 1795
1240 1658
2107 1130
894 1924
1924 742
1596 1966
1596 850
1596 408
1966 2294
1667 729
1667 561
37 116
632 895
632 18
26 423
423 1311
501 573
501 2251
573 114
1800 713
886 1546
886 816
1546 273
325 212
784 1535
1520 1540
1520 726
1364 1701
1364 643
199 2013
2013 1850
962 840
1761 438
1445 582
542 1058
542 1480
547 607
547 269
1479 2163
1004 1250
1250 983
590 2114
1912 749
742 571
742 1352
316 781
316 2324
438 466
466 1279
466 811
1899 397
1899 2116
1081 2327
1081 1007
447 1454
1454 1252
138 2189
365 875
685 1511
685 333
1511 811
318 36
318 1493
1483 1117
2120 2191
2191 1285
1949 1683
1949 1187
1261 1334
1261 1932
1334 1212
1770 212
975 305
975 945
922 2095
866 2317
2317 619
1752 1519
1260 3
2136 11
267 104
267 675
1125 578
525 1651
525 1708
1651 1159
1651 1238
1837 670
2383 2374
2383 36
132 1805
132 1072
1805 874
1805 955
65 529
712 2007
712 1799
712 1049
2007 475
598 2134
598 1542
396 1366
1670 1439
1430 1565
1506 1519
1506 1088
300 698
24 708
24 1712
24 108
70 1228
70 1034
23 1232
169 1620
169 1190
169 653
1572 243
452 1845
336 1975
486 1765
486 2264
1188 1311
1188 1523
666 174
682 1817
682 1774
2051 1292
981 986
1394 1378
912 1641
1641 1636
96 1878
96 1488
96 541
1878 1166
1077 1721
1077 125
2199 2358
2057 2186
1476 1349
2389 145
2396 439
2396 688
1071 2321
2321 1121
1437 2235
2235 2000
1427 500
90 406
1466 1772
711 1617
1050 1336
1336 1208
1534 645
578 1238
1212 1088
850 935
864 2350
2350 2104
2212 357
2212 1121
1157 706
1793 900
503 439
100 2294
1117 1495
2119 1669
689 1067
561 309
1850 1418
1136 1209
1136 514
1209 1678
2366 2384
1446 281
1707 1057
1792 1399
582 1063
582 2232
2319 1210
2319 6
2266 526
928 1711
928 285
80 1319
80 726
1319 389
2032 2146
2032 20
2146 1646
1551 1958
168 1697
168 2083
1697 1505
464 1058
464 151
1058 1962
1958 2297
1958 1434
1774 683
2000 133
935 244
600 1063
2354 1306
2215 2346
2002 2224
2083 298
1373 901
206 347
206 1737
2064 2351
1896 2384
1896 1006
2103 541
741 1428
741 569
1428 1314
281 2096
2053 1330
2053 3
692 209
2273 1091
592 1994
2182 2224
2182 722
1228 414
306 983
306 1074
509 1621
409 1210
1074 55
1830 2014
1830 72
1399 544
1399 1631
1808 20
1808 662
1330 2285
333 36
333 2277
87 1020
87 1317
2124 338
980 1424
237 1391
1748 1063
1057 1804
1057 1149
1678 2151
1678 167
1210 25
1773 1579
2229 133
174 403
959 2039
1799 1952
55 982
982 1091
1472 2105
69 773
69 1325
773 2113
773 1607
1838 609
289 514
526 436
211 2113
211 1897
2194 1418
1796 2277
1796 1825
2277 1262
1056 1904
1056 725
1439 1710
581 1685
1685 955
1685 244
874 416
882 1754
882 2373
1529 1772
1529 2049
243 493
243 1091
493 790
493 2049
1232 1273
1232 190
1306 1486
1523 1565
810 1629
1629 1026
1629 1828
25 2084
320 1886
320 843
1886 991
1542 1634
1961 714
2267 1135
626 766
626 322
766 1680
2285 2084
752 1760
752 1628
1721 1190
1159 1265
1265 644
734 389
609 1099
609 1985
1904 305
1904 1020
1150 1533
1022 1452
376 643
1238 1985
1371 717
843 323
995 2373
726 145
76 612
612 305
81 1859
1859 1754
1798 1493
1798 2149
1043 1654
1617 1352
1026 2382
1962 830
1217 1317
1317 205
2028 2188
2028 1073
830 1325
976 1179
1130 1434
414 477
477 35
477 167
2340 1498
475 1149
1646 1285
1825 1541
2149 909
1607 518
436 729
1533 2203
403 309
1320 529
238 1613
2188 1527
1418 820
873 2172
222 78
691 2015
179 323
644 1680
1222 1314
1636 762
529 1621
688 116
7 722
7 1285
2122 2344
898 1424
895 2152
1020 2324
125 2095
901 917
917 2143
1224 1952
1474 1489
1474 555
1489 1934
2374 2152
1325 1498
1486 2114
2249 2256
18 1680
196 816
1007 1818
1818 2363
1073 416
1597 2232
1527 1458
749 656
643 947
1076 2373
298 496
2314 1239
389 2256
2382 232
1586 1034
913 518
2008 2047
2363 1737
1833 1932
2047 568
762 167
