1200 1800
97 310
97 802
97 438
310 1174
310 879
497 546
497 934
497 274
546 411
546 1199
656 948
656 964
656 1156
948 893
948 364
1097 1099
1097 802
1097 1126
1099 1045
1099 660
302 599
302 279
302 207
599 379
599 580
653 793
653 991
653 218
793 735
793 579
18 282
18 1011
18 1146
282 1007
282 582
19 247
19 1192
19 1173
247 183
247 877
179 236
179 1086
179 355
236 158
236 818
240 251
240 280
240 844
251 562
251 884
176 761
176 649
176 622
761 308
761 915
784 989
784 120
784 312
989 722
989 914
313 995
313 852
313 1192
995 212
995 436
394 803
394 766
394 846
803 1026
803 5
459 820
459 299
459 706
820 674
820 1134
111 631
111 1033
111 450
631 54
631 284
172 461
172 337
172 537
461 966
461 1093
1007 31
1007 971
241 826
241 551
241 264
826 720
826 187
83 160
83 830
83 864
160 854
160 976
183 1189
183 187
105 593
105 943
105 723
593 563
593 956
527 694
527 926
527 799
694 173
694 827
612 918
612 265
612 524
918 59
918 1103
583 1120
583 447
583 526
1120 214
1120 931
795 1119
795 248
795 0
1119 379
1119 969
86 808
86 201
86 632
808 856
808 273
566 887
566 152
566 1118
887 775
887 1108
840 898
840 778
840 871
898 816
898 943
250 767
250 765
250 745
767 1118
767 689
63 303
63 812
63 982
303 1036
303 954
590 606
590 244
590 682
606 671
606 32
943 529
45 663
45 1109
45 861
663 605
663 472
106 758
106 789
106 671
758 412
758 471
589 763
589 181
589 530
763 227
763 957
628 983
628 936
628 42
983 572
983 319
206 616
206 1117
206 1065
616 955
616 603
0 368
0 870
368 916
368 454
418 1030
418 53
418 365
1030 452
1030 1029
662 1161
662 402
662 217
1161 1166
1161 851
998 1196
998 198
998 1174
1196 1084
1196 399
517 743
517 541
517 288
743 711
743 651
696 745
696 958
696 953
745 329
693 1085
693 364
693 905
1085 540
1085 524
457 1137
457 31
457 356
1137 786
1137 113
495 575
495 290
495 560
575 388
575 1053
407 462
407 718
407 1100
462 151
462 1036
377 848
377 262
377 486
848 1046
848 853
419 436
419 545
419 525
436 351
543 917
543 40
543 1157
917 1074
917 512
233 611
233 329
233 1127
611 165
611 807
695 785
695 116
695 429
785 1065
785 724
311 939
311 1018
311 69
939 919
939 281
346 488
346 434
346 514
488 162
488 1182
59 166
59 716
166 966
166 20
68 623
68 244
68 1160
623 167
623 263
297 632
297 594
297 228
632 194
520 1049
520 128
520 953
1049 772
1049 783
675 1072
675 424
675 52
1072 36
1072 285
198 843
198 1012
79 818
79 904
79 200
818 869
895 1075
895 289
895 809
1075 34
1075 792
87 493
87 386
87 37
493 283
493 205
551 375
551 28
375 486
375 267
140 648
140 1104
140 1173
648 1003
648 790
196 1074
196 960
196 996
1074 22
306 451
306 638
306 833
451 428
451 391
442 986
442 1165
442 759
986 643
986 1032
558 752
558 235
558 512
752 458
752 134
245 441
245 776
245 681
441 524
441 494
20 997
20 559
997 242
997 188
472 1014
472 526
1014 171
1014 264
28 34
28 291
34 1058
1065 1029
1005 1068
1005 467
1005 49
1068 541
1068 817
587 1080
587 994
587 4
1080 66
1080 990
762 932
762 1190
762 412
932 340
932 456
146 700
146 237
146 981
700 544
700 949
609 610
609 735
609 353
610 413
610 737
635 748
635 525
635 239
748 1016
748 738
651 1101
651 1186
1101 164
1101 634
278 739
278 999
278 881
739 687
739 903
725 1050
725 1135
725 391
1050 988
1050 1162
869 85
869 1098
750 814
750 947
750 909
814 516
814 924
335 864
335 1077
335 984
864 42
850 901
850 929
850 492
901 144
901 698
322 373
322 645
322 482
373 249
373 12
920 1145
920 371
920 552
1145 357
1145 328
107 1122
107 32
107 369
1122 316
1122 557
351 952
351 712
171 1143
171 506
1143 933
1143 1135
217 1110
217 130
1110 817
1110 1138
383 1142
383 713
383 899
1142 913
1142 1195
320 448
320 532
320 365
448 1130
448 1108
348 1184
348 344
348 221
1184 1172
1184 119
327 981
327 88
327 836
981 525
173 280
173 865
926 89
926 1058
88 340
88 563
333 503
333 636
333 597
503 216
503 904
532 712
532 1
712 272
817 26
260 927
260 1172
260 854
927 1175
927 300
66 424
66 228
424 613
147 906
147 400
147 945
906 721
906 713
277 872
277 1048
277 192
872 491
872 1098
392 859
392 1125
392 605
859 509
859 909
70 659
70 1037
70 182
659 1147
659 672
174 371
174 896
174 1163
371 114
128 431
128 350
186 1019
186 307
186 664
1019 446
1019 321
4 341
4 768
341 230
341 615
243 586
243 598
243 237
586 690
586 38
239 881
239 421
881 202
426 973
426 776
426 100
973 94
973 907
340 211
915 1021
915 1158
1021 630
1021 753
121 1011
121 638
121 316
1011 1165
730 975
730 639
730 200
975 232
975 858
227 837
227 157
816 668
816 447
518 1092
518 1025
518 951
1092 152
1092 644
265 646
265 914
646 398
646 731
1 1094
1 473
1094 110
1094 182
118 447
118 777
118 71
338 716
338 96
338 139
716 330
205 1126
205 113
1126 253
638 1195
508 1047
508 568
508 169
1047 10
1047 1048
470 526
470 159
470 688
522 573
522 294
522 787
573 1128
573 689
81 156
81 714
81 230
156 157
156 1067
1027 1090
1027 423
1027 454
1090 3
1090 95
26 979
26 1141
979 705
979 274
325 903
325 899
325 1029
903 123
33 237
33 727
33 363
152 199
360 595
360 252
360 692
595 370
595 473
1172 578
283 677
283 469
677 622
677 681
39 954
39 867
39 846
954 591
530 634
530 806
634 519
1070 1136
1070 703
1070 643
1136 833
1136 1081
1131 1152
1131 427
1131 487
1152 1162
1152 841
440 740
440 104
440 844
740 193
740 594
133 180
133 1015
133 893
180 684
180 1160
644 884
644 1134
884 703
480 669
480 30
480 234
669 672
669 710
1086 393
1086 452
119 513
119 1002
167 792
167 498
731 1190
731 490
1190 796
727 811
727 961
811 614
811 58
1130 854
1130 668
500 1177
500 11
500 886
1177 443
1177 189
465 1039
465 1020
465 154
1039 905
1039 80
12 950
12 267
950 291
950 791
404 916
404 940
404 352
916 978
713 567
649 139
649 937
23 815
23 708
23 261
815 809
815 127
84 831
84 162
84 643
831 847
831 670
379 934
464 823
464 912
464 974
823 53
823 158
474 607
474 99
474 958
607 749
607 528
1147 309
1147 7
331 787
331 428
331 78
787 613
367 1155
367 715
367 135
1155 571
1155 657
124 1168
124 46
124 1129
1168 1170
1168 499
397 1034
397 31
397 1176
1034 253
1034 684
165 660
165 637
143 1001
143 366
143 224
1001 169
1001 654
136 733
136 702
136 90
733 129
733 468
65 938
65 1197
65 855
938 137
938 44
401 744
401 159
401 531
744 149
744 828
242 1016
242 825
1016 804
24 1022
24 673
24 312
1022 215
1022 557
423 388
423 129
633 757
633 691
633 1096
757 556
757 226
369 647
369 321
647 363
647 1171
629 723
629 685
629 866
723 305
248 357
248 445
357 736
148 190
148 1008
148 1154
190 252
190 908
413 492
413 691
94 153
94 507
771 992
771 801
771 944
992 403
992 779
261 970
261 1083
970 949
970 362
115 358
115 290
115 476
358 640
358 976
909 1042
1042 1153
1042 62
482 709
482 1180
709 734
709 304
113 933
151 460
151 131
460 199
460 1031
777 1125
777 886
513 491
513 354
365 654
654 44
429 1084
429 126
1084 603
949 844
452 1067
1067 1173
71 967
71 799
967 674
967 637
907 911
907 673
203 857
203 601
203 1035
857 1151
857 299
274 279
279 968
120 715
120 722
715 691
150 249
150 993
150 576
249 665
74 1013
74 433
74 547
1013 187
1013 692
329 395
162 384
98 961
98 874
98 839
961 561
114 411
114 433
411 600
15 963
15 665
15 582
963 559
963 299
1160 1167
1167 711
1167 10
353 1187
353 184
1187 9
1187 790
510 533
510 1193
510 222
533 825
533 454
431 706
431 608
37 838
37 55
838 90
838 678
1048 78
1165 565
661 786
661 91
661 382
786 225
21 871
21 878
21 272
871 1129
1117 1182
1117 52
1182 1032
53 832
837 868
837 568
868 747
868 614
776 515
905 334
294 1114
294 213
1114 507
1114 592
923 944
923 82
923 209
944 798
446 244
446 408
574 759
574 185
574 1109
759 641
619 910
619 444
619 630
910 800
910 8
102 800
102 680
102 224
800 1107
507 1096
77 218
77 937
77 199
218 1116
994 841
994 219
492 842
842 374
842 760
308 232
308 1009
347 1018
347 878
347 968
1018 797
568 405
515 565
515 254
565 732
560 753
560 1198
753 1064
690 1091
690 207
1091 202
1091 410
489 958
489 1106
489 57
1056 1185
1056 343
1056 1198
1185 764
1185 866
155 295
155 908
155 877
295 6
295 741
988 382
988 984
827 953
827 342
82 799
82 226
342 1024
342 430
1024 851
1024 1124
810 900
810 164
810 889
900 852
900 32
252 1158
668 819
336 980
336 529
336 469
980 627
980 22
720 1162
720 2
934 132
665 741
925 1115
925 732
925 822
1115 208
1115 289
658 1116
658 941
658 957
1116 597
163 536
163 782
163 169
536 683
536 93
263 425
263 246
291 159
16 602
16 2
16 1052
602 893
602 1171
439 705
439 1060
439 542
705 714
639 1010
639 396
384 769
384 1059
769 443
769 1012
60 937
60 334
60 621
376 765
376 738
376 275
765 537
622 305
875 1006
875 76
875 189
1006 178
1006 370
538 683
538 11
538 192
683 734
450 570
450 919
570 1139
570 272
782 1043
782 494
1043 231
1043 902
285 1140
285 891
1140 201
1140 10
843 946
843 766
27 387
27 1108
27 856
387 7
387 215
254 555
254 890
860 999
860 618
860 1113
999 737
947 1153
947 164
132 30
132 1060
135 1088
135 127
1088 215
1088 1186
835 911
835 1129
835 726
911 256
491 145
139 591
197 1148
197 481
197 1141
1148 266
1148 960
11 742
209 1159
209 876
1159 770
1159 312
1002 1060
1002 996
636 564
636 874
812 650
812 680
273 1179
273 874
1179 42
1179 388
1098 1113
1113 496
41 1058
41 35
41 75
625 929
625 380
625 13
929 356
104 332
104 204
598 888
598 286
103 624
103 548
103 438
624 1170
624 578
44 788
2 657
657 112
703 149
742 774
742 72
352 626
352 471
626 545
626 1166
406 746
406 483
406 363
746 43
746 1051
449 824
449 1102
449 879
824 796
824 281
117 271
117 1009
117 222
271 134
271 479
232 229
89 509
89 100
417 1057
417 849
417 75
1057 437
1057 301
127 389
420 537
420 552
420 959
630 466
615 1121
615 101
1121 67
1121 1112
253 952
564 667
564 1124
667 393
667 528
796 153
1041 1149
1041 640
1041 1053
1149 1081
1149 137
57 1015
57 468
1015 511
955 1082
955 539
1082 1103
1082 1076
6 892
6 896
393 110
73 550
73 701
73 141
550 839
550 686
475 481
475 1095
475 951
481 396
479 1009
479 210
501 768
501 890
501 484
768 85
567 487
567 422
749 807
749 307
17 655
17 922
17 443
655 468
655 555
178 1017
178 708
1017 485
1017 780
330 477
330 268
477 755
477 47
788 61
788 453
1102 984
1102 976
123 672
123 600
1079 1089
1079 262
1079 528
1089 116
1089 588
154 516
154 432
516 1157
30 1183
315 1107
315 256
315 885
1107 223
258 344
258 828
258 288
344 246
238 286
238 928
238 1061
286 386
563 571
571 505
444 328
444 201
175 202
175 138
175 405
328 642
9 664
9 130
664 614
434 410
434 561
40 1181
40 323
1181 225
1181 1194
90 364
734 724
208 1061
208 1081
832 345
832 671
433 408
64 841
64 813
64 1004
1193 894
1193 1028
1151 921
1151 717
1037 298
1037 877
276 617
276 1052
276 112
617 50
617 3
1023 1040
1023 1046
1023 61
1040 108
1040 889
828 1059
845 1033
845 1178
845 511
1033 473
772 76
772 490
101 257
101 455
93 531
93 92
531 853
345 1133
345 951
225 188
1025 1078
1025 1095
1170 956
579 775
579 144
775 858
1045 210
1045 228
847 177
847 129
562 722
562 1100
1103 959
894 1052
894 5
778 389
778 292
774 453
774 398
569 1111
569 576
569 469
1111 476
1111 1063
281 880
55 945
55 1076
681 478
604 1105
604 409
604 756
1105 438
1105 511
618 699
618 846
184 339
184 965
339 466
339 1175
38 1188
38 855
1188 794
1188 870
288 435
499 972
499 855
126 1035
126 1175
1035 902
650 125
650 391
212 535
212 415
608 666
608 332
666 1083
666 270
386 181
640 974
1183 13
1183 505
627 801
627 80
801 718
1003 726
1003 372
1026 1112
1026 191
576 755
755 161
680 588
213 405
213 825
324 390
324 399
324 380
390 207
390 969
660 1062
819 863
819 736
863 1127
863 1139
834 991
834 930
834 319
991 211
993 1164
993 309
1164 246
1164 692
410 1078
1104 942
1104 728
858 1197
548 867
548 1038
309 534
266 547
266 930
547 862
36 350
36 67
350 112
290 1123
259 773
259 337
259 912
773 822
773 1133
61 356
702 80
702 1010
883 1125
883 1059
883 697
652 704
652 584
652 267
704 519
704 539
13 897
897 729
897 1132
109 456
109 514
109 890
456 1150
414 912
414 698
414 977
421 678
421 298
76 1062
466 549
549 542
549 685
519 620
1083 326
210 747
957 374
889 577
603 490
395 1055
395 343
1055 50
1055 385
161 708
161 670
110 1071
1071 478
1071 131
300 494
300 982
437 621
437 7
1078 1093
933 432
867 389
674 95
400 924
400 141
1123 978
1123 1073
255 873
255 1195
255 540
873 168
873 642
879 880
880 1051
985 1127
985 789
985 8
554 940
554 96
554 430
940 585
157 486
402 230
402 1139
711 349
1012 211
78 458
458 620
978 8
506 1146
506 56
689 697
697 718
592 764
592 559
764 805
130 361
361 679
361 484
851 794
323 1169
323 928
1169 876
1169 1138
192 22
584 534
584 544
374 92
1031 234
1031 931
945 717
296 779
296 314
296 1154
779 145
116 1077
1077 738
398 885
544 717
685 861
861 1066
35 904
35 977
108 556
108 882
556 403
974 930
892 1046
892 719
726 754
754 504
754 1054
138 941
138 813
92 962
962 1044
962 1156
216 971
216 751
483 293
483 62
51 1194
51 52
51 682
1194 1178
687 235
687 802
941 936
100 514
25 512
25 822
25 1134
399 362
582 270
922 965
922 682
289 535
735 1020
552 54
122 1087
122 577
122 292
1087 578
1087 455
1146 1008
770 721
770 222
425 829
425 220
1174 805
1166 1180
5 728
924 359
673 1154
780 836
780 982
836 1106
54 732
85 301
314 1004
314 204
794 856
792 359
509 751
428 878
96 385
158 942
317 409
317 572
317 403
409 572
805 942
49 185
49 729
185 849
349 806
349 577
485 545
485 75
3 977
415 921
415 699
921 678
529 1197
214 293
214 891
293 1176
523 1128
523 676
523 1163
1128 412
882 1066
882 298
1066 224
144 381
301 830
287 484
287 502
287 645
235 62
1020 553
737 719
642 432
142 223
142 1076
142 1144
223 935
804 229
804 591
219 1000
219 195
1000 1073
1000 936
1153 701
1044 888
1044 29
919 747
605 14
966 1118
467 585
467 830
585 886
888 1144
539 613
833 304
372 698
372 756
849 378
798 806
798 707
809 416
46 1095
46 264
268 990
268 581
990 676
194 435
194 1157
581 195
581 505
1061 670
913 445
913 891
91 56
91 813
177 435
177 791
964 153
964 781
1189 498
1189 542
1062 416
1038 1150
1038 284
1150 865
69 385
69 600
193 829
193 58
829 1069
134 797
676 56
1106 1028
965 821
1036 125
1032 540
269 521
269 231
269 170
521 914
521 1191
145 381
316 1132
1132 195
408 380
149 378
189 1004
50 496
535 1144
1008 719
541 710
710 1138
721 797
557 1063
1063 783
791 821
821 304
476 594
1053 1180
1158 337
319 724
996 1171
487 48
561 1192
1178 14
1163 1100
637 43
334 366
366 463
928 781
706 853
597 946
946 359
971 876
766 422
504 1176
504 257
416 641
641 1199
969 99
137 686
783 956
620 908
789 899
1198 968
686 453
343 728
67 275
1112 47
72 332
72 596
354 396
354 318
422 188
382 553
181 862
1186 1199
1073 141
125 931
736 601
445 463
478 226
370 987
498 284
182 1069
1069 756
852 1135
47 1109
714 43
381 131
231 1133
959 29
229 952
378 455
502 596
502 170
596 688
463 790
972 870
972 48
496 679
679 318
781 866
741 1156
1141 270
168 862
168 839
29 645
99 707
280 729
362 807
896 1191
275 1064
1064 256
707 200
262 1093
307 427
58 688
305 170
960 1124
1010 355
865 760
534 601
699 684
427 471
1096 204
885 935
935 95
1191 326
326 220
14 430
221 621
221 1054
191 318
191 751
234 257
902 292
580 1028
580 987
553 1051
1054 555
701 987
355 760
48 220
321 588
