2500 3750
661 1435
661 1861
661 399
1435 955
1435 1072
275 762
275 2420
275 1098
762 1476
762 2349
531 688
531 1617
531 219
688 1468
688 2220
951 1948
951 754
951 644
1948 2454
1948 1875
423 1234
423 540
423 1321
1234 1669
1234 258
1 113
1 2003
1 142
113 2455
113 1008
1165 1499
1165 1281
1165 539
1499 1529
1499 1803
1180 1362
1180 1132
1180 1262
1362 948
1362 1978
209 1985
209 1015
209 1338
1985 2057
1985 1557
927 2085
927 257
927 2043
2085 1709
2085 932
1951 2142
1951 138
1951 1916
2142 2479
2142 1701
794 1592
794 1748
794 191
1592 1186
1592 1720
284 438
284 1122
284 441
438 392
438 1828
332 1381
332 1484
332 282
1381 1203
1381 2178
1112 1227
1112 1605
1112 1146
1227 1276
1227 447
1117 2096
1117 2233
1117 1224
2096 1282
2096 2202
498 2496
498 976
498 2229
2496 83
2496 2380
1664 2494
1664 2031
1664 528
2494 632
2494 1324
77 108
77 287
77 1905
108 993
108 1388
484 1515
484 1606
484 452
1515 996
1515 1562
226 582
226 2383
226 930
582 892
582 1337
358 1555
358 1677
358 633
1555 2153
1555 1774
648 1208
648 1809
648 2384
1208 1441
1208 745
742 2304
742 1382
742 968
2304 1564
2304 1572
1211 2145
1211 1353
1211 494
2145 1008
2145 44
473 1621
473 1269
473 1266
1621 656
1621 657
678 1007
678 2449
678 1775
1007 2066
1007 1899
1340 2146
1340 712
1340 526
2146 82
2146 2062
2157 2368
2157 1890
2157 1145
2368 2421
2368 1404
83 389
83 1286
389 882
389 1351
808 2285
808 1341
808 2060
2285 1748
2285 1328
895 2253
895 1378
895 370
2253 1283
2253 978
990 2033
990 117
990 180
2033 1306
2033 1295
948 1220
948 1507
1099 1674
1099 2403
1099 103
1674 1988
1674 982
843 1834
843 348
843 2084
1834 687
1834 2065
1077 1772
1077 2235
1077 59
1772 946
1772 1685
1566 2049
1566 190
1566 1591
2049 2286
2049 1271
779 2078
779 911
779 326
2078 343
2078 2488
149 1911
149 1315
149 246
1911 1764
1911 1626
1352 2385
1352 278
1352 2404
2385 2004
2385 1059
1016 1496
1016 1862
1016 1028
1496 2435
1496 1736
1245 2259
1245 713
1245 14
2259 122
2259 2212
1136 2352
1136 1417
1136 231
2352 253
2352 1124
327 1688
327 293
327 690
1688 154
1688 811
28 983
28 435
28 760
983 1611
983 2077
122 1139
122 36
1139 540
1139 1311
1657 2203
1657 1949
1657 274
2203 829
2203 597
187 1156
187 1169
187 2266
1156 71
1156 1591
1255 2043
1255 810
1255 1740
2043 380
150 1912
150 215
150 303
1912 142
1912 2068
2245 2373
2245 342
2245 1679
2373 2246
2373 493
307 1072
307 1384
307 2491
1072 1257
2166 2229
2166 2419
2166 1260
2229 13
882 1675
882 769
1012 2056
1012 2421
1012 2348
2056 1914
2056 2088
1446 2397
1446 908
1446 2442
2397 1419
2397 2209
1183 1529
1183 1627
1183 1053
1529 1535
946 1702
946 311
1702 2392
1702 387
235 378
235 1109
235 457
378 2389
378 1104
1480 1752
1480 2271
1480 1293
1752 1896
1752 755
1221 1412
1221 239
1221 1778
1412 2314
1412 2389
864 1520
864 1729
864 1350
1520 384
1520 1696
872 1344
872 1316
872 1552
1344 14
1344 624
790 1683
790 689
790 1845
1683 2090
1683 1723
797 1350
797 1042
797 2320
1350 76
1404 1613
1404 2296
1613 1098
1613 2339
892 1847
892 376
1847 724
1847 264
420 1363
420 1997
420 2450
1363 1192
1363 886
507 2414
507 2064
507 789
2414 124
2414 1511
929 1469
929 809
929 1800
1469 425
1469 2107
54 1651
54 1731
54 1545
1651 889
1651 205
1714 2184
1714 651
1714 1163
2184 2003
2184 1304
908 802
908 1587
1128 1715
1128 2073
1128 1899
1715 1989
1715 1768
701 1233
701 2340
701 2122
1233 827
1233 1366
819 1225
819 2195
819 1663
1225 1994
1225 2393
1041 1301
1041 2001
1041 898
1301 453
1301 1341
581 679
581 2255
581 195
679 1296
679 2186
49 489
49 1696
49 43
489 2358
489 1096
658 1765
658 416
658 1400
1765 2431
1765 509
1251 2459
1251 246
1251 1491
2459 2238
2459 1849
349 1833
349 2254
349 1265
1833 1229
1833 2294
1111 2156
1111 2067
1111 501
2156 1816
2156 1527
18 1584
18 376
18 478
1584 893
1584 1956
1565 2097
1565 1916
1565 147
2097 1432
2097 1096
363 1359
363 413
363 131
1359 1174
1359 693
2421 2328
2080 2283
2080 1590
2080 2140
2283 402
2283 822
919 2071
919 2196
919 2319
2071 462
2071 556
684 1939
684 1199
684 1561
1939 2281
1939 1427
273 1056
273 410
273 800
1056 2323
1056 1466
1265 1841
1265 2092
1841 1593
1841 1113
592 1038
592 34
592 1407
1038 2282
1038 1666
138 1771
138 57
1771 627
1771 1109
427 476
427 1878
427 402
476 610
476 1717
1665 2040
1665 1297
1665 2443
2040 2230
2040 1801
1000 1241
1000 453
1000 241
1241 1383
1241 1113
434 1504
434 2401
434 738
1504 2232
1504 530
1184 2490
1184 2240
1184 1134
2490 2014
2490 492
1369 1898
1369 590
1369 1342
1898 1902
1898 398
3 1317
3 2462
3 365
1317 708
1317 229
1843 2046
1843 1325
1843 940
2046 1461
2046 1596
1943 2133
1943 2093
1943 1696
2133 612
2133 1126
880 1361
880 721
880 1965
1361 148
1361 1640
1322 2460
1322 502
1322 1103
2460 2251
2460 446
1631 2163
1631 2152
1631 637
2163 787
2163 2054
1011 1143
1011 894
1011 969
1143 1266
1143 957
1627 396
1627 574
737 903
737 2370
737 547
903 806
903 1495
614 2410
614 2026
614 1513
2410 2438
2410 820
753 1256
753 695
753 175
1256 1080
1256 2420
2228 2418
2228 2058
2228 1512
2418 952
2418 799
2276 2315
2276 1889
2276 773
2315 340
2315 2099
539 775
539 1295
775 2319
775 74
766 1195
766 123
766 962
1195 177
1195 594
86 304
86 2048
86 2131
304 167
304 950
712 2424
712 2015
453 224
596 2477
596 758
596 2406
2477 669
2477 906
193 515
193 1655
193 765
515 2256
515 1722
1405 1941
1405 2376
1405 2289
1941 351
1941 22
1160 1207
1160 1927
1160 743
1207 1551
1207 126
305 464
305 1745
305 2210
464 635
464 2120
383 792
383 1201
383 1047
792 204
792 1306
1382 2223
1382 1589
2223 848
2223 726
250 1431
250 2129
250 542
1431 1500
1431 2190
116 1580
116 1625
116 1853
1580 1502
1580 223
863 1020
863 139
863 1466
1020 561
1020 1155
656 807
656 1031
807 1471
807 467
1633 2250
1633 1880
1633 829
2250 965
2250 1045
219 918
219 1140
918 1512
918 554
829 1372
1372 1648
1372 2191
270 591
270 339
270 133
591 96
591 568
1028 1581
1028 306
1581 1278
1581 1460
2462 1151
2462 1761
676 1050
676 1238
676 1285
1050 255
1050 1416
277 1124
277 2463
277 2349
1124 777
1384 2268
1384 1577
2268 2280
2268 443
1147 1538
1147 204
1147 516
1538 1942
1538 1467
120 2489
120 1300
120 1722
2489 445
2489 75
565 1936
565 1642
565 2417
1936 1275
1936 269
799 2023
799 1308
2023 2124
2023 2138
97 290
97 357
97 1616
290 366
290 173
540 1485
34 1668
34 1589
1668 966
1668 230
1365 2291
1365 1861
1365 110
2291 229
2291 444
826 1339
826 1518
826 2191
1339 474
1339 1640
1993 2497
1993 496
1993 490
2497 2433
2497 1689
1414 1509
1414 740
1414 2441
1509 155
1509 957
896 2486
896 2374
896 2305
2486 1703
2486 1445
708 1203
708 2011
1203 1500
125 2051
125 1219
125 646
2051 2482
2051 1867
58 75
58 2047
58 994
75 212
922 1312
922 1763
922 1586
1312 2428
1312 1015
156 1135
156 1455
156 2455
1135 1089
1135 823
914 1079
914 2106
914 1351
1079 2139
1079 1075
241 2262
241 1551
2262 2175
2262 2091
341 2349
341 1502
341 745
1680 1893
1680 1977
1680 308
1893 1495
1893 121
1313 1462
1313 970
1313 1311
1462 663
1462 2028
37 217
37 1371
37 1239
217 1455
217 254
24 1101
24 1708
24 215
1101 386
1101 1910
339 130
339 1417
554 772
554 980
772 163
772 1786
1175 1348
1175 208
1175 225
1348 1864
1348 599
296 1151
296 1713
296 617
1151 965
112 1479
112 1544
112 823
1479 1082
1479 1887
2066 1237
2066 151
1366 2493
1366 529
2493 825
2493 1487
2282 1975
2282 728
416 1285
416 139
212 254
212 369
254 329
1036 1455
1036 847
1036 1127
63 2197
63 2079
63 1449
2197 2357
2197 750
274 1477
274 1158
1477 754
1477 2015
380 741
380 162
741 573
741 800
671 2345
671 605
671 1887
2345 945
2345 2337
1826 2068
1826 1719
1826 2230
2068 846
758 952
758 1071
952 151
825 862
825 847
862 934
862 640
972 1964
972 2140
972 1916
1964 1959
1964 429
2124 827
2124 495
1672 2275
1672 724
1672 917
2275 214
2275 878
1013 2081
1013 725
1013 388
2081 2067
2081 1770
19 60
19 1267
19 2063
60 1268
60 1706
394 1169
394 1303
394 233
1169 1781
1614 2190
1614 140
1614 2384
2190 1418
1375 1679
1375 285
1375 2149
1679 1541
517 1505
517 152
517 477
1505 483
1505 664
1017 1971
1017 2214
1017 642
1971 2201
1971 2485
1729 154
1729 2335
357 2041
357 2396
2041 1838
2041 874
147 245
147 1883
245 170
245 1526
293 299
293 157
299 2390
299 343
164 334
164 1419
164 1927
334 1125
334 69
1710 2014
1710 1610
1710 2475
2014 1711
223 1552
223 776
1552 1197
182 468
182 2106
182 208
468 1323
468 590
1862 1865
1862 195
414 482
414 1676
414 1159
482 1187
482 913
746 955
746 1224
746 875
955 521
1288 2141
1288 1810
1288 651
2141 568
2141 1447
1334 1354
1334 999
1334 2430
1354 1763
1354 1545
1449 1866
1449 2399
1866 1502
1866 1788
1899 2264
405 2468
405 1259
405 300
2468 597
2468 1950
2435 258
2435 2144
891 1458
891 2207
891 1859
1458 2402
1458 240
971 2470
971 1870
971 2173
2470 2487
2470 1554
1042 2451
1042 2116
1551 655
1849 1921
1849 1231
1921 1894
1921 1321
1286 1844
1286 2307
1844 1215
1844 1713
966 2391
966 1434
2391 889
2391 1728
1167 2381
1167 2371
1167 1103
2381 236
2381 1605
1009 1944
1009 1351
1009 697
1944 1385
1944 1773
16 1725
16 2123
16 2338
1725 1281
1725 1787
425 761
425 634
761 1970
761 1894
1448 2171
1448 1579
1448 1373
2171 2261
2171 1556
336 503
336 1008
336 2498
503 879
503 1981
1874 2279
1874 1047
1874 2218
2279 1767
2279 1463
1289 1360
1289 771
1289 1719
1360 2312
1360 1299
2380 0
2380 1189
535 2326
535 1733
535 2281
2326 1754
2326 163
999 1786
999 1788
1786 665
2153 1110
2153 183
1606 228
1606 1933
542 873
542 1860
873 756
873 2136
2016 2219
2016 1542
2016 1603
2219 1201
2219 2107
413 51
413 1194
85 777
85 141
85 321
777 1963
683 2044
683 1521
683 2086
2044 2263
2044 719
1148 2260
1148 2484
1148 134
2260 1717
2260 2199
627 654
627 1108
884 2479
884 781
884 798
2479 1257
1303 1932
1303 933
340 518
340 706
1332 2346
1332 78
1332 31
2346 1611
2346 973
167 852
167 2265
852 2461
852 30
1108 2452
1108 1493
2452 8
2452 1940
721 1823
721 1817
280 500
280 1980
280 861
500 1812
500 115
459 1634
459 796
459 238
1634 2472
1634 1782
23 2415
23 1447
23 2287
2415 202
2415 95
298 368
298 594
298 727
368 1280
368 2218
2264 2442
2264 153
2442 1986
1033 1640
1033 369
1033 323
452 1100
452 324
1100 2339
1100 2188
2079 720
2079 981
249 2318
249 1177
249 234
2318 1723
2318 1238
1787 2108
1787 316
2108 228
2108 2168
110 1894
110 311
947 1982
947 79
947 1142
1982 331
1982 1219
331 1713
331 1290
431 897
431 1121
431 133
897 2194
897 33
239 21
239 571
144 1249
144 194
144 2136
1249 612
1249 168
1309 1660
1309 1685
1309 2107
1660 876
1660 294
817 969
817 10
817 289
969 260
1957 2290
1957 711
1957 1571
2290 1030
2290 1074
448 577
448 101
448 598
577 1764
577 1842
615 1508
615 1442
615 904
1508 1392
1508 856
1199 958
1199 2325
321 393
321 621
393 1403
393 1804
1098 1333
1333 1188
1333 494
1164 1607
1164 1692
1164 173
1607 1974
1607 961
1259 2104
1259 2308
2104 2251
2104 477
589 1721
589 1161
589 1320
1721 162
1721 2333
1399 1855
1399 88
1399 525
1855 2055
1855 1779
80 1349
80 631
80 333
1349 2045
1349 1594
15 57
15 2491
15 242
57 2216
917 1586
917 152
1586 2406
717 1003
717 1078
717 1969
1003 104
1003 985
1692 247
1692 1433
506 2360
506 1031
506 696
2360 1925
2360 1816
1930 2128
1930 1848
1930 154
2128 1262
2128 566
814 1430
814 1602
814 673
1430 230
1430 1394
1889 48
1889 1630
51 1062
51 1652
1062 1550
1062 491
2371 17
2371 2131
975 1792
975 2069
975 497
1792 572
1792 585
578 1976
578 568
578 96
1976 2400
1976 1622
2207 1582
2207 1695
561 2422
561 409
1561 2267
1561 1395
2267 976
2267 538
989 2221
989 1200
989 481
2221 1682
2221 690
1140 1507
1140 1895
557 1544
557 2154
557 2422
1544 1744
2067 524
1532 2240
1532 2317
1532 855
2240 207
1593 92
1593 2377
194 2395
194 1421
2395 1080
2395 1292
1357 1979
1357 4
1357 1522
1979 1839
1979 820
1323 1947
1323 2143
979 1273
979 1287
979 1433
1273 455
1273 1152
1877 2423
1877 1131
1877 1206
2423 1961
2423 1394
776 2342
776 106
2342 1737
2342 1319
637 1015
637 216
118 2256
118 1368
118 1835
2256 932
1549 2329
1549 545
1549 1775
2329 2377
2329 1246
597 2111
2111 935
2111 1230
314 590
314 2367
314 2458
1547 1730
1547 410
1547 856
1730 367
1730 2026
1268 1762
1268 1021
1295 2269
2269 1090
2269 1237
732 1926
732 2192
732 504
1926 1065
1926 1087
2433 1717
2433 1482
1090 2394
1090 384
2394 2116
2394 2174
103 412
103 1523
412 303
412 442
722 1998
722 2091
722 87
1998 786
1998 1553
530 1419
530 1682
1497 2403
1497 950
1497 143
2403 786
848 403
848 2408
2449 1945
2449 1583
603 2306
603 767
603 1794
2306 323
2306 981
875 1831
875 229
1831 2209
1831 1078
1763 367
246 211
1575 1950
1575 563
1575 1622
1950 681
1762 135
1762 1780
1758 2300
1758 1703
1758 134
2300 516
2300 1757
2265 2396
2265 1991
2396 1290
447 2180
447 1848
2180 1839
2180 1654
211 621
211 1018
668 2148
668 1791
668 333
2148 67
2148 2204
2296 1386
2296 2155
1649 1755
1649 197
1649 1356
1755 1005
1755 320
664 2443
664 1411
2443 2189
40 1267
40 2331
40 370
1267 1700
199 1669
199 76
199 1237
1669 2161
993 206
993 279
1573 1845
1573 1065
1573 1080
1845 984
1630 2379
1630 1258
2379 1302
2379 2375
306 1157
306 1482
1157 1373
1157 1314
69 1330
69 2007
1330 782
1330 2149
1553 1903
1553 1728
1903 2113
1903 70
329 151
329 213
369 2353
287 1302
287 1413
1210 2323
1210 2168
1210 2195
2323 562
2116 749
519 2060
519 2324
519 2031
2060 2210
636 659
636 574
636 2407
659 1795
659 520
876 1055
876 1067
1205 1570
1205 457
1205 444
1570 2057
1570 705
236 805
236 1789
805 1082
805 55
981 2091
964 1364
964 1411
964 1737
1364 1159
1364 538
1078 861
119 1272
119 350
119 1345
1272 472
1272 319
1089 1624
1089 433
1624 1560
1624 1967
1588 2274
1588 1612
1588 2227
2274 205
2274 1608
579 619
579 1681
579 2115
619 485
619 1784
292 297
292 159
292 2298
297 404
297 901
2314 1527
2314 1919
2093 639
2093 1415
1324 2430
1324 702
2430 583
1756 2087
1756 2059
1756 1193
2087 2372
2087 1938
657 1868
657 13
490 1444
490 1739
1444 818
1444 1105
1319 2086
1319 64
2086 430
266 833
266 1428
266 663
833 697
833 670
1086 1884
1086 556
1086 320
1884 170
1884 2324
109 2018
109 1925
109 373
2018 1162
2018 433
887 2083
887 180
887 315
2083 585
2083 1933
2132 2374
2132 943
2132 1387
2374 1173
1662 2425
1662 2162
1662 1320
2425 1691
2425 121
1577 855
1577 1705
1493 609
1493 1977
2451 869
2451 2284
1235 1454
1235 121
1235 1718
1454 106
1454 1645
106 2293
170 2469
1867 2076
1867 726
2076 2120
2076 1642
27 1081
27 1735
27 2332
1081 272
1081 915
1748 157
1578 1793
1578 888
1578 1513
1793 743
1793 556
727 1429
727 87
1429 2457
1429 2363
2402 1306
2402 858
1027 1541
1027 2302
1027 2199
1541 480
2224 2313
2224 1325
2224 1436
2313 1415
2313 699
1908 2193
1908 1711
1908 858
2193 1122
2193 1852
771 1355
771 1852
1355 6
1355 728
10 1522
10 1389
1522 1061
660 1604
660 1257
660 1546
1604 587
1604 1719
348 2432
348 1179
180 43
1928 2436
1928 1439
1928 1177
2436 362
2436 407
261 695
261 1336
261 2473
695 2499
740 2270
740 200
2270 1046
2270 904
546 2176
546 264
546 1919
2176 1947
2176 387
1579 2139
1579 1628
2139 1995
195 1424
1424 2254
1424 1029
842 1909
842 984
842 2432
1909 1670
1909 1559
796 1346
796 133
2241 2258
2241 2350
2241 1645
2258 837
2258 2242
911 1222
911 1049
1222 1783
1222 1569
2246 958
2246 2188
1625 1068
1625 4
543 1878
543 1693
543 1478
1878 1840
11 1868
11 272
11 1021
1868 454
835 1232
835 713
835 446
1232 2057
1232 508
2002 2012
2002 2034
2002 45
2012 1194
2012 2358
390 1635
390 1254
390 2448
1635 871
1635 1291
2140 143
567 1417
567 837
567 1644
2255 181
2255 2200
44 1901
44 513
1901 1483
1901 364
155 2151
155 2409
1701 2020
1701 1300
2020 1014
2020 699
2175 2434
2175 1992
2434 874
2434 1967
644 1371
644 2440
1371 1171
432 963
432 1064
432 1711
963 698
963 770
88 107
88 198
107 2359
107 868
47 2055
47 536
47 1043
2055 687
930 1356
930 2348
1356 774
45 145
45 2382
145 505
145 650
319 2105
319 1092
2105 1556
2105 1723
279 986
279 784
986 885
986 2209
1432 456
1432 441
841 1247
841 1524
841 2457
1247 915
1247 202
1115 2161
1115 1501
1115 1243
2161 1791
65 388
65 178
65 295
388 1393
730 1187
730 773
730 1326
1187 1813
92 2328
92 1276
2328 1722
879 883
879 1745
1890 1376
1890 186
1158 2122
1158 764
2122 1618
1760 2456
1760 677
1760 626
2456 1690
2456 258
271 1396
271 1091
271 285
1396 584
1396 353
1495 1974
2461 1962
2461 1923
354 527
354 2126
354 2110
527 171
527 1409
585 1034
1034 2013
1034 90
616 2333
616 288
616 1966
2333 1879
228 1766
497 921
497 960
921 9
921 899
912 934
912 1093
912 286
934 479
318 461
318 2092
318 2407
461 1308
461 1385
2130 2440
2130 2109
2130 1518
2440 536
2389 1122
1802 1900
1802 769
1802 361
1900 537
1900 1638
1242 2386
1242 902
1242 1678
2386 1118
2386 1510
694 940
694 2155
694 1440
940 1777
1095 2187
1095 1178
1095 1512
2187 2350
2187 53
353 647
353 137
647 681
647 2126
2254 1403
560 1800
560 267
560 924
1800 1697
323 2174
2303 2331
2303 735
2303 965
2331 2000
171 716
171 781
1231 1819
1231 46
1819 1389
1819 1023
593 1568
593 867
593 1380
1568 1215
1568 50
1418 2319
1418 148
26 1600
26 1010
26 2048
1600 1264
1600 1292
127 1503
127 666
127 1820
1503 128
1503 1681
710 1595
710 176
710 2307
1595 2173
1595 2000
2047 1193
2047 522
1274 1637
1274 2170
1274 1571
1637 923
1637 1392
1837 2159
1837 1450
1837 655
2159 1261
2159 1406
518 607
518 417
607 1811
607 406
1172 2034
1172 767
1172 1525
2034 2302
1353 2195
1353 1962
2024 2134
2024 1737
2024 1554
2134 1179
2134 716
610 1043
610 2177
160 2439
160 1869
160 1751
2439 812
2439 1736
1442 2004
1442 276
836 1410
836 449
836 1197
1410 351
1410 1023
1161 1310
1161 1619
48 255
48 1488
553 1616
553 2404
553 2063
1616 604
635 1277
635 1119
1277 1902
1277 1001
1132 2284
1132 1153
130 467
130 1456
467 1808
6 1892
6 2474
1892 46
1892 4
104 2029
104 237
800 2247
2247 984
2247 2077
1611 1212
976 1835
1835 1726
1464 1918
1464 1408
1464 2366
1918 1961
1918 774
649 2114
649 139
649 1647
2114 874
2114 2365
2271 76
2271 1724
1518 548
283 1648
283 238
283 1224
1648 2406
1810 1917
1810 831
1917 2355
1917 2354
272 2062
1842 1986
1842 1083
1986 2063
1465 1474
1465 2251
1465 806
1474 1795
1474 1107
735 1270
735 148
1022 2216
1022 142
1022 994
2216 504
1666 2094
1666 1809
189 1949
189 1776
189 998
1949 1656
1850 2484
1850 1439
1850 1168
2484 1299
1264 117
1264 1539
763 1318
763 1812
763 840
1318 460
1318 2220
1091 1263
1091 1383
1263 1276
1263 1176
888 1968
888 374
124 1261
124 2177
17 302
17 564
302 177
302 1700
174 1597
174 1206
174 822
1597 111
1597 2344
1220 2198
1220 419
1336 1891
1336 1661
1018 1315
1018 2212
1315 1280
1044 1453
1044 686
1044 704
1453 450
1453 545
1864 1838
1864 1293
1159 2077
1852 655
631 646
631 2369
646 915
2189 2311
2189 1485
126 1785
126 268
1785 718
1785 2417
1218 1983
1218 2299
1218 1387
1983 1650
1983 2355
2152 355
2152 1813
404 1766
404 643
1766 606
1296 359
1296 1832
768 1145
768 728
768 159
1145 72
403 2444
403 641
2444 739
2444 1694
1768 1897
1768 1820
1897 93
1897 2205
1216 1829
1216 1654
1216 2363
1829 628
1829 1927
2037 2467
2037 1024
2037 371
2467 1858
2467 747
179 866
179 243
179 633
866 1798
866 457
744 1281
744 1470
744 1451
1428 2042
1428 1116
782 2476
782 1536
2476 1131
2476 282
1193 723
1422 2019
1422 2222
1422 662
2019 1705
2019 893
1019 1931
1019 1524
1019 2026
1931 488
1931 2029
238 2450
956 1991
956 846
956 2238
1991 25
128 411
128 1603
411 1622
411 188
846 1456
877 2341
877 1131
877 2082
2341 384
2341 2088
162 2437
932 2011
2011 1658
697 1738
492 2121
492 1114
2121 1828
2121 1127
1870 1922
1870 2027
1922 1511
1922 2393
653 906
653 2172
653 769
906 12
2281 1543
991 1459
991 785
991 1929
1459 31
1459 1977
355 961
355 709
1902 475
1030 1300
1030 401
188 812
188 2273
812 738
1001 2492
1001 123
2492 1557
2492 2365
410 510
510 1294
510 2305
2162 2295
2162 1537
2295 982
2295 1801
1150 2126
1150 1767
1150 1494
7 242
7 572
7 2218
242 1214
1639 2025
1639 1525
1639 2196
2025 1896
2025 1956
1605 838
586 1904
586 992
586 618
1904 2170
1904 1554
42 1777
42 1906
42 1872
1777 2453
1942 1876
1942 343
682 1054
682 514
682 1686
1054 1673
1054 900
46 1667
1667 2266
1667 204
504 523
1046 1533
1046 1659
1932 2356
1932 1047
961 2239
926 1945
926 1526
926 2170
1945 466
1527 665
996 491
996 1370
698 1709
698 1252
1709 755
2438 2432
2438 1177
1064 1201
1064 466
345 767
345 2138
345 2022
2109 2181
2109 1863
2181 1859
2181 2212
1925 2144
2358 1253
533 558
533 1171
533 1658
558 703
558 294
1764 1997
1997 709
451 525
451 1699
451 408
525 1599
752 1685
752 2084
752 1967
346 997
346 1851
346 1049
997 734
997 633
1703 1246
244 2032
244 317
244 2059
2032 1707
2032 1440
408 1466
408 1823
1689 71
1689 433
1043 342
1126 1337
1126 1545
1337 2327
1471 785
1471 1094
1335 1856
1335 1052
1335 365
1856 941
1856 1401
115 426
115 1684
426 424
426 1037
2235 907
2235 2028
840 2408
840 1331
2408 1244
367 1807
267 2277
267 634
31 1744
1744 78
2031 295
478 743
478 291
32 2383
32 2115
32 66
2383 1987
2172 436
2172 675
756 2320
756 1059
569 1684
569 1587
569 1832
1684 364
757 2000
757 372
757 795
725 885
725 2416
885 1540
837 894
41 747
41 828
41 1346
747 1789
2469 1198
2469 1818
1754 2455
1754 2007
844 2154
844 545
844 2204
2154 1540
632 1331
632 1074
1331 2343
1846 2458
1846 1282
1846 1191
2458 2035
214 1492
214 2099
1492 1609
1492 1088
950 2417
1946 1987
1946 73
1946 1953
1987 1004
1484 400
1484 1886
2058 1825
2058 1969
435 1467
435 1623
718 1472
718 379
943 205
943 2005
1214 1314
1214 1750
1314 1107
1490 2301
1490 1972
1490 857
2301 1741
2301 1960
541 1743
541 629
541 1881
1743 1051
1743 1473
1374 1452
1374 1368
1374 937
1452 2103
1452 1612
1861 998
71 1416
2123 311
2123 2164
1478 2183
1478 2165
2183 931
2183 573
168 185
168 2231
185 815
185 303
252 822
252 736
252 1805
471 2029
471 2398
471 1562
1981 2232
1981 2289
580 1298
580 2293
580 360
1298 1087
1298 670
310 1437
310 1968
310 628
1437 407
1437 680
178 978
178 1379
1935 2278
1935 1620
1935 1287
2278 163
2278 1670
2201 351
2201 2100
1526 291
1491 2387
1491 2119
2387 2305
2387 865
198 184
198 1871
923 760
923 1200
373 559
373 2227
559 418
559 1427
200 259
200 1059
259 2370
259 220
475 2035
475 29
2035 2200
521 1248
521 2340
1248 623
1248 1035
2312 2102
2312 555
87 886
344 532
344 774
344 2464
532 573
532 1188
450 1797
450 2375
196 2211
196 2200
196 2327
2211 1988
2211 1068
256 2225
256 62
256 1163
2225 865
2225 455
2280 1815
2280 38
505 980
505 2365
980 2106
2320 1513
680 1506
680 1058
1506 1528
1506 2094
2400 2483
2400 1229
913 1628
913 1749
1628 1185
1120 1283
1120 936
1120 2070
1283 1149
1745 1937
715 1463
715 925
715 2287
1463 1200
1154 1919
1154 534
1154 816
2062 401
395 1229
395 2413
395 764
810 2411
810 2248
2411 362
2411 2110
1558 2125
1558 706
1558 2230
2125 544
2125 1206
1822 2463
1822 2073
1822 995
2463 509
1749 2030
1749 1781
2069 366
2069 1992
1691 2446
1691 1116
513 392
513 485
1094 1123
1094 709
1123 1814
1123 1191
920 1873
920 1647
920 831
1873 1594
1873 213
382 2234
382 487
382 938
2234 1347
2234 1461
165 2465
165 2036
165 707
2465 1750
2465 537
973 2001
973 437
2001 1182
141 1058
141 2112
724 1934
1934 312
1934 2426
1084 1423
1084 2010
1084 516
1423 206
1423 824
1269 1661
1269 1818
172 2095
172 2471
172 1021
2095 1196
2095 1623
1731 832
1731 1291
605 534
605 2475
587 2194
587 2177
2194 375
231 2330
231 1176
2330 2491
2330 1956
190 1475
190 2243
1475 25
1475 2135
786 444
1706 1735
1706 463
1735 243
1134 2363
1134 2289
1708 216
1708 1308
1879 2337
1879 308
2337 169
689 2098
689 804
2098 1779
2098 910
902 2242
902 1275
2242 2072
572 1724
313 944
313 2213
313 2369
944 1071
944 954
2324 98
1186 1243
1186 538
1316 1426
1316 2061
1995 1542
1995 53
13 442
1198 362
1198 555
1032 2208
1032 210
1032 949
2208 1379
2208 1302
723 2165
723 783
2370 1358
1162 1643
1162 953
1643 36
1643 99
868 2334
868 870
2334 1599
2334 1530
2437 2347
2437 1421
716 982
1109 651
1082 442
1403 855
1869 62
1869 1996
288 1875
288 860
1875 1240
285 2252
1386 1253
1386 1299
1974 1343
1975 53
1975 365
520 720
520 186
720 755
1383 2100
1068 1083
1083 2429
1947 987
681 1836
485 1051
1582 620
1582 2321
869 1250
869 954
257 1398
257 129
1398 248
1398 512
1188 1663
62 780
924 1712
924 2257
1712 2472
1712 2039
465 2101
465 2169
465 639
2101 2237
2101 38
1138 1821
1138 1097
1138 1818
1821 1773
1821 544
1750 1753
224 1746
224 1230
1746 1599
1746 552
789 850
789 1053
850 1609
850 2325
1612 100
514 1806
514 1720
1297 342
1297 397
1254 2261
1254 2013
2261 1858
1238 1486
418 1617
418 1984
1617 1798
197 300
197 2169
300 2129
534 21
352 1751
352 1990
352 2376
1751 2369
381 1320
381 81
381 1291
2220 2499
2499 326
1052 2428
1052 608
2428 2332
1781 574
1814 1827
1814 255
456 2137
456 729
2137 2118
2137 114
101 1619
101 566
203 1170
203 1885
203 1217
1170 2036
1170 399
1535 1759
1535 526
1940 2072
1940 469
2072 1797
575 1801
575 2347
575 2338
853 1400
853 1812
853 536
1400 1790
942 2003
942 1133
942 2199
634 804
804 2129
502 1155
502 308
621 2272
939 2263
939 2144
939 1067
2263 2217
563 2092
563 1778
2307 2135
12 1968
12 1550
1278 2074
1278 2482
2074 780
2074 1626
325 1137
325 89
325 935
1137 901
1137 1144
2168 1598
1655 1796
1655 562
642 1747
642 33
1747 1534
1747 1481
1865 2316
1865 1548
612 338
1848 2478
221 262
221 1029
221 315
262 330
262 652
643 1656
643 1736
1999 2099
1999 1741
1999 1114
1590 2150
1590 2210
783 1048
783 100
1048 1258
1048 666
2090 2366
2090 443
2366 1346
52 1652
52 2064
52 576
1652 1438
2471 2299
2471 909
436 916
436 2231
480 1434
480 624
734 1686
734 1226
1686 1343
606 1031
606 1406
1528 1594
1528 2222
1415 623
70 1377
70 192
1377 102
1377 1824
469 2174
469 1063
645 1757
645 1970
645 750
1757 601
608 2401
608 1546
1185 1213
1185 2498
1213 1338
1213 821
1434 901
1470 222
1470 550
1988 1438
291 2466
726 1769
1882 2309
1882 289
1882 1118
2309 356
2309 780
501 322
501 2110
1051 1687
748 1742
748 1401
748 1954
1742 2009
1742 1472
1155 1920
2472 654
2357 1769
2357 1085
1524 356
1507 260
488 328
488 2158
215 954
1534 787
1534 1523
237 1037
237 1775
1037 1958
312 192
312 1642
751 1487
751 2404
751 2431
1487 617
1609 1025
82 1863
82 289
1859 1392
785 1329
1542 898
1250 317
1250 1796
931 1045
931 421
1045 208
2317 1953
2317 1704
294 1656
2191 1915
898 2405
714 967
714 641
714 2298
967 1990
967 2474
206 2446
2446 2297
1677 93
1677 674
1839 692
2036 177
386 854
386 2409
702 849
702 213
849 1076
849 330
1192 1759
1192 1789
1759 2348
377 1955
377 1182
377 1739
1955 1585
1955 2359
1525 281
1681 243
893 1728
1244 1397
1244 100
1397 1537
1397 1407
84 2233
84 1853
84 1476
2233 1698
2075 2457
2075 251
2075 959
161 1284
161 30
161 493
1284 1113
1284 1174
78 787
2302 2332
1585 2498
1585 409
102 1872
102 68
1872 937
669 372
669 1260
356 1608
1608 974
802 2453
802 1906
1671 2409
1671 1026
1671 2359
1294 1069
1294 2052
2232 1952
1204 1854
1204 1891
1204 417
1854 1002
1854 1924
184 486
184 89
486 129
486 1727
462 1217
462 662
1217 1439
1825 2185
1825 1196
719 2450
719 677
210 1261
210 443
493 2257
1533 401
1533 1905
2136 854
1724 1629
781 1181
713 1959
970 1543
970 1501
1543 428
711 2118
711 397
1619 2419
2227 2481
137 230
137 2151
207 968
207 370
968 670
1121 1734
1121 269
847 1876
2007 2335
2335 595
20 2310
20 216
20 1596
2310 2243
2310 1055
1066 1223
1066 1142
1066 1517
1223 35
1223 1370
588 2273
588 620
588 2164
2273 1923
2266 2426
146 845
146 440
146 1226
845 2478
845 858
338 2327
338 350
1741 33
941 1228
941 1774
1228 191
1228 1780
2311 2113
2311 1550
135 2147
135 1516
2147 1486
2147 1065
1173 641
1173 729
2004 938
828 437
828 962
1880 2495
1880 640
2495 1494
2495 749
2424 2167
2424 2416
1194 1119
499 739
499 824
499 2005
739 1085
1002 2030
1002 201
1620 1638
1620 1933
1638 1596
791 2308
791 1836
791 166
2308 1907
2015 399
265 2378
265 693
265 1823
2378 830
2378 460
831 1972
1972 2065
818 870
818 685
870 1402
571 584
571 1243
584 227
247 2487
247 439
1753 2167
1753 736
2167 2372
824 1440
1618 1659
1618 1794
2340 1393
1305 1482
1305 1782
1305 928
2198 1074
2198 1425
871 1548
871 374
1952 638
1952 1963
232 2322
232 2178
232 1895
2322 2131
2322 276
611 1824
611 1804
611 2294
1824 406
511 1328
511 2347
511 1498
1328 1501
998 1791
663 1598
2487 1105
2178 1734
691 1560
691 1252
691 2412
1560 1070
1441 977
1441 1519
2286 56
2286 1481
385 959
385 376
385 169
959 1023
458 949
458 974
458 2356
949 834
1720 1738
1738 1871
2030 1572
1438 733
1476 1973
1871 1920
449 2464
449 2453
263 337
263 1287
263 2160
337 1797
337 613
1026 1070
1026 1024
129 1427
2005 494
736 1557
1858 1389
158 400
158 910
158 281
400 1853
1307 2215
1307 1654
1307 1447
2215 2179
2215 622
1798 1670
2238 1069
754 1536
1373 2248
904 1236
1587 2089
2089 801
2089 1697
21 925
925 50
599 1310
599 91
1310 361
1733 2179
1733 1881
2179 1040
1102 1293
1102 1965
1102 2399
1467 2112
1076 1088
1076 856
2100 2292
508 1457
508 2164
1457 1519
1457 335
1215 2017
706 2413
677 2244
326 483
838 2351
838 705
2351 1035
2351 1039
2196 39
865 220
2325 811
191 347
1266 2244
1980 136
1980 2244
1196 1905
2045 928
2045 1572
192 2361
2361 73
2361 166
2138 1311
1562 1929
1929 1270
623 2277
549 1057
549 1379
549 1152
1057 550
1057 1699
1483 1118
1483 2398
2239 2293
2239 630
705 1097
2214 1915
2214 1004
1589 2336
1804 2481
2481 832
699 830
618 784
618 576
784 1965
59 1989
59 36
1989 1716
14 2475
1693 2017
1693 2135
2316 39
2316 2217
1088 2202
1004 415
1385 2480
977 1661
977 1707
9 1615
9 1285
1615 620
1615 2102
700 1761
700 1795
700 1830
1761 407
1130 1574
1130 524
1130 201
1574 793
1574 421
1378 2350
1378 2186
773 1486
2473 2388
2473 1659
2401 181
72 2272
72 1282
816 1788
816 639
547 551
547 1202
1973 2006
1973 463
2006 957
2006 1778
1401 2021
1700 564
672 1262
672 1881
672 2050
1368 1025
1960 1010
1960 1809
359 79
359 375
1959 1567
1516 1623
1516 1697
2009 2050
2009 1092
2050 481
830 1005
2248 445
900 1390
900 181
1390 2182
1390 2419
1811 1564
1811 248
1411 1060
1252 222
673 2021
673 1857
2021 1179
1910 2448
1910 1146
1682 1149
1675 2182
1675 1176
2182 2143
79 2042
2042 1962
1426 2204
1426 2416
2478 282
2192 2231
2192 1141
1813 1836
2482 1500
264 2392
910 1994
1876 1966
1807 2362
1807 1380
1583 1388
1583 1416
2284 1391
1092 186
202 1739
1035 985
1182 881
667 1546
667 2429
667 1075
93 111
111 1827
1887 2158
2158 1626
881 1920
881 98
1790 2405
1790 528
2405 2
406 600
117 626
523 1537
523 474
1571 387
626 1913
472 674
472 1006
674 136
685 2353
685 854
240 2008
240 1096
2008 1425
2008 1673
91 2294
91 2118
729 1189
1202 1687
1202 295
1687 548
73 1591
105 1676
105 2447
105 1006
1676 360
2213 2485
2213 1517
2485 638
629 1567
629 1776
793 1784
793 622
1784 5
1275 2336
153 1832
153 2412
2028 1954
2064 1391
1564 2
1734 602
1828 524
2155 1168
859 2488
859 760
859 1726
2488 2388
1511 1954
1087 1857
1857 375
29 1658
29 1181
2186 512
1420 1923
1420 1327
1420 1473
320 409
1913 1740
1913 707
551 687
551 218
30 173
1695 2013
1695 227
2048 136
2017 2427
2292 839
2292 2010
759 1395
759 2420
759 1367
1395 704
1603 933
2464 1119
1521 962
1521 1489
1779 809
703 1402
703 114
1058 2237
1329 1632
1329 2297
1632 1705
1632 1239
1006 2376
1468 2321
1468 1938
2321 1694
745 1141
764 38
441 301
1325 2277
1806 604
1806 324
391 1061
391 1460
391 2027
1061 317
640 801
1327 286
1327 2339
1279 1343
1279 1029
1279 496
2297 909
788 1142
788 1110
788 234
1805 132
1805 56
268 440
268 455
2429 1636
5 583
5 1443
225 2053
225 988
2053 2061
2053 909
2 992
992 1376
0 1189
0 995
328 56
328 1069
134 422
1885 1556
1885 1085
309 1149
309 1106
309 1436
1782 347
460 371
248 686
50 1489
1005 528
350 960
1891 2441
25 1097
2336 2390
1197 2217
366 1840
143 2054
509 1166
2367 1055
2367 140
2151 428
347 2249
654 1514
1406 1698
1698 1153
175 1827
175 1830
1460 2150
1270 2413
1407 1519
594 374
1402 1629
94 2112
94 1473
94 1783
1445 1896
1445 1443
159 1992
1146 2237
2272 1393
537 809
638 2065
152 421
894 286
583 474
974 1258
364 738
550 1153
2010 335
2113 1820
815 861
815 1093
1969 801
1178 1794
1178 114
440 429
609 2480
609 2038
1125 1409
1125 1129
1409 1732
945 2206
945 1093
765 1740
765 372
666 437
201 652
652 1548
1863 1650
454 1326
454 1769
1326 392
1803 2412
1803 2073
281 1116
548 2382
1049 890
132 529
132 1817
495 1219
495 1114
529 1601
1961 570
798 176
798 251
166 936
936 1924
417 622
994 301
396 604
396 95
479 987
479 938
987 1610
2102 1347
1598 99
183 1110
183 1073
1106 1133
1106 1060
1181 905
1421 1770
1770 422
1808 795
1808 778
617 2088
1816 907
1716 905
1716 2364
2399 1040
301 2288
1171 1436
1342 839
1342 1104
1773 1673
650 1376
650 1472
1367 2185
1367 1292
2185 1860
1226 1010
899 2052
899 867
2052 463
1776 1774
601 1799
601 978
562 1540
544 253
770 1799
770 335
1799 1387
1388 1601
1895 2252
1567 598
397 2084
483 733
22 233
22 2393
1443 430
430 324
276 402
832 2160
2160 322
278 1494
278 522
2287 803
1690 2249
1690 613
74 123
74 96
2355 2398
1230 371
598 2343
2343 1127
2149 1830
1280 613
2447 665
2447 424
1425 470
1796 1190
419 916
419 1451
916 1539
1914 1907
1914 439
1650 675
1338 1451
233 851
1783 2103
2103 1450
491 470
1636 2169
1636 487
1563 2364
1563 1990
1563 445
2364 1694
68 2127
68 1260
2127 1358
2127 1883
2173 1996
446 2344
2344 1915
1629 1838
749 839
750 2454
693 1663
1408 1937
1408 2426
1937 731
481 1073
81 1641
81 960
99 2061
8 1071
8 415
675 2059
2222 552
522 2165
39 1817
2054 733
2392 2466
795 379
1040 90
2390 67
905 260
2150 2236
2236 1888
2236 935
1888 2206
1888 1953
1433 496
1271 2038
1271 1678
2038 857
602 1391
602 811
35 1014
35 2407
1014 813
1984 2362
1984 1886
2252 1141
1025 1641
1610 2354
1851 2257
1851 1485
827 564
220 2120
600 2117
600 731
2117 2483
2117 576
424 988
988 953
67 1347
64 2226
64 1678
2377 222
315 1166
1166 330
1152 1174
1290 1517
2243 2445
1883 1209
834 61
834 1514
1653 2480
1653 379
1653 625
1860 1699
428 526
1341 1168
1067 1253
1105 1304
1304 1906
570 731
570 890
487 778
937 1456
1133 1539
251 1240
140 630
630 1413
803 1239
803 821
878 1498
878 1646
1498 1646
2384 2206
1970 933
361 624
907 169
1039 1488
1039 1144
1488 1024
176 1815
43 1514
1707 98
1053 1144
1070 696
422 1646
1994 2356
1489 928
55 1481
55 1644
2082 2249
2082 477
1966 953
89 1063
1063 1647
813 1732
813 2483
823 1531
867 704
1246 227
2354 1924
1107 1886
61 1212
61 1345
253 1569
1602 415
1602 1209
1767 2226
1212 1450
218 1576
218 566
1576 692
1576 2427
95 2445
2445 1394
2094 662
1641 2188
1413 851
985 1461
2448 1732
1978 2202
1978 995
696 1236
512 1963
2298 2427
1958 2353
1958 157
2422 1704
595 429
595 1060
851 1129
1129 66
806 2375
625 2070
625 1840
2070 1644
1103 1907
1075 269
439 1726
2372 1321
360 1718
778 883
1536 1938
1530 2022
1530 1240
2022 2299
958 1190
2338 2441
131 2288
131 1523
2288 90
860 2205
860 316
2205 2115
692 1190
886 1704
2454 555
1815 707
883 2388
2226 1380
1645 2431
1358 2039
2039 857
1718 1727
890 322
1531 2474
1531 1727
1236 1510
1510 2382
1569 470
1345 821
690 889
1209 2119
316 2119
1780 2466
1191 628
552 1073
234 1559
1559 333
466 1601
1163 1370
2362 398
398 686
2027 820
1996 1104
66 2143
