1700 2550
522 1277
522 1147
522 124
1277 1027
1277 209
240 1033
240 340
240 232
1033 329
1033 1518
180 610
180 1374
180 637
610 736
610 1522
394 682
394 1220
394 353
682 1347
682 310
925 1630
925 1029
925 1414
1630 1697
1630 1335
966 1253
966 437
966 336
1253 189
1253 684
1053 1258
1053 958
1053 1013
1258 355
1258 930
923 1557
923 397
923 468
1557 401
1557 1103
625 960
625 758
625 1055
960 1152
960 706
1346 1394
1346 198
1346 1637
1394 1254
1394 895
453 1262
453 128
453 376
1262 366
1262 657
1125 1691
1125 1146
1125 805
1691 130
1691 423
640 859
640 143
640 1468
859 1627
859 1635
1021 1490
1021 412
1021 1121
1490 1574
1490 1042
838 1634
838 1338
838 282
1634 1236
1634 1075
576 731
576 538
576 1496
731 1189
731 1611
703 1409
703 492
703 541
1409 818
1409 1570
787 914
787 1007
787 1494
914 1190
914 1428
164 1689
164 809
164 1696
1689 786
1689 617
678 1007
678 430
678 1652
1007 1303
332 599
332 1249
332 189
599 858
599 603
1486 1675
1486 460
1486 1574
1675 634
1675 1433
1498 1649
1498 1266
1498 996
1649 19
1649 1340
548 897
548 1672
548 61
897 437
897 795
571 1375
571 483
571 160
1375 437
1375 111
668 670
668 606
668 1594
670 1612
670 481
619 777
619 442
619 1010
777 819
777 234
660 1340
660 739
660 476
1340 1160
433 623
433 1079
433 1622
623 480
623 423
427 463
427 69
427 1506
463 172
463 1134
983 1584
983 161
983 943
1584 1655
1584 350
645 951
645 156
645 21
951 584
951 1339
461 721
461 423
461 244
721 1304
721 1694
551 1289
551 1380
551 149
1289 956
1289 13
77 615
77 451
77 292
615 292
615 1163
360 1312
360 852
360 1344
1312 370
1312 681
711 752
711 864
711 1545
752 1640
752 1558
517 658
517 1426
517 340
658 64
658 620
255 1412
255 1673
255 202
1412 29
1412 1070
56 937
56 58
56 1046
937 14
937 1171
636 1661
636 916
636 1041
1661 1592
1661 1034
495 1622
495 852
495 1603
1622 1430
818 354
818 431
193 417
193 1257
193 511
417 1543
417 16
270 637
270 1083
270 1141
637 1592
505 769
505 1677
505 1261
769 544
769 565
550 920
550 716
550 362
920 375
920 76
1057 1282
1057 1049
1057 1379
1282 761
1282 1512
903 1187
903 1310
903 182
1187 907
1187 97
1351 1463
1351 1411
1351 308
1463 1098
1463 1086
819 1194
819 999
693 1085
693 250
693 301
1085 1501
1085 1052
377 1257
377 1074
377 847
1257 258
666 1131
666 1330
666 1005
1131 50
1131 871
943 1525
943 1172
1525 1119
1525 1680
384 744
384 1457
384 632
744 1472
744 1358
558 1534
558 669
558 12
1534 1508
1534 1191
404 1247
404 1603
404 1120
1247 1480
1247 528
864 1497
864 260
1497 1510
1497 1384
867 977
867 992
867 792
977 1101
977 206
1236 1184
1236 142
403 1516
403 635
403 861
1516 1556
1516 1418
880 1361
880 1056
880 246
1361 1417
1361 1086
281 1294
281 582
281 1239
1294 634
1294 21
1260 1353
1260 1401
1260 1229
1353 475
1353 515
151 1560
151 196
151 1237
1560 722
1560 1235
167 1425
167 547
167 896
1425 1316
1425 1012
1097 1475
1097 1507
1097 1224
1475 1159
1475 1605
524 759
524 1329
524 1548
759 751
759 1089
604 639
604 948
604 1199
639 1238
639 980
367 812
367 211
367 1174
812 1168
812 111
383 756
383 1555
383 1627
756 395
756 1576
1445 1520
1445 275
1445 868
1520 1341
1520 1152
91 239
91 296
91 676
239 540
239 307
1167 1655
1167 500
1167 438
1655 145
913 1659
913 1013
913 25
1659 1599
1659 1180
443 1481
443 1392
443 785
1481 1119
1481 182
549 559
549 1026
549 278
559 1383
559 827
59 1226
59 1029
59 1210
1226 1621
1226 1679
406 1562
406 141
406 1336
1562 989
1562 1239
598 829
598 919
598 817
829 92
829 356
68 371
68 1254
68 982
371 757
371 1362
125 762
125 4
125 767
762 74
762 516
542 1459
542 129
542 944
1459 387
1459 544
616 1408
616 1150
616 1318
1408 1343
1408 1181
224 475
224 1230
224 1531
475 1008
498 1272
498 1298
498 1482
1272 518
1272 237
673 1124
673 115
673 1208
1124 1678
1124 1043
229 855
229 583
229 765
855 1603
855 1080
1011 1385
1011 1113
1011 865
1385 1217
1385 1531
1625 1693
1625 857
1625 1449
1693 1339
1693 1494
179 854
179 500
179 174
854 25
854 1026
46 739
46 521
46 1683
739 21
289 1363
289 1600
289 1405
1363 563
1363 482
992 1371
992 578
1371 370
1371 22
1431 1598
1431 1519
1431 398
1598 506
1598 200
128 399
128 1164
399 1633
399 49
43 849
43 910
43 650
849 23
849 315
955 1080
955 863
955 1143
1080 410
156 1629
156 659
1629 1601
1629 473
189 1397
1397 1381
1397 269
101 1284
101 1413
101 511
1284 1255
1284 1663
1059 1582
1059 1470
1059 426
1582 1669
1582 1337
595 1447
595 405
595 692
1447 1302
1447 1060
506 1418
506 1279
590 1103
590 1554
590 774
1103 632
311 376
311 173
311 1573
376 1198
782 1044
782 1521
782 1536
1044 627
1044 644
390 1423
390 589
390 373
1423 1150
1423 663
998 1199
998 1067
998 1550
1199 858
430 1109
430 1509
566 1276
566 1243
566 1328
1276 1106
1276 1235
122 1528
122 644
122 833
1528 1641
1528 4
50 350
50 961
1109 1295
1109 1330
1295 1081
1295 1499
6 908
6 1405
6 1377
908 1105
908 353
288 1677
288 898
288 450
1677 104
1212 1616
1212 462
1212 175
1616 1660
1616 1539
1453 1599
1453 499
1453 1171
1599 1158
788 1325
788 953
788 279
1325 1491
1325 1365
995 1538
995 525
995 1624
1538 227
1538 1268
754 1332
754 134
754 1575
1332 612
1332 126
78 411
78 1682
78 1663
411 753
411 758
205 1355
205 298
205 839
1355 860
1355 1356
817 979
817 1668
979 352
979 1035
1343 1583
1343 236
1583 1434
1583 221
219 1173
219 1071
219 1313
1173 836
1173 746
1238 324
1238 1144
108 1422
108 203
108 118
1422 891
1422 575
596 1505
596 1290
596 677
1505 1566
1505 1529
451 191
451 225
805 1535
805 901
1535 986
1535 1354
181 508
181 1138
181 456
508 293
508 1315
634 750
750 452
750 331
397 1320
397 267
63 489
63 1298
63 950
489 1204
489 303
781 1443
781 1366
781 45
1443 484
1443 1018
378 1318
378 1128
378 1666
1318 25
877 1151
877 1165
877 447
1151 1038
1151 1573
535 893
535 132
535 553
893 1448
893 1636
513 954
513 17
513 1612
954 1084
954 755
214 541
214 1440
214 306
541 734
940 1207
940 1305
940 1588
1207 1202
1207 878
1081 1444
1081 1590
72 228
72 83
72 483
228 1339
228 1254
322 1014
322 1237
322 19
1014 235
1014 55
1627 15
350 438
438 556
989 1593
989 105
1593 730
1593 1084
333 1288
333 161
333 388
1288 1141
1288 347
494 1205
494 910
494 298
1205 1419
1205 740
153 912
153 1322
153 460
912 1442
912 1413
1291 1406
1291 1654
1291 99
1406 683
1406 1092
725 729
725 1650
725 1179
729 771
729 1301
154 648
154 1068
154 431
648 1050
648 245
690 771
690 1376
690 1234
771 655
129 1378
129 1129
1378 1488
1378 266
329 1174
329 1182
1174 1448
587 1698
587 155
587 543
1698 1686
1698 1311
683 1003
683 35
336 804
336 1426
804 28
804 1020
800 1662
800 1036
800 1359
1662 147
1662 455
584 726
584 1565
726 653
726 87
1135 1652
1135 1324
1135 841
1652 105
1510 1504
1510 1392
572 1575
572 1640
572 38
1575 608
694 1006
694 985
694 921
1006 638
1006 44
402 1243
402 806
402 476
1243 1532
386 481
386 1566
386 33
481 364
1179 1200
1179 18
1200 1539
1200 1530
751 166
751 810
29 1215
29 651
577 1360
577 1208
577 54
1360 45
1360 803
797 1549
797 1098
797 1617
1549 1451
1549 502
1237 1555
1555 736
330 622
330 445
330 1688
622 1319
622 1390
305 1203
305 556
305 87
1203 1415
1203 280
710 1517
710 1
710 1554
1517 1206
1517 1405
1305 1153
1305 1073
1000 1319
1000 133
1000 1230
1319 52
298 755
483 1216
1330 103
275 1296
275 1530
321 1561
321 410
321 688
1561 642
1561 1116
1153 15
1153 1632
1087 1094
1087 1645
1087 325
1094 1172
1094 743
911 1134
911 1001
911 379
1134 290
413 1644
413 478
413 9
1644 1185
1644 1064
493 1524
493 1165
493 662
1524 1529
1524 231
159 187
159 146
159 252
187 1478
187 620
803 1155
803 1469
1155 793
1155 473
815 1309
815 555
815 392
1309 374
1309 1494
1128 31
1128 593
757 1304
757 1441
1304 1344
410 428
32 1314
32 1429
32 970
1314 552
1314 665
1640 565
1040 1369
1040 44
1040 868
1369 1105
1369 194
480 671
480 1400
172 241
172 382
241 1513
241 1595
51 509
51 1281
51 1107
509 73
509 945
1519 198
1519 807
561 876
561 567
561 539
876 523
876 76
261 355
261 439
261 1223
355 317
199 1054
199 1310
199 385
1054 1571
1054 686
250 1365
250 1019
1365 851
1316 1130
1316 942
1461 1663
1461 528
1461 772
569 1639
569 1178
569 120
1639 1624
1639 907
730 1331
730 1345
1105 529
1152 1449
272 1389
272 358
272 1540
1389 1448
1389 1387
1278 1398
1278 285
1278 644
1398 840
1398 846
1071 1248
1071 1323
1248 1690
1248 503
357 1347
357 1467
357 1364
1347 1222
712 1395
712 570
712 952
1395 1335
1395 1285
293 280
293 27
64 685
64 416
685 741
685 345
200 466
200 533
466 444
466 0
1376 479
1376 926
100 150
100 264
100 936
150 821
150 659
618 1653
618 448
618 1682
1653 1592
1653 1132
284 316
284 727
284 753
316 33
316 1037
1554 1117
1392 567
671 1399
671 1544
1399 500
1399 163
17 875
17 1026
875 1502
875 253
944 1265
944 840
1265 1089
1265 1209
904 1192
904 976
904 1213
1192 1120
1192 236
768 1597
768 97
768 1
1597 789
1597 1648
1507 440
1507 1350
533 1285
533 1533
1285 738
555 1204
555 931
198 657
657 380
667 727
667 1401
667 220
727 514
130 938
130 799
1401 1149
211 720
211 1526
1281 1093
1281 1070
1566 1008
116 215
116 1224
116 907
215 950
215 1338
1049 1028
1049 700
1029 1228
1228 1540
1228 602
485 872
485 104
485 1215
872 501
872 1022
177 1393
177 825
177 253
1393 985
1393 766
1624 233
946 1495
946 398
946 717
1495 1244
1495 1569
317 735
317 714
735 349
735 631
1491 821
1491 1249
868 1432
1432 22
1432 1252
1088 1664
1088 379
1088 537
1664 368
1664 778
445 213
445 1697
1149 1302
1149 774
1302 1227
1263 1287
1263 523
1263 132
1287 1133
1287 1383
465 1127
465 1066
465 452
1127 916
1127 783
39 646
39 1362
39 749
646 11
646 412
216 279
216 547
216 8
279 1297
335 379
335 424
335 918
1303 425
1303 1279
20 1307
20 816
20 1244
1307 932
1307 124
102 931
102 1209
102 8
931 27
34 1062
34 826
34 1437
1062 871
1062 699
996 1293
996 728
1293 295
1293 956
655 889
655 223
935 1579
935 1699
935 775
1579 1614
1579 464
1323 1358
1323 957
736 1188
1249 286
635 52
635 884
141 709
141 1604
105 586
1439 1606
1439 70
1439 1493
1606 745
1606 579
428 844
428 512
844 1186
844 391
1184 1072
1184 278
761 1493
761 793
981 1551
981 1324
981 631
1551 1047
1551 276
932 1658
932 1477
1658 1372
1658 286
1470 997
1470 928
487 1424
487 630
487 720
1424 221
1424 1642
209 1565
209 40
1565 1455
454 609
454 26
454 1137
609 387
609 1178
528 262
985 1148
1148 949
1148 66
1488 1480
1488 1336
910 490
687 1225
687 1436
687 1526
1225 621
1225 638
1209 1185
540 1003
540 1651
1120 1095
266 1317
266 1002
1317 139
1317 1025
286 1146
1146 916
597 1008
597 1137
597 331
1559 1648
1559 1159
1559 990
1648 1591
823 1091
823 1194
823 1541
1091 1694
1091 1613
95 1435
95 80
95 806
1435 1438
1435 608
764 1301
764 953
764 82
1301 857
269 684
269 441
684 627
902 1271
902 1384
902 256
1271 1563
1271 617
260 1417
260 1462
1169 1206
1169 613
1169 942
1206 845
161 1483
1214 1357
1214 747
1214 186
1357 120
1357 382
132 863
1427 1650
1427 441
1427 1449
1650 347
113 1196
113 1522
113 441
1196 415
1196 822
1186 1451
1186 564
1585 1678
1585 1580
1585 1030
1678 835
155 704
155 203
704 1489
704 18
702 1102
702 1553
702 553
1102 1130
1102 858
852 885
1003 974
881 924
881 320
881 1162
924 895
924 1158
679 789
679 393
679 258
789 157
510 1017
510 975
510 449
1017 92
1017 999
824 1027
824 1300
824 194
1027 1002
312 1032
312 967
312 290
1032 1037
1032 424
1362 1642
1642 1038
627 650
742 765
742 901
742 878
765 412
1547 1687
1547 207
1547 714
1687 831
1687 49
720 780
175 883
175 343
883 267
883 641
14 700
14 1111
700 624
527 1334
527 806
527 1692
1334 602
1334 962
1503 1617
1503 692
1503 770
1617 691
718 1576
718 794
718 1090
1576 543
462 567
462 778
1556 1218
1556 589
816 1064
816 834
1064 1157
142 1229
142 1352
290 861
603 1036
603 264
1036 1444
918 1048
918 833
1048 1532
1048 243
794 780
794 1601
547 607
994 1452
994 1666
994 831
1452 400
1452 1681
1215 1315
145 13
145 1240
337 922
337 1380
337 766
922 664
922 1552
146 1123
146 501
1311 1573
1311 1024
297 477
297 1619
297 1038
477 308
477 1267
791 1537
791 138
791 672
1537 106
1537 810
282 348
282 691
348 1220
348 1336
234 308
234 1286
233 419
233 191
516 1683
516 1434
1683 1384
160 358
160 1479
358 315
342 484
342 866
342 705
484 1211
52 197
1172 1350
1350 212
28 553
28 319
820 1456
820 79
820 957
1456 1143
1456 118
343 381
343 1245
347 455
455 917
574 1400
574 1458
574 1114
1400 1030
1310 1269
1218 1322
1218 24
1322 1607
409 546
409 1320
409 1477
546 888
546 9
1324 236
529 7
529 401
38 1133
38 919
1133 538
123 188
123 707
123 972
188 1130
188 1570
1100 1631
1100 168
1100 1403
1631 677
1631 341
315 242
563 1523
563 1502
302 1242
302 970
302 407
1242 1220
1242 468
575 1337
575 827
1337 594
251 1542
251 1476
251 661
1542 254
1542 526
1430 581
1430 341
588 1047
588 1009
588 600
1047 137
1338 1474
821 1464
280 514
971 1193
971 1042
971 1518
1193 894
1193 169
1067 1244
1067 1635
927 1681
927 1231
927 1697
1681 8
1107 245
1107 978
258 964
19 1096
1641 1643
1641 680
633 825
633 1546
633 169
825 792
1374 472
1374 884
84 732
84 1596
84 41
732 723
732 237
197 523
197 1183
4 65
65 126
65 651
83 42
83 1589
1444 1201
324 479
324 518
380 1139
380 1211
1139 719
1139 1402
1183 1377
1183 1018
1377 939
432 1329
432 1066
432 1552
1329 1035
144 862
144 416
144 45
862 968
862 1484
1372 457
1372 136
1030 1232
44 526
408 828
408 1407
408 1112
828 1511
828 470
1095 231
1095 1279
1189 435
1189 1364
581 1530
581 928
1037 520
389 442
389 203
389 401
442 1450
213 452
213 223
1082 1568
1082 1441
1082 1541
1568 1647
1568 1609
652 672
652 1421
652 915
672 656
1442 1694
1442 1300
92 1273
601 706
601 1436
601 1608
706 796
1194 848
1 578
421 1004
421 784
421 741
1004 1051
1004 514
917 961
917 834
1383 1420
425 573
425 345
10 1024
10 133
10 304
1024 892
26 474
26 846
474 1595
474 835
66 1221
66 1485
1221 1632
1221 594
208 896
208 499
208 1157
896 841
654 1391
654 607
654 1275
1391 1259
1391 733
692 171
621 1479
621 444
1479 964
1553 1326
1553 486
499 708
40 1433
40 799
1433 624
1002 1690
254 1356
254 185
75 79
75 173
75 649
79 1031
600 1541
600 763
220 991
220 375
991 562
991 626
1122 1437
1122 713
1122 850
1437 1533
259 839
259 1382
259 110
839 1474
400 783
400 1578
1098 1345
1345 1104
1092 1185
1092 1440
833 1076
1074 1545
1074 1577
1545 1093
987 1019
987 242
987 1588
1019 887
13 1177
608 1108
1108 1472
1108 1390
665 1233
665 1696
1233 238
1233 592
580 866
580 1499
580 1201
866 1477
53 446
53 319
53 1061
446 1632
446 7
424 37
392 478
392 201
307 1454
307 539
565 848
439 518
439 257
133 420
851 57
851 1349
1072 497
1072 1643
300 1113
300 310
300 1180
1113 832
919 748
628 1436
628 890
628 69
733 1638
733 1251
1638 1137
1638 537
1467 395
1467 895
182 1615
1615 278
1615 1564
767 1222
767 770
1222 1126
1421 501
1421 647
138 892
138 843
2 1684
2 218
2 414
1684 381
1684 1380
143 422
143 447
352 1211
352 345
1084 1168
36 779
36 526
36 1069
779 1647
779 1162
691 470
999 1500
1500 323
1500 326
1499 1010
582 1129
582 697
93 531
93 686
93 136
531 1313
531 482
1478 1096
1478 695
263 1208
263 1112
263 1269
37 716
37 1527
716 1034
1138 885
1138 1045
346 1471
346 1496
346 696
1471 1286
1471 715
478 1465
933 1676
933 362
933 1264
1676 786
1676 675
1292 1349
1292 698
1292 1511
1349 1476
1440 256
948 532
948 1060
760 1232
760 898
760 676
1232 158
1079 1586
1079 210
1586 1075
1586 195
47 127
47 61
47 1428
127 1055
127 1126
1240 1460
1240 790
1460 532
1460 69
178 467
178 909
178 837
467 327
467 842
405 1403
405 148
573 1656
573 294
363 369
363 306
363 504
369 274
369 832
12 520
12 1213
520 1132
841 375
1476 583
968 1611
968 860
1611 717
299 878
299 448
299 586
848 1672
770 1366
1366 1388
1699 163
1699 396
434 1188
434 1581
434 196
1188 1202
349 1388
349 309
504 1512
504 1055
1512 27
96 1458
96 1646
96 1009
1458 813
664 1241
664 963
1241 174
1241 1078
257 737
257 845
737 149
737 121
131 1415
131 1482
131 847
1415 714
296 35
296 662
218 1255
218 449
728 1454
728 1005
1647 1465
521 554
521 811
554 5
554 1219
624 476
724 1142
724 194
724 795
1142 1050
1142 1111
361 1468
361 35
361 1473
1468 185
388 784
388 1379
784 556
1056 1063
1056 459
1063 1602
1063 629
786 973
973 886
973 1657
1234 1250
1234 368
158 1261
158 705
1261 1492
536 1176
536 1482
536 85
1176 429
1176 947
1403 1531
1600 1410
1600 1515
774 1646
103 836
103 905
942 1607
1607 1267
136 460
381 273
993 1429
993 1671
993 530
1429 264
984 1609
984 1043
984 1308
1609 49
58 1533
58 334
1451 326
834 207
926 1231
926 450
1231 988
71 1620
71 1145
71 870
1620 1660
1620 426
104 301
1480 846
1147 486
1147 1536
470 1417
256 353
906 1667
906 1469
906 1483
1667 986
1667 1197
857 612
892 1455
701 969
701 674
701 60
969 796
969 642
86 1110
86 882
86 243
1110 1270
1110 1546
162 840
162 1514
162 1626
1472 1326
1514 1117
1514 170
1671 1245
1671 1367
1574 1073
613 1386
613 1078
1386 1104
1386 734
1256 1492
1256 1161
1256 873
1492 620
221 1685
1685 1083
1685 888
1159 372
661 947
661 148
507 1633
507 459
507 1266
1633 1348
796 814
435 970
435 689
7 905
415 503
415 76
503 959
407 1402
407 746
1402 1025
1083 117
659 1623
1623 945
1623 747
1621 1522
1621 1280
1018 222
225 235
225 339
235 3
965 1177
965 560
965 1628
1177 372
320 1116
320 1020
338 1015
338 11
338 830
1015 190
1015 708
980 1156
980 626
1156 1025
1156 1075
1540 1673
1673 183
763 1078
763 24
366 1224
366 941
31 1577
31 961
611 1065
611 1367
611 950
1065 1404
1065 1118
519 802
519 356
519 285
802 1195
802 70
18 1045
1045 16
458 1646
458 502
458 856
340 1590
1590 1396
119 230
119 1144
119 1201
230 431
230 192
1143 429
313 1264
313 112
313 958
1264 109
137 364
137 1160
364 842
1255 1387
174 1069
1069 545
287 717
287 90
287 247
274 1251
274 626
61 391
1614 440
1614 1506
414 1023
414 1527
1023 81
1023 1020
1379 1604
1031 1485
1031 1515
1485 707
1418 1465
291 1217
291 545
291 82
1217 963
1645 1508
1645 1666
265 899
265 140
265 444
899 192
899 171
941 1182
941 1001
1182 785
885 502
1273 1227
1273 70
1068 1626
1068 1354
843 1321
843 557
1321 850
1321 1390
568 1202
568 869
568 649
1502 1544
217 450
217 1039
217 614
1320 107
882 1132
882 351
939 1523
939 1605
1523 243
115 847
115 1335
905 365
237 464
464 1283
11 990
23 698
23 372
707 696
972 157
972 204
1096 949
793 1297
1297 1352
953 1527
1438 808
1438 653
958 1513
1513 1150
149 1246
1493 749
168 1473
168 643
1473 952
593 978
593 1267
861 1426
248 1618
248 605
248 689
1618 663
1618 252
578 1368
1596 1656
1596 112
1656 1198
1114 894
1114 592
773 1589
773 1581
773 915
1589 271
1489 1229
1489 1327
1001 930
1013 1686
1686 1042
1612 60
1066 1571
1117 473
990 1154
602 699
1529 1577
1290 632
1290 938
808 222
808 456
382 921
921 1165
949 1484
1145 1368
1145 1223
564 669
564 853
669 1270
121 772
121 1195
831 471
3 107
3 798
107 1161
22 1509
1266 900
676 1404
1404 1464
1483 579
448 1396
1396 1259
1690 1572
594 837
741 1210
73 552
73 491
552 1274
82 1046
1046 396
393 1299
393 1567
860 873
959 1410
959 978
398 318
1298 545
928 1331
1331 755
778 1012
106 585
106 1518
585 238
585 1595
807 1041
807 1695
1041 1299
1508 244
325 809
325 1674
809 244
871 1197
314 879
314 273
314 334
879 139
879 790
190 1487
190 166
1487 1286
1487 341
231 826
468 830
830 1563
698 359
0 1219
0 681
1219 688
114 975
114 746
114 99
975 853
1411 249
1411 1039
870 826
870 874
642 722
722 449
223 738
738 89
362 680
1543 743
1543 1580
863 268
709 1571
709 1521
306 1373
89 1039
89 85
1544 1275
1052 1501
1052 850
1501 1587
16 273
196 1496
491 1613
491 344
1613 651
62 124
62 1163
62 934
1051 339
1051 165
99 945
368 1181
537 798
798 570
492 1550
492 525
1550 591
822 1628
822 1012
1428 886
1034 1195
532 176
276 354
276 592
354 695
1191 1407
1191 1213
1407 1635
42 303
42 373
303 1692
176 1591
176 48
888 88
891 1416
891 457
1416 936
1416 202
97 647
310 530
1414 1373
1414 929
869 1370
869 1387
1370 1669
1370 1672
1348 170
1348 1688
695 1552
713 1333
713 1140
630 1446
630 1252
139 1115
1115 226
1115 351
365 1198
365 749
570 1567
1567 1651
1569 1637
1569 734
1637 195
33 1246
1563 309
74 112
74 997
1089 1696
783 1679
986 318
589 292
964 5
184 606
184 81
184 267
606 396
1660 1160
1526 591
967 1280
967 416
1280 1106
440 1230
1099 1170
1099 562
1099 1548
1170 647
1170 1464
748 1587
748 538
1587 111
391 1274
1669 629
456 285
699 827
242 997
186 1474
186 1455
339 1158
1141 1022
222 1296
486 539
1175 1695
1175 48
1175 1061
1695 1283
1274 1674
1674 247
956 1364
344 775
344 689
238 110
120 1469
226 719
226 374
420 1654
420 418
1654 30
1180 210
947 1665
1665 249
1665 163
90 147
90 1504
304 1299
304 1306
1410 1333
60 1129
663 1166
1326 268
140 271
140 185
472 775
472 1162
719 1123
1119 436
395 915
232 1368
232 697
170 497
262 675
262 41
674 117
674 1204
1239 614
1259 776
30 370
30 1178
212 1306
212 1342
1532 641
1509 246
586 1313
1157 327
173 1043
1668 1680
1668 54
1680 204
988 1692
988 206
715 1268
715 1333
1268 1602
183 496
183 1118
206 982
982 152
192 675
429 210
1602 930
1190 165
1190 1111
772 1578
295 515
295 1457
515 680
1688 677
328 1515
328 1462
328 650
583 359
327 1344
57 1546
57 1341
631 447
1251 865
422 1164
422 813
195 469
469 776
469 889
457 1077
643 1010
643 253
579 1511
686 813
148 1296
419 1610
419 1504
1610 207
1610 152
898 488
497 1591
1283 1306
1450 1580
1450 1670
157 745
1382 1434
1382 277
252 1166
560 688
560 490
1315 1636
277 1308
277 135
301 1106
15 118
1168 662
708 88
471 1140
471 534
1140 1050
1060 1275
886 1619
525 795
24 191
705 1163
1086 1269
1166 557
9 814
436 629
436 152
227 1636
227 591
1643 1420
165 543
1164 1626
638 929
976 1367
976 134
54 963
1136 1484
1136 1223
1136 974
1581 356
511 326
785 887
832 1657
1521 283
1035 889
790 1381
1381 67
479 1619
204 1028
1028 962
109 202
109 418
1250 1005
1250 488
1441 1388
743 873
681 1454
271 776
696 1058
1058 67
1058 936
385 1016
385 723
1016 1341
1016 641
1356 656
482 87
319 799
562 80
1123 1252
67 1651
962 1270
246 874
1161 1572
1144 753
488 811
745 780
1154 1216
1154 1572
1216 534
126 1670
249 697
1419 856
1419 607
1171 1197
557 974
530 331
890 294
890 929
1073 1506
534 1670
605 1358
605 247
85 48
612 1446
418 649
766 1246
80 1608
723 374
245 1022
884 1342
426 1564
1564 656
792 459
801 952
801 1446
801 1548
490 1373
835 1359
1359 1594
909 1090
909 740
814 934
853 1462
1227 351
268 1466
1466 1070
1466 81
1181 1604
1090 1588
318 1009
1245 938
874 41
1539 1210
887 1457
323 1578
323 810
359 901
1126 544
88 1558
865 894
836 1308
1682 1413
512 845
512 135
55 1536
55 1328
758 1601
1605 837
166 147
1121 1118
1121 934
1679 283
98 1352
98 1101
98 1116
294 1628
740 283
653 1077
1558 110
201 1327
201 811
1327 5
496 1077
496 1342
1608 1657
1235 957
1112 1104
334 1328
1300 94
94 614
94 617
1101 1354
373 1570
856 1420
387 1061
747 1093
117 169
135 842
1076 309
1076 900
134 171
900 1594
