2000 3000
139 981
139 1734
139 134
981 643
981 1568
1744 1993
1744 1505
1744 695
1993 1197
1993 872
639 1533
639 324
639 1677
1533 1741
1533 1618
794 1327
794 123
794 1374
1327 1627
1327 889
713 1073
713 1346
713 1093
1073 1804
1073 765
966 1024
966 379
966 393
1024 165
1024 923
646 754
646 1795
646 88
754 526
754 767
81 1799
81 1154
81 482
1799 490
1799 682
853 1641
853 1040
853 834
1641 915
1641 538
1324 1492
1324 1384
1324 1031
1492 776
1492 1149
747 1480
747 1106
747 445
1480 1905
1480 19
1129 1167
1129 1910
1129 1725
1167 1602
1167 791
665 1032
665 1839
665 391
1032 1306
1032 1471
1375 1457
1375 1979
1375 1960
1457 309
1457 771
493 697
493 687
493 1617
697 231
697 443
366 1788
366 1550
366 21
1788 1568
1788 700
640 1762
640 1809
640 1780
1762 1639
1762 371
1451 1712
1451 1542
1451 1854
1712 111
1712 1915
479 1436
479 417
479 257
1436 1899
1436 804
1136 1148
1136 1367
1136 1523
1148 1897
1148 1893
349 423
349 930
349 1643
423 1682
423 223
475 499
475 1778
475 430
499 1236
499 633
625 852
625 383
625 1231
852 758
852 207
1544 1796
1544 571
1544 670
1796 1645
1796 127
418 1691
418 395
418 916
1691 1940
1691 63
1384 146
1384 1960
1531 1597
1531 492
1531 1386
1597 580
1597 1139
335 753
335 1703
335 99
753 206
753 716
921 1259
921 1268
921 208
1259 607
1259 1939
473 574
473 1066
473 1518
574 487
574 1578
536 1417
536 1965
536 1800
1417 1519
1417 13
13 330
13 521
330 1339
330 519
429 1965
429 1200
429 425
1965 1360
982 1211
982 86
982 136
1211 73
1211 69
1458 1994
1458 1612
1458 267
1994 173
1994 1156
146 500
146 212
1414 1542
1414 264
1414 1772
1542 1827
364 1835
364 1236
364 488
1835 244
1835 1749
46 1446
46 522
46 1850
1446 967
1446 1900
1250 1699
1250 872
1250 1806
1699 5
1699 396
304 887
304 793
304 976
887 1267
887 37
295 918
295 983
295 260
918 1518
918 911
24 1278
24 862
24 810
1278 1086
1278 51
343 1669
343 170
343 1848
1669 1057
1669 1068
211 1104
211 1076
211 650
1104 1109
1104 313
1748 1832
1748 952
1748 323
1832 333
1832 829
678 984
678 1792
678 956
984 1208
984 1288
463 1999
463 1844
463 404
1999 182
1999 1821
565 1452
565 1112
565 1735
1452 611
1452 1864
437 1681
437 1678
437 1099
1681 226
1681 553
48 1082
48 276
48 586
1082 488
1082 185
776 213
776 1995
930 1146
930 774
513 1298
513 515
513 660
1298 1895
1298 1522
1558 1564
1558 431
1558 1098
1564 1642
1564 520
599 1221
599 1243
599 314
1221 976
1221 1734
876 1844
876 1304
876 191
1844 1401
261 408
261 1001
261 558
408 1378
408 1771
1266 1684
1266 748
1266 284
1684 1765
1684 698
950 1793
950 1201
950 1171
1793 1706
1793 744
985 1522
985 1957
985 915
1522 187
410 796
410 214
410 1631
796 1000
796 1058
109 1479
109 287
109 821
1479 1057
1479 1158
818 1759
818 562
818 1934
1759 378
1759 703
687 1654
687 1041
552 736
552 141
552 568
736 1273
736 1497
1741 237
1741 744
758 1070
758 1760
1070 328
1070 447
263 719
263 595
263 311
719 1397
719 293
922 1358
922 1732
922 63
1358 1115
1358 1975
1301 1763
1301 569
1301 175
1763 596
1763 668
884 1969
884 1630
884 514
1969 828
1969 1618
279 434
279 1101
279 482
434 1749
434 468
35 711
35 668
35 1853
711 302
711 1934
337 1836
337 938
337 1998
1836 1545
1836 68
142 694
142 1611
142 1020
694 152
694 433
1322 1822
1322 1980
1322 1972
1822 596
1822 550
34 1426
34 1033
34 685
1426 1302
1426 340
1131 1882
1131 1109
1131 1925
1882 965
1882 572
629 1306
629 935
629 807
1306 160
315 1030
315 1937
315 1981
1030 1907
1030 1654
618 1971
618 508
618 1008
1971 1491
1971 905
623 1146
623 101
623 983
1146 1572
1545 82
1545 1847
395 1813
395 78
1813 324
1813 1210
990 1205
990 62
990 374
1205 123
1205 235
1765 1300
1765 1878
643 1877
643 862
759 1601
759 284
759 805
1601 1297
1601 1851
1155 1272
1155 428
1155 1455
1272 6
1272 1864
17 964
17 1110
17 863
964 257
964 334
56 1709
56 951
56 325
1709 1668
1709 1997
1177 1296
1177 1565
1177 1194
1296 2
1296 600
1778 551
1778 1914
927 1270
927 107
927 1948
1270 426
1270 1823
642 1546
642 839
642 1843
1546 859
1546 660
661 1559
661 1248
661 1117
1559 225
1559 428
290 1881
290 886
290 997
1881 168
1881 406
233 1347
233 679
233 70
1347 600
1347 1904
1304 974
1304 1643
318 1342
318 847
318 1555
1342 675
1342 1781
214 1742
214 704
1742 320
1742 1985
868 1220
868 1706
868 1476
1220 1513
1220 1046
52 1680
52 988
52 1750
1680 509
1680 1718
1415 1618
1415 768
1415 382
1593 1884
1593 1996
1593 692
1884 1914
1884 1538
620 1872
620 143
620 154
1872 662
1872 1295
1319 1501
1319 1239
1319 958
1501 1450
1501 1166
413 1170
413 478
413 861
1170 1003
1170 1628
72 1694
72 1202
72 630
1694 840
1694 454
204 767
204 1574
204 1802
767 1638
1600 1785
1600 1398
1600 1443
1785 381
1785 1931
560 1634
560 1095
560 1411
1634 441
1634 1179
130 589
130 899
130 100
589 1338
589 58
258 1412
258 1845
258 790
1412 140
1412 1996
1009 1460
1009 1674
1009 1159
1460 369
1460 21
698 334
698 348
1036 1334
1036 1464
1036 1320
1334 803
1334 177
614 787
614 149
614 1620
787 512
787 339
143 1839
143 1528
1839 1821
383 158
383 1758
1797 1920
1797 891
1797 659
1920 919
1920 850
1123 1567
1123 942
1123 1787
1567 933
1567 316
262 1647
262 1116
262 1469
1647 227
1647 1771
132 1946
132 451
132 1939
1946 1532
1946 684
1519 1140
1519 1300
797 908
797 772
797 1365
908 141
908 201
791 1502
791 592
1502 1208
1502 708
1022 1255
1022 701
1022 370
1255 128
1255 26
557 1335
557 669
557 790
1335 1361
1335 533
183 1768
183 303
183 765
1768 1103
1768 1806
1645 1828
1645 769
1828 1040
1828 288
150 1591
150 645
150 271
1591 1596
1591 191
938 1786
938 953
1786 864
1786 68
1615 1885
1615 940
1615 1596
1885 306
1885 412
1149 1332
1149 1737
1332 1896
1332 470
1586 1858
1586 1223
1586 897
1858 662
1858 1979
871 1238
871 786
871 1180
1238 164
1238 890
1833 1964
1833 255
1833 1986
1964 1019
1964 153
36 1605
36 1599
36 1425
1605 1892
1605 835
1248 706
1248 282
485 1059
485 197
485 1539
1059 156
1059 120
531 1404
531 666
531 1690
1404 893
1404 978
487 963
487 170
1137 1851
1137 1130
1137 1323
1851 846
1297 1840
1297 572
1840 707
1840 236
99 1252
99 1160
1252 1154
1252 1488
1897 704
1897 1442
201 1120
201 1145
1120 1923
1120 1614
558 1537
558 750
1537 182
1537 1637
83 1393
83 66
83 1269
1393 1767
1393 777
1300 1923
1208 174
1513 692
1513 1603
137 726
137 709
137 1568
726 39
726 516
496 1302
496 1473
496 200
1302 80
1438 1735
1438 11
1438 1644
1735 1015
1064 1265
1064 495
1064 688
1265 1571
1265 1087
101 602
101 1360
768 1352
768 336
1352 1715
1352 1757
578 1371
578 67
578 705
1371 288
1371 1852
459 1945
459 45
459 670
1945 361
1945 1644
655 837
655 1632
655 963
837 1421
837 1362
207 561
207 1400
561 951
561 763
386 1695
386 1941
386 1348
1695 848
1695 1035
31 564
31 1727
31 1953
564 42
564 896
1293 1353
1293 917
1293 729
1353 102
1353 738
168 1003
168 898
1175 1855
1175 960
1175 672
1855 1870
1855 1859
728 1315
728 431
728 1707
1315 1019
1315 1463
929 1305
929 1366
929 881
1305 108
1305 118
176 430
176 1215
176 1406
430 1960
986 1467
986 1074
986 795
1467 1047
1467 693
25 377
25 91
25 105
377 1952
377 1314
407 442
407 237
407 1886
442 609
442 66
163 756
163 1717
163 61
756 1308
756 573
126 1475
126 926
126 232
1475 535
1475 1228
58 1606
58 1456
1606 1443
1606 739
422 1245
422 355
422 814
1245 502
1245 1430
808 1689
808 1952
808 1314
1689 1703
1689 740
748 317
748 745
2 1906
2 1194
737 1894
737 638
737 733
1894 1761
1894 672
654 1222
654 209
654 253
1222 1444
1222 1532
843 1912
843 670
843 750
1912 1995
1912 1150
839 790
839 1970
277 1235
277 77
277 1485
1235 1168
1235 1171
1703 834
247 1658
247 275
247 518
1658 954
1658 1956
681 1770
681 1716
681 1039
1770 1164
1770 644
1071 1281
1071 156
1071 968
1281 1698
1281 553
431 1033
817 956
817 1050
817 362
956 1200
1117 32
1117 1932
136 249
136 12
249 1321
249 873
1749 1372
169 1823
169 1924
169 778
1823 1091
336 1556
336 975
935 1213
935 1936
1213 653
1213 1087
501 1021
501 1449
501 446
1021 362
1021 1100
1889 1998
1889 1535
1889 1051
1998 1842
528 1612
528 738
528 1787
1612 573
228 1091
228 1015
228 763
1091 1029
617 1052
617 1042
617 932
1052 1345
1052 256
190 570
190 399
190 1462
570 220
570 388
356 1685
356 116
356 1207
1685 1219
1685 520
1556 1825
1556 65
1825 1125
1825 321
1094 1651
1094 815
1094 1493
1651 777
1651 1397
103 193
103 1184
103 648
193 892
193 1459
702 1950
702 350
702 1516
1950 1590
1950 1529
1429 1604
1429 1198
1429 1880
1604 1178
1604 691
1159 1780
1159 230
1780 274
500 209
500 903
814 1862
814 607
1862 1246
1862 9
33 1791
33 26
33 1739
1791 1750
1791 1995
138 1090
138 1562
138 744
1090 1367
1090 612
50 977
50 1991
50 1631
977 1702
977 321
102 987
102 575
987 1496
987 704
182 1448
436 1012
436 438
436 1119
1012 1197
1012 812
668 858
1142 1812
1142 375
1142 998
1812 1986
1812 1101
42 1729
42 1887
919 1444
919 1080
955 1577
955 1150
955 1366
1577 268
1577 398
1356 1921
1356 322
1356 1662
1921 79
1921 151
328 721
328 1287
1025 1901
1025 312
1025 793
1901 219
1901 289
1357 1737
1357 1794
1357 1048
1737 236
1047 1660
1047 1239
1660 209
1660 1792
220 1707
220 1
299 863
299 1173
299 1057
863 1511
632 923
632 727
632 1560
923 160
100 1328
100 517
1328 202
1328 308
721 1904
721 700
1904 491
563 1992
563 195
563 16
1992 1103
1992 1764
559 1613
559 419
559 1169
1613 1697
1613 1934
1704 1966
1704 1489
1704 969
1966 388
1966 391
1224 1329
1224 269
1224 799
1329 1080
1329 635
47 269
47 1354
47 1809
269 1721
424 1424
424 28
424 1646
1424 1575
1424 1188
175 540
175 440
540 38
540 1662
1877 971
1877 1906
93 1553
93 1810
93 1955
1553 1465
1553 0
155 1385
155 848
155 579
1385 743
1385 606
369 1079
369 1978
1079 664
1079 1868
78 378
78 1251
378 1274
1654 854
917 1442
917 1710
1442 1106
683 1275
683 1023
683 1819
1275 347
1275 773
882 1484
882 401
882 509
1484 1747
1484 289
309 805
309 484
805 22
718 1498
718 1620
718 1191
1498 1874
1498 1970
123 278
1338 1700
1338 1682
1700 1977
1700 1893
192 256
192 785
192 1031
256 1313
461 1018
461 551
461 1016
1018 1814
1018 630
275 1831
275 1126
1831 1143
1831 608
237 494
1189 1348
1189 751
1189 1463
1348 734
1268 41
1268 1283
1526 1936
1526 822
1526 1291
1936 1720
742 1711
742 1657
742 1307
1711 376
1711 27
695 696
695 782
696 106
696 107
1178 820
1178 739
1042 1648
1042 260
1899 725
1899 1020
55 515
55 580
55 1769
515 161
1084 1182
1084 1450
1084 1418
1182 690
1182 215
1583 1918
1583 539
1583 1165
1918 1977
1918 1279
426 953
426 725
953 525
571 1420
571 218
1420 403
1420 656
1905 1983
1905 441
60 1124
60 1196
60 1561
1124 1543
1124 1902
991 1368
991 937
991 444
1368 717
1368 1521
1102 1730
1102 1262
1102 1230
1730 1326
1730 1223
840 1581
840 115
1581 854
1581 900
1465 1166
1465 1280
466 845
466 95
466 1599
845 1565
845 1216
469 1408
469 285
469 606
1408 755
1408 439
67 1514
67 76
1514 1853
1514 1437
645 128
645 1002
191 268
268 1318
920 1838
920 1249
920 1922
1838 216
1838 1772
782 1230
782 1933
1230 1141
376 1976
376 1119
224 265
224 412
224 226
265 1817
265 1632
562 611
562 1354
508 1622
508 37
535 1428
535 71
1976 1824
1976 636
733 1868
733 11
1868 1153
789 1391
789 1370
789 310
1391 1143
1391 1373
1316 1811
1316 1909
1316 1152
1811 1635
1811 1494
320 912
320 462
912 14
912 889
609 722
609 1209
965 246
965 1708
1991 822
1991 627
1373 1527
1373 1435
1527 1610
1527 18
334 1341
1341 79
1341 1801
15 312
15 1383
15 1826
312 384
1434 1951
1434 1364
1434 999
1951 397
1951 592
830 1693
830 6
830 1016
1693 1403
1693 1494
1821 1317
1668 84
1668 1445
135 1805
135 217
135 891
1805 1607
1805 1871
1069 1795
1069 1016
1069 248
1795 650
549 856
549 91
549 1818
856 196
856 1524
221 682
221 4
221 1263
682 569
1454 1865
1454 1609
1454 1808
1865 1478
1865 1387
1184 861
1184 969
1106 518
358 1819
358 1909
358 129
1819 313
291 597
291 1867
291 1473
597 1043
597 1754
189 1861
189 1916
189 537
1861 1053
1861 949
69 1716
69 1663
1716 1089
992 1956
992 74
992 1258
1956 757
1843 74
1843 975
676 1756
676 1349
676 188
1756 1476
1756 451
352 692
352 1168
352 243
972 1489
972 116
972 567
1489 1883
38 1585
38 147
1585 22
1585 879
178 576
178 1724
178 1081
576 891
576 213
153 1157
153 1860
1157 1229
1157 637
26 1330
68 1206
556 873
556 203
556 532
873 1930
5 913
5 1253
913 354
913 506
951 1216
1243 1132
1243 1931
828 333
828 186
931 1573
931 1913
931 1925
1573 1409
1573 1506
1924 382
1924 857
1909 615
238 712
238 215
238 1775
712 326
712 996
1977 1692
502 901
502 476
901 1560
901 786
1469 1922
1469 1561
1922 1466
1496 1610
1496 1462
1610 1212
270 286
270 1619
270 1336
286 815
286 1065
680 944
680 360
680 98
944 1869
944 784
348 1108
348 714
1108 874
1108 1986
586 1803
586 323
1803 1672
1803 751
427 1401
427 1214
427 1980
1401 657
91 1769
316 896
316 1864
896 1227
382 1609
906 1930
906 1561
906 481
1930 1589
885 1578
885 234
885 1818
1578 339
272 826
272 1949
272 638
826 314
826 332
1197 106
166 579
166 85
166 662
579 932
317 259
317 512
125 398
125 1447
125 198
398 1590
66 1540
1421 525
1421 1337
213 675
156 1761
484 456
484 1028
478 701
478 252
701 622
503 1023
503 626
503 952
1023 628
1596 1310
1642 1510
1642 1172
303 1343
303 22
1343 77
1343 340
1299 1982
1299 10
1299 385
1982 798
1982 715
1702 472
1702 1619
573 1240
412 1727
1138 1390
1138 1566
1138 409
1390 399
1390 1428
305 1389
305 568
305 271
1389 914
1389 946
1019 194
691 1011
691 1403
327 653
327 798
327 1190
653 1736
1474 1870
1474 1443
1474 1394
1870 371
899 916
899 705
65 1439
65 591
1231 1554
1231 114
1554 129
1554 1227
1449 960
1449 624
411 652
411 157
411 1989
652 1179
652 1254
611 677
677 822
677 1705
497 1595
497 1201
497 180
1595 627
1595 1441
636 999
636 405
999 1722
287 631
287 724
610 1472
610 1134
610 841
1472 1900
1472 1105
1105 1972
1105 880
1972 1200
769 1638
769 1065
12 354
12 1867
354 651
1834 1852
1834 1621
1834 1074
1852 43
32 332
32 1639
332 1617
1431 1764
1431 41
1431 384
1764 1001
783 1134
783 1388
783 969
1134 433
296 1690
296 122
296 819
1690 341
196 1374
196 1481
1374 120
962 1779
962 1732
962 345
1779 524
1779 1582
59 1225
59 1351
59 1563
1225 1549
1225 1163
1346 1396
1346 1363
1396 1643
1396 1264
580 266
1731 1732
1731 119
1731 979
707 1409
707 1286
1409 105
1736 1847
1736 1878
1847 1075
254 1729
254 1402
254 622
1729 1584
435 1246
435 1111
435 85
1246 958
1166 799
847 649
847 512
1378 1949
1378 1944
1164 1896
1164 1459
1253 1739
1253 73
7 1034
7 28
7 1122
1034 250
1034 319
351 615
351 367
351 432
615 511
231 433
231 968
1285 1422
1285 1547
1285 1594
1422 241
1422 792
421 939
421 1289
421 1782
939 308
939 476
96 474
96 1193
96 1258
474 353
474 1043
129 849
161 1128
161 612
1128 80
1128 1784
604 1060
604 357
604 1827
1060 232
1060 235
1747 1440
1747 658
1152 1423
1152 870
1423 1655
1423 1789
84 95
84 1875
1416 1878
1416 1923
1416 1100
414 1165
414 1289
414 1351
1165 195
644 181
644 1602
104 1497
104 365
104 416
1497 1038
780 1551
780 1987
780 458
1551 117
1551 1664
86 954
86 641
954 1046
1383 1435
1383 1364
1435 1529
344 1249
344 425
344 1053
1249 1247
811 1767
811 1515
811 1043
1767 1333
37 949
949 1176
820 1061
820 861
1500 1611
1500 172
1500 634
1611 325
453 1650
453 802
453 456
1650 448
1650 778
1289 547
1672 660
1672 1665
390 1710
390 1044
390 1674
1710 1083
1122 1516
1122 936
1516 1696
229 481
229 1418
229 1068
481 1109
403 870
403 39
1622 1050
1622 714
832 1188
832 44
832 1083
1188 1154
1103 171
216 1859
216 603
1859 158
307 894
307 1483
307 910
894 1286
894 1963
600 1943
971 1636
971 63
250 1413
250 1692
1317 1876
1317 184
1876 1055
1876 1181
1055 526
1055 772
1015 239
542 1062
542 527
542 710
1062 245
1062 1463
372 1325
372 1563
372 637
1325 1582
1325 809
1110 1928
1110 1518
1928 777
1928 1989
1515 1453
1515 177
874 897
874 206
897 205
218 1495
218 1066
1495 432
1495 781
1037 1269
1037 306
1037 1470
1269 1588
40 1754
40 1667
40 1570
1754 1028
1523 1837
1523 877
1837 1873
1837 722
23 1027
23 1445
23 1089
1027 405
1027 1896
1406 1926
1406 510
1926 539
1926 217
530 1209
530 760
530 456
1209 1528
1761 1092
1407 1482
1407 663
1407 1948
1482 903
1482 1397
149 404
149 374
509 113
172 1676
172 1187
1949 1101
916 1280
1280 970
371 1566
1566 770
958 232
763 980
541 994
541 1841
541 771
994 1623
994 61
862 106
1212 1916
1212 544
1916 1769
41 1594
419 1291
419 363
293 1237
293 584
1237 1790
1237 998
1574 1450
1574 1085
1827 582
159 1014
159 9
159 1363
1014 877
1014 1361
188 583
188 1001
583 313
583 1592
813 1538
813 1888
813 203
1538 1758
1307 1552
1307 1580
1552 1045
1552 674
300 1398
300 1953
300 1900
1398 428
773 1093
773 724
1093 264
546 785
546 1077
546 350
785 1011
1207 1959
1207 1913
1959 1493
1959 30
1363 766
1750 1978
1978 276
10 1656
10 516
940 1541
940 1256
1173 385
1173 1190
1616 1898
1616 740
1616 1143
1898 1433
1898 1119
311 1147
311 402
1147 127
1147 941
527 1459
527 200
581 1044
581 667
581 1845
1044 1824
195 173
108 266
108 815
266 1362
960 835
1433 1183
1433 1026
73 522
385 1477
1477 1777
1477 1156
1004 1226
1004 1626
1004 1857
1226 1910
1226 735
350 720
1214 244
1214 1929
1046 1488
1488 1826
51 1866
51 1931
1866 865
1866 1678
20 338
20 1331
20 511
338 280
338 465
1099 1234
1099 1007
1234 1097
1234 1935
1180 1308
1180 1908
1308 1790
1 1636
1 16
1636 1078
244 877
440 631
440 1096
631 74
402 1013
402 909
1013 1524
1013 1550
1582 1284
980 1893
980 904
806 1777
806 1638
806 396
1777 1153
1179 1873
1873 1369
1145 519
1145 731
1644 1829
1829 420
1829 616
1402 1887
1402 1973
1887 1112
638 943
1003 1387
1387 510
89 1312
89 1743
89 1947
1312 345
1312 1041
29 809
29 1740
29 1598
809 1151
870 567
285 1067
285 1820
1086 855
1086 1505
210 1229
210 251
210 1244
1229 415
77 1453
1487 1967
1487 1937
1487 1198
1967 1766
1967 1517
827 1283
827 1158
827 1171
1283 936
770 722
770 144
1697 911
1697 1849
803 1340
803 379
878 1773
878 1355
878 1688
1773 779
1773 1592
1130 1320
1130 110
1320 184
75 223
75 248
75 1448
223 480
1907 1048
1907 1161
590 1455
590 1017
590 588
1455 1382
1481 1663
1481 1232
1663 1943
82 1430
82 1589
1430 555
1181 1667
1181 978
1667 641
95 361
1276 1410
1276 523
1276 605
1410 1439
1410 64
341 110
341 1169
634 860
634 1232
860 679
860 116
525 1539
657 1535
657 1548
1440 1261
1440 716
120 904
904 1206
1929 1011
1929 230
119 1088
119 219
1088 465
1088 624
0 1891
0 124
1891 443
1891 1676
186 998
186 593
234 517
234 1521
517 1954
215 1355
858 1218
858 1782
688 836
688 57
836 1092
836 1204
1661 1751
1661 1344
1661 1753
1751 765
1751 1941
43 1261
43 1176
1706 1135
1076 1506
1076 1056
1506 510
658 788
658 543
1066 1392
367 637
367 1512
140 205
140 659
1008 1078
1008 1665
1078 472
1853 1413
577 1349
577 88
577 1917
1349 1247
1841 1072
1841 594
88 1752
1752 993
1752 1698
602 1006
602 1491
1193 1883
1193 1139
1883 128
245 387
245 857
387 1448
387 49
202 526
202 537
690 1534
690 612
271 141
281 1508
281 131
281 3
1508 1880
1508 1541
1262 1344
1262 1087
1344 1365
970 1056
970 1911
1056 1242
1903 1935
1903 1722
1903 1388
1935 717
480 671
480 1649
671 1002
671 1760
39 1733
778 924
725 391
492 1548
492 506
1548 1068
1092 1705
784 902
784 1815
902 1186
902 477
945 1902
945 890
945 61
1902 833
1007 1505
1007 1632
706 844
706 779
802 1287
802 775
1113 1257
1113 1160
1113 946
1257 1267
1257 1511
359 1549
359 781
359 741
1549 1366
489 1399
489 9
489 53
1399 585
1399 151
997 1311
997 1403
1311 122
1311 1974
495 989
495 1557
667 1256
667 1425
1256 208
1535 1336
87 452
87 1854
87 133
452 251
452 1603
405 1470
1051 1776
1051 735
1776 1503
1776 1441
111 1485
111 278
771 593
1713 1895
1713 154
1713 239
1895 888
1718 133
1718 347
105 1562
764 816
764 1216
764 1063
816 1807
816 1379
988 1461
988 1937
181 373
181 1927
857 1910
420 1719
420 622
663 148
663 605
1362 717
1002 308
179 1065
179 294
179 1985
1274 198
1274 133
582 1679
582 90
57 959
57 900
959 1114
959 1810
259 685
259 1714
685 76
464 1054
464 834
464 396
1054 297
1054 651
1952 801
538 774
538 635
774 1490
798 1228
404 727
1314 1603
1705 1067
974 1006
974 1925
144 1637
144 329
1637 838
177 1405
1405 1915
1405 1708
772 54
889 1382
1382 240
864 1963
864 21
1963 115
243 1579
243 1241
1579 693
1579 1141
732 1627
732 1656
732 1932
1627 1010
1333 1766
1333 699
898 1696
898 1557
1696 347
746 924
746 162
746 1326
924 1626
1809 8
16 331
566 1631
566 1135
566 762
425 838
838 752
848 1569
1345 1017
1345 514
114 1879
114 648
1879 1499
1879 740
1107 1955
1107 164
1107 1038
1955 1958
448 821
448 455
821 890
438 362
438 1330
521 1908
521 633
219 961
322 1035
322 760
932 1927
1251 1590
1251 472
915 1141
494 1310
494 1520
607 1525
264 766
649 1723
649 745
1698 294
1939 849
1033 6
217 524
1676 669
165 505
165 1801
505 1979
505 1782
743 389
743 568
626 1623
626 1000
1623 370
1413 117
1439 788
389 1158
389 1227
788 619
1503 1783
1503 1830
1783 1288
1783 507
288 883
380 700
380 1740
380 292
1445 867
246 1098
246 1411
363 467
363 483
467 895
467 1217
1630 946
1630 928
1020 686
842 1633
842 1118
842 1816
1633 298
1633 1816
446 1509
446 1953
1521 1580
1394 1588
1394 693
1588 1126
968 252
160 1940
1121 1313
1121 613
1121 70
1313 451
197 1602
197 375
523 720
523 154
720 689
1810 1369
490 543
490 298
543 1321
148 1957
148 470
841 1295
841 1471
1295 173
122 1609
94 1217
94 1350
94 1849
1217 1273
198 80
792 1933
792 1309
1933 1572
54 673
54 755
1370 1746
1370 1135
107 1303
1000 1944
1707 1944
1267 1576
1892 346
1892 1529
1006 881
355 1114
355 27
1114 1185
27 674
674 18
400 1530
400 1874
400 401
1530 627
1530 226
601 1291
601 554
601 1239
1758 486
53 1980
53 1279
1790 329
1400 71
1400 1284
1766 995
280 1608
280 8
1447 533
1447 1045
1126 1774
1097 1722
1097 4
613 388
613 1204
1150 587
766 1987
1174 1948
1174 1962
1174 110
30 1294
30 1386
1294 1728
1294 1846
1364 477
1842 947
1842 1914
1906 1509
1648 310
1648 342
1168 1856
1550 1282
751 983
241 961
241 537
961 1162
432 1677
45 1989
45 641
302 1973
302 18
1067 392
910 976
910 947
11 928
1657 406
1657 1543
1682 1701
729 1309
729 1587
1309 44
714 812
1517 1653
1517 1571
1653 1608
1653 757
569 730
793 1241
443 282
306 1247
689 1340
689 1990
1845 1888
1258 943
399 801
801 810
1261 1456
872 1199
1678 1728
1728 1662
274 1151
274 1388
1151 605
1743 1203
1743 1947
325 1958
333 1218
1115 199
1115 1377
1361 1683
1794 393
1794 1085
1161 1739
1161 544
1201 194
1140 1536
1140 1990
1536 1386
1536 1640
1715 70
1715 865
1288 775
926 1692
926 1983
585 795
585 869
888 942
888 1714
942 534
470 1534
225 598
225 199
598 1867
598 846
194 97
4 454
1940 44
1908 1190
1219 1801
1219 1196
686 1072
686 519
1072 121
866 1942
866 97
866 1815
1942 594
1942 628
353 1277
353 331
1277 1652
1277 1292
222 973
222 346
222 1540
973 1961
973 529
462 1714
462 1132
1599 397
1532 1659
1659 761
1659 1210
1318 937
1318 406
1453 1719
833 1621
833 1461
1621 907
1746 925
1746 1938
1781 1954
1781 957
1954 572
603 1195
603 117
1195 471
1195 1820
786 1592
8 297
819 1350
819 1029
1350 1607
118 628
118 1649
415 608
415 1039
1437 1628
1437 1456
1628 1095
164 486
1095 907
301 1509
301 1486
301 292
1639 1911
1476 1512
892 19
892 1215
504 1050
504 1198
504 893
914 1708
914 824
19 1679
1996 1192
1617 1192
465 1444
1172 1185
1172 1679
1185 775
1486 1427
1486 1098
1701 925
1701 1058
937 1598
284 1962
1565 360
1652 1738
1652 1640
28 1340
1203 1968
1203 365
1968 1010
1968 823
483 1233
483 1808
1233 762
1233 242
273 1917
273 1337
273 1029
1917 1984
1112 1849
716 454
1471 1981
1619 1520
248 1973
551 1260
1260 1576
1260 1163
131 1869
131 635
1869 1379
1473 907
699 749
699 1499
749 1336
749 1846
851 883
851 1236
851 253
883 1326
594 812
1576 511
208 1271
1271 591
1271 947
1580 1063
1958 867
206 1081
1081 1670
252 1911
345 867
1626 710
340 795
1607 1808
1655 1961
1655 532
1961 1555
1038 1733
1733 1376
1063 1677
933 1264
933 1100
715 1359
715 522
79 379
516 374
346 324
1074 1282
1282 298
1753 381
1753 1524
679 1543
416 1807
416 1359
1807 278
1784 384
1784 242
1241 1144
1620 292
1817 1857
1817 1026
1857 1210
1321 1360
319 1874
319 158
903 859
1757 1820
1757 240
1425 633
71 545
1856 491
1856 1723
757 825
673 1049
673 1377
227 1640
227 449
297 1478
157 1997
157 468
1997 450
779 1077
1077 260
705 1941
1242 1789
1242 850
342 587
342 545
587 471
397 1875
651 1687
1687 1848
1687 989
1263 1985
1263 825
417 1376
417 365
1376 507
1534 257
1228 392
1331 394
1331 76
98 1888
98 1726
734 1571
734 723
1520 185
1547 1721
1547 276
1721 1724
1470 162
1206 1462
849 1419
1419 739
1419 124
323 1724
710 1493
1075 1629
1075 1215
283 995
283 1510
283 1666
995 831
1418 703
1540 1192
1049 1988
1049 1990
1330 1584
1584 886
174 584
174 1875
584 1411
1635 1132
1635 1774
1031 488
1125 745
1125 595
799 829
1048 514
310 1569
97 547
1240 1133
1240 113
1339 555
1339 171
1981 64
1686 1726
1686 879
1686 331
1726 491
321 881
152 1381
152 1755
1191 948
1191 185
1005 1284
1005 1372
1005 1355
1792 449
656 1890
656 567
1890 875
1890 357
844 934
844 588
762 294
1310 1625
401 1723
591 1118
1848 752
854 1160
1017 1379
1854 1380
905 909
905 1058
909 957
1541 1646
1365 738
1118 588
236 750
49 1598
49 200
1957 1975
441 630
755 1351
936 1974
1932 267
1286 1675
1083 1525
761 823
761 1468
539 329
167 1860
167 1254
167 650
1860 554
393 1719
727 595
314 621
1494 171
1608 659
444 941
444 1727
941 1223
471 666
666 1589
648 1625
606 647
1927 145
1273 1512
1133 1279
1133 554
14 1738
14 1830
1738 212
1153 1666
205 145
911 1427
1010 1466
455 1337
455 548
1625 1863
1863 593
1863 1186
187 203
187 1045
326 1717
326 730
1717 1775
1292 1802
1292 1734
1802 1392
255 875
255 879
875 409
1671 1871
1671 1629
1671 1041
1871 1380
1468 1771
1468 672
64 724
162 1162
1061 3
1061 498
1372 1755
664 1720
664 1490
1760 1555
239 1725
1089 1987
1569 829
1962 1755
445 880
445 1984
1053 1915
547 253
967 1466
967 1913
1026 1290
804 1624
804 824
1624 1254
1624 1323
180 979
180 1983
979 708
1510 1204
498 1144
498 486
1144 1432
850 1303
1303 90
831 1290
831 1563
1290 368
520 1428
1575 457
1575 709
963 1683
361 1381
1381 1323
1380 1080
957 212
1818 1670
151 450
948 112
948 1804
1720 1798
450 865
368 1499
368 357
85 1984
925 1886
170 1464
731 1988
731 1490
1988 1824
1772 373
1830 282
596 996
575 1560
575 619
1162 1196
1441 1587
800 1943
800 477
800 1392
524 869
823 1264
781 548
90 476
1525 1800
392 1629
709 240
1186 1673
544 1127
1656 669
752 855
1183 409
1183 1176
1646 375
1096 1085
1096 373
482 1507
1507 1156
1507 1614
1614 1670
928 1938
1938 460
1804 289
934 952
934 518
1483 1562
1483 1675
1787 1826
616 741
616 360
1218 439
1432 996
1432 457
1775 1504
900 1745
1745 553
1745 975
1539 1919
62 1814
62 507
1814 1511
251 555
1354 394
134 993
134 1528
993 112
859 1557
1127 1886
1127 893
548 1478
1111 1798
1111 458
1798 943
835 242
1202 1806
1202 1674
147 1461
147 824
608 624
1975 1427
1367 1880
1039 1377
121 113
121 1040
1688 381
1688 708
675 1594
989 723
534 1740
534 1359
92 1395
92 1725
92 647
1395 1649
1395 550
447 1116
447 184
880 1464
1665 807
1163 1919
1919 1815
592 127
825 869
735 1800
807 532
460 978
460 1587
145 394
1970 684
439 545
760 1035
1570 1116
1570 1675
1491 647
855 267
339 370
115 621
529 1199
529 1169
1199 723
1139 1244
1244 506
1816 741
1485 1232
533 1666
458 1947
1664 1850
1664 457
1850 1974
1673 1187
1673 124
1028 810
1187 1774
621 1504
1504 1194
1287 468
846 703
684 1683
112 449
3 895
895 1789
730 550
1572 1846
230 1369
886 199
235 619
