1400 2100
433 1199
433 95
433 633
1199 724
1199 403
17 1370
17 517
17 245
1370 906
1370 781
274 617
274 280
274 61
617 954
617 632
1348 1355
1348 785
1348 152
1355 1027
1355 755
129 793
129 1161
129 1245
793 397
793 660
84 1316
84 49
84 636
1316 999
1316 135
1317 1367
1317 1340
1317 1322
1367 1154
1367 1398
416 1231
416 1325
416 908
1231 508
1231 435
1048 1099
1048 484
1048 266
1099 509
1099 37
730 1018
730 1177
730 479
1018 1193
1018 1153
82 159
82 935
82 1051
159 487
159 936
961 1296
961 1001
961 785
1296 876
1296 841
1029 1085
1029 134
1029 796
1085 655
1085 183
872 958
872 1086
872 755
958 863
958 1014
708 1115
708 835
708 452
1115 823
1115 1012
327 749
327 917
327 689
749 1143
749 1126
592 1169
592 317
592 1302
1169 406
1169 882
317 1023
317 1172
224 1038
224 1261
224 405
1038 744
1038 1059
1120 1324
1120 1336
1120 200
1324 13
1324 639
272 706
272 902
272 890
706 722
706 216
604 1179
604 263
604 1031
1179 420
1179 830
1014 1163
1014 1319
1163 418
1163 340
1125 1259
1125 518
1125 1372
1259 1079
1259 1351
160 873
160 263
160 36
873 590
873 1105
787 1300
787 759
787 1285
1300 1188
1300 802
581 1052
581 651
581 653
1052 712
1052 11
557 1332
557 52
557 862
1332 1310
1332 463
671 945
671 2
671 1043
945 1111
945 924
53 932
53 580
53 440
932 1244
932 124
362 455
362 756
362 1205
455 1015
455 1044
28 1104
28 886
28 350
1104 861
1104 1294
645 1072
645 569
645 1150
1072 994
1072 500
62 608
62 597
62 7
608 1140
608 990
823 716
823 1313
154 691
154 761
154 497
691 534
691 558
97 1203
97 139
97 284
1203 1105
1203 260
169 325
169 110
169 309
325 887
325 656
219 820
219 137
219 12
820 255
820 1325
792 1356
792 405
792 893
1356 1394
1356 563
589 1293
589 117
589 954
1293 814
1293 1063
257 703
257 450
257 303
703 1349
703 167
225 342
225 246
225 547
342 133
342 799
345 1161
345 245
345 901
1161 228
658 1392
658 481
658 87
1392 897
1392 900
352 791
352 864
352 208
791 1267
791 37
779 1273
779 699
779 568
1273 76
1273 254
127 1347
127 741
127 845
1347 788
1347 403
323 1142
323 828
323 458
1142 1262
1142 909
34 667
34 1135
34 1003
667 634
667 725
95 497
95 696
497 845
518 1136
518 1253
569 1353
569 1217
510 1270
510 688
510 613
1270 42
1270 1253
852 970
852 398
852 136
970 1083
970 238
716 1338
716 870
1338 1386
1338 424
863 899
863 196
899 151
899 816
49 1140
49 236
1140 227
595 819
595 448
595 1180
819 45
819 370
319 735
319 1158
319 47
735 284
735 686
1202 1268
1202 222
1202 890
1268 1074
1268 201
70 705
70 623
70 1306
705 138
705 968
153 1377
153 277
153 733
1377 33
1377 1354
61 1114
61 270
1114 73
1114 680
262 875
262 193
262 14
875 885
875 329
387 1055
387 694
387 117
1055 994
1055 541
764 1387
764 959
764 60
1387 893
1387 1162
641 642
641 1157
641 626
642 1283
642 394
147 1073
147 42
147 21
1073 903
1073 859
370 822
370 347
822 4
822 287
916 1255
916 0
916 913
1255 1000
1255 298
636 712
636 1343
712 241
801 1045
801 1357
801 704
1045 1011
1045 235
549 1318
549 1333
549 996
1318 1001
1318 1005
1229 1342
1229 291
1229 1351
1342 583
1342 596
151 1020
151 100
381 687
381 285
381 653
687 869
687 1137
915 1152
915 237
915 374
1152 376
1152 208
275 1200
275 1056
275 527
1200 373
1200 486
462 1206
462 1061
462 58
1206 543
1206 701
630 1019
630 372
630 1172
1019 1340
1019 24
285 1393
285 243
1393 635
1393 503
143 1080
143 925
143 24
1080 385
1080 1304
832 1382
832 173
832 271
1382 495
1382 44
298 545
298 297
545 226
545 925
1058 1087
1058 441
1058 878
1087 1235
1087 546
449 714
449 239
449 1349
714 271
714 993
137 434
137 182
742 1116
742 89
742 453
1116 1310
1116 383
1020 167
1020 844
768 1254
768 900
768 682
1254 597
1254 936
115 280
115 981
115 554
280 748
576 675
576 1201
576 116
675 940
675 1093
486 1010
486 248
1010 1108
1010 7
585 989
585 753
585 778
989 476
989 841
955 1345
955 1315
955 488
1345 1357
1345 1292
1235 582
1235 962
726 884
726 619
726 663
884 1290
884 447
1030 1375
1030 1012
1030 217
1375 365
1375 1351
400 1208
400 338
400 969
1208 118
1208 1074
10 119
10 45
10 766
119 379
119 1027
33 1042
33 905
1042 529
1042 1311
181 940
181 1050
181 297
940 1236
90 493
90 339
90 773
493 336
493 686
629 887
629 472
629 65
887 8
643 971
643 591
643 306
971 880
971 1280
203 815
203 1260
203 303
815 559
815 1173
297 828
828 1349
109 399
109 789
109 647
399 210
399 997
328 586
328 929
328 1101
586 321
586 743
149 1109
149 50
149 296
1109 18
1109 854
316 432
316 564
316 1228
432 640
432 818
534 445
534 489
98 389
98 766
98 32
389 574
389 221
223 649
223 933
223 402
649 38
649 1000
954 858
122 337
122 856
122 1078
337 1247
337 1070
303 1023
1023 1281
869 184
869 190
584 893
584 1103
584 758
963 1298
963 620
963 1346
1298 701
1298 527
701 750
574 77
574 967
350 1220
350 395
1220 384
1220 571
282 411
282 217
282 674
411 926
411 226
583 912
583 1366
654 728
654 1005
654 367
728 4
728 881
239 919
239 1218
114 1092
114 1215
114 1093
1092 1210
1092 946
125 1138
125 732
125 194
1138 26
1138 221
1122 1327
1122 659
1122 1246
1327 889
1327 688
309 550
309 1111
550 709
550 93
1001 195
11 478
11 304
478 531
478 1061
564 1185
564 335
1185 774
1185 839
39 1363
39 802
39 1076
1363 1036
1363 588
943 1361
943 794
943 891
1361 719
1361 565
36 1294
36 836
1294 526
767 1135
767 659
767 1175
1135 849
15 1271
15 697
15 957
1271 441
1271 1346
480 813
480 652
480 304
813 102
813 934
412 678
412 371
412 1266
678 628
678 693
673 947
673 1292
673 602
947 721
947 548
210 1151
210 999
467 1144
467 420
467 855
1144 145
1144 1198
269 1388
269 501
269 66
1388 74
1388 1222
962 1086
962 105
1086 321
14 1247
14 1257
1247 968
1150 227
1150 16
765 1066
765 1022
765 1028
1066 1204
1066 1121
264 784
264 953
264 1024
784 948
784 351
1071 1258
1071 1015
1071 1174
1258 737
1258 1334
339 260
339 250
536 834
536 396
536 724
834 937
834 459
1049 1090
1049 300
1049 1249
1090 1039
1090 232
166 743
166 230
166 41
743 1133
13 998
13 250
284 795
805 995
805 178
805 733
995 271
995 1282
71 627
71 37
71 956
627 204
627 579
1074 1110
18 372
18 68
101 469
101 948
101 817
469 249
469 1333
511 1307
511 898
511 719
1307 1175
1307 747
898 288
898 702
677 1196
677 495
677 807
1196 1304
1196 1047
935 1082
935 402
1082 1391
1082 252
379 725
379 200
228 960
228 1309
960 826
960 415
696 607
696 163
336 982
336 501
679 1241
679 256
679 8
1241 588
1241 1094
55 1297
55 1039
55 499
1297 365
1297 295
288 1127
288 1197
1127 551
1127 398
426 1326
426 1075
426 214
1326 794
1326 920
130 281
130 438
130 781
281 883
281 1159
231 1379
231 599
231 63
1379 1006
1379 1368
504 1245
504 1280
504 259
1245 1176
133 435
133 560
435 142
931 1089
931 1056
931 112
1089 1364
1089 1141
434 777
434 338
777 100
777 876
520 551
520 1060
520 1056
551 867
598 799
598 710
598 473
799 155
126 1069
126 836
126 367
1069 81
1069 79
253 1110
253 465
253 292
1110 848
634 1067
634 700
1067 240
1067 741
741 1189
50 1145
50 849
578 1171
578 496
578 1009
1171 1162
1171 498
1154 395
1154 1084
201 1221
201 267
1221 513
1221 490
99 270
99 548
99 560
270 855
794 891
171 969
171 693
171 59
969 1081
182 1207
182 1118
1207 189
1207 951
717 1222
717 1084
717 847
1222 503
445 334
445 69
117 73
441 933
632 1034
632 45
1034 826
1034 544
439 725
439 1149
439 1132
745 1060
745 473
745 736
1060 1129
729 1232
729 193
729 1011
1232 494
1232 975
704 1059
704 754
1059 740
121 415
121 770
121 111
415 991
695 830
695 402
695 539
830 64
591 1267
591 12
1267 75
31 1195
31 1031
31 351
1195 40
1195 487
1064 1078
1064 692
1064 301
1078 1350
178 831
178 1399
258 685
258 1136
258 1344
685 366
685 559
751 1112
751 524
751 1124
1112 866
1112 474
191 366
191 267
191 251
366 1397
752 848
752 9
752 553
848 936
1262 1046
1262 155
548 1286
428 458
428 260
428 895
458 972
419 867
419 1281
419 1143
867 594
409 1119
409 1224
409 1017
1119 162
1119 354
526 621
526 235
621 537
621 422
395 739
555 913
555 738
555 324
913 646
321 746
746 1166
746 134
24 868
868 519
868 656
91 140
91 1336
91 1076
140 561
140 442
52 1323
52 374
861 974
861 994
853 1100
853 1194
853 89
1100 804
1100 404
650 1186
650 978
650 80
1186 594
1186 492
172 1147
172 187
172 928
1147 812
1147 1329
674 985
674 723
985 279
985 364
1319 825
1319 1218
886 904
886 308
904 707
904 246
804 1238
804 528
513 1153
513 1077
1153 1284
249 261
249 1167
1336 407
686 1027
1151 459
1151 1187
429 521
429 1227
429 817
521 840
521 920
812 1341
812 290
1341 313
1341 423
854 929
854 1026
929 73
100 238
238 1139
44 1240
44 202
1240 1339
1240 176
450 88
450 599
78 973
78 1312
78 88
973 1223
973 882
283 444
283 646
283 803
444 611
444 286
418 314
418 530
200 361
1143 1189
1189 1256
38 69
38 1395
522 582
522 357
522 921
582 544
495 681
293 344
293 780
293 1223
344 808
344 789
227 1302
1302 457
102 1366
102 1004
597 776
646 1390
885 573
885 883
424 949
424 431
949 251
949 894
346 392
346 1263
346 914
392 1396
392 505
859 877
859 783
877 498
877 157
193 942
1061 918
1062 1385
1062 881
1062 1204
1385 199
1385 1237
394 926
394 611
926 845
798 1132
798 57
798 110
1132 1389
245 919
788 661
788 663
1105 810
131 1226
131 1053
131 992
1226 234
1226 846
635 1025
635 1024
1025 139
1025 731
517 624
517 234
624 176
624 452
1170 1183
1170 535
1170 213
1183 1194
1183 1209
294 1369
294 417
294 1287
1369 737
1369 814
67 1098
67 1376
67 427
1098 180
1098 842
357 276
357 1126
590 144
590 1233
783 874
783 538
42 1380
615 637
615 865
615 305
637 731
637 911
174 406
174 715
174 25
406 112
6 184
6 376
6 554
184 600
762 1330
762 1123
762 206
1330 94
1330 731
542 918
542 1173
542 512
918 1260
364 502
364 622
502 111
502 430
563 748
563 1238
748 310
1250 1269
1250 355
1250 1168
1269 453
1269 315
496 700
496 1134
21 1188
21 865
1188 1083
1228 1287
1228 51
1287 1350
797 1329
797 897
797 165
1329 1008
661 1139
661 880
1139 1004
710 1321
710 602
27 858
27 860
27 1005
858 515
164 1272
164 824
164 983
1272 1113
1272 1279
1310 198
1136 664
104 849
104 152
104 519
740 259
740 1378
533 846
533 1334
533 1046
846 211
30 1128
30 451
30 839
1128 612
1128 715
662 996
662 990
662 243
996 1321
836 930
925 907
1283 1285
1283 220
769 1095
769 723
769 410
1095 175
1095 1371
575 964
575 372
575 668
964 607
964 499
897 212
46 620
46 205
46 757
620 377
986 1358
986 146
986 383
1358 554
1358 1396
152 605
197 1017
197 538
197 47
1017 786
866 1149
866 1360
892 1021
892 1353
892 1219
1021 312
1021 1234
1372 1306
1372 141
442 821
442 905
821 509
821 436
51 1373
51 1290
763 876
763 933
763 1289
1160 1366
1160 561
1160 824
906 1252
906 531
214 1371
214 535
1371 1285
544 1097
1097 579
1097 390
1173 209
718 761
718 826
718 1040
761 1102
390 401
390 393
401 676
401 499
87 220
87 1040
220 1091
1006 1164
1006 1312
1164 529
1164 571
135 934
135 1274
934 910
1389 173
1389 1107
923 1395
923 94
923 230
1395 308
535 1328
1253 572
1050 1301
1050 770
20 953
20 1190
20 1051
953 470
88 785
1333 1214
460 587
460 1374
460 355
587 874
587 803
771 1266
771 232
771 208
1266 831
485 760
485 883
485 922
760 835
760 577
524 972
524 1378
1313 755
1313 79
103 1252
103 1301
103 388
1252 802
142 277
142 0
277 361
747 1174
747 652
1174 80
614 681
614 113
614 1002
681 951
503 188
29 894
29 914
29 1002
894 1158
856 1165
856 107
139 694
558 1274
558 349
1274 1374
304 1278
1278 556
1278 26
833 1213
833 218
833 1008
1213 809
1213 948
724 1306
332 702
332 988
332 538
702 668
241 255
241 865
255 1328
487 1277
318 889
318 1190
318 489
889 956
296 721
296 165
721 436
234 1257
295 347
295 1088
347 96
118 903
118 991
43 1214
43 1168
43 1157
1214 93
1280 1184
573 86
573 226
831 307
525 665
525 1286
525 123
665 1172
665 451
1015 1035
177 247
177 711
177 199
247 596
247 664
481 1277
481 144
7 330
330 613
330 1016
384 1191
384 1383
773 601
773 1107
474 619
474 1354
619 1182
737 907
77 512
77 626
329 1224
329 410
267 928
1159 1216
1159 1124
1216 842
1216 946
161 244
161 998
161 827
244 766
244 618
1215 570
1215 464
810 1364
810 1149
1364 593
1227 391
1227 1013
1077 1256
1077 908
301 1343
301 601
1343 59
26 588
806 1070
806 464
806 1108
1070 1145
912 331
912 1182
240 1217
240 335
83 217
83 76
83 1106
774 1117
774 707
1117 306
1117 349
369 1068
369 719
369 829
1068 1181
1068 980
594 437
168 669
168 254
168 63
669 494
669 475
1290 75
1012 229
1391 56
1391 333
1168 809
146 623
146 40
623 383
457 380
457 780
175 1260
175 195
355 1291
1291 1201
1291 927
519 540
179 391
179 461
179 483
391 965
1339 145
1339 753
697 471
697 1299
349 722
722 1178
580 410
580 644
22 1230
22 1308
22 808
1230 1155
1230 941
570 371
570 647
202 1295
202 1276
56 176
56 494
818 1322
818 124
1322 74
377 676
377 472
676 1373
373 939
373 341
693 92
105 110
105 659
1284 927
1284 1054
1022 744
1022 1286
1124 1026
851 982
851 484
851 515
982 733
451 603
603 648
603 9
162 500
162 204
500 562
157 1288
157 689
1288 562
1288 492
1083 1084
560 265
561 668
1088 1303
1088 1239
1303 618
1303 446
727 1032
727 664
727 376
1032 639
1032 1373
1081 1264
1081 809
1264 938
1264 529
9 1108
599 514
471 233
471 132
216 556
216 1331
556 351
540 1205
540 942
1205 1175
610 1386
610 750
610 1184
1386 757
1181 862
1181 979
1295 609
1295 1016
750 1131
980 75
980 23
786 937
786 841
937 508
917 19
917 976
1166 461
1166 734
1047 1243
1047 1157
1243 150
1243 1204
1353 324
491 796
491 1041
491 54
796 1344
141 683
141 79
683 981
683 1
466 968
466 1003
466 1192
473 941
173 302
939 1337
939 4
1337 488
1337 648
158 443
158 523
158 736
443 74
443 1234
1133 86
1133 1362
307 516
307 881
363 732
363 1031
363 186
732 565
862 967
396 1102
396 365
622 699
622 1380
699 403
694 163
40 343
343 1251
343 326
211 490
211 921
490 35
86 1028
1193 1146
1193 268
187 1036
187 657
1036 358
198 633
198 25
1123 901
1123 180
909 605
909 356
1054 1380
1054 1233
80 921
692 919
692 992
944 1365
944 63
944 753
1365 5
1365 647
609 516
609 180
93 1113
1113 1281
1024 289
607 837
289 523
289 754
543 206
543 57
1256 1130
404 453
404 215
431 124
431 367
150 1131
150 94
1131 425
1201 1191
1357 672
515 734
734 739
707 1257
993 1118
993 684
1118 1381
472 772
338 782
711 302
711 811
1292 537
312 1037
312 266
302 189
698 1093
698 72
698 736
252 1384
252 825
1384 128
1384 682
532 1289
532 1063
532 417
1289 300
663 185
218 1057
218 653
1374 456
776 1277
776 775
508 207
811 974
811 96
974 333
230 291
291 979
1308 1352
1308 966
1009 1075
1009 1225
1075 354
1251 541
1251 356
1000 266
972 1028
300 1305
273 1335
273 386
273 438
1335 1282
1335 800
903 385
713 1198
713 483
713 456
1198 977
32 311
32 888
311 326
311 879
568 1225
568 292
1225 1004
1158 380
1331 857
1331 855
331 723
331 1094
770 957
235 320
68 120
68 417
120 265
120 1011
259 170
1033 1180
1033 382
1033 606
1180 871
66 690
66 959
690 1315
690 930
215 386
215 552
738 547
738 1368
927 475
385 279
222 421
222 843
612 507
612 1265
1046 1091
1091 878
498 680
58 628
58 190
459 837
386 116
1381 1360
1381 314
463 1041
463 758
1041 790
1008 657
250 1013
1013 1237
816 631
816 1037
901 1039
941 572
265 1279
233 1197
233 1246
860 596
860 354
874 807
167 192
997 237
997 436
1261 666
1261 782
759 448
759 1141
138 335
138 213
132 1299
132 454
1299 652
1129 567
1129 896
998 1190
814 413
991 506
1184 1211
196 1176
196 322
1176 983
308 334
334 368
1244 0
1244 360
959 1234
397 188
397 479
204 107
212 896
212 313
896 541
602 420
1282 1265
1265 562
978 800
978 106
1155 398
1155 1007
407 593
407 47
1210 278
1210 438
59 775
775 268
1141 287
261 413
261 1178
1315 189
380 966
205 1359
205 1121
1359 207
1359 437
795 1044
795 1
1044 1394
1197 156
688 69
375 1137
375 237
375 600
1137 509
19 715
19 807
1378 577
835 800
625 790
625 660
625 1376
790 425
613 361
378 1178
378 430
378 870
975 988
975 572
988 1187
1103 1187
1103 895
967 340
878 25
1003 631
537 1275
977 1340
977 1352
611 1146
185 207
185 268
195 666
666 910
145 1275
430 505
505 359
1167 1007
1167 1276
461 482
1301 248
829 924
829 566
924 156
838 1238
838 930
838 567
772 1162
772 2
479 1076
601 1007
850 1248
850 682
850 546
1248 1096
1248 348
680 421
414 1212
414 640
414 232
1212 348
1212 827
756 1362
756 341
942 85
528 1053
528 165
1053 221
475 482
700 1165
1165 720
1362 571
128 229
128 206
914 981
456 660
276 1219
276 360
482 483
170 684
170 689
684 136
199 1148
628 116
1130 188
1130 1350
600 1383
41 952
41 1065
92 477
92 1224
477 320
477 618
313 871
278 523
278 359
844 1177
844 803
1237 437
229 108
739 427
965 1346
965 857
320 1279
870 1218
322 422
322 57
422 447
639 299
1321 183
8 1314
1314 843
1314 631
1177 1311
655 1390
655 192
1390 808
842 190
155 286
286 857
1096 1383
1096 123
888 1219
888 1145
5 938
5 468
72 408
72 489
408 186
408 1352
371 148
81 1396
81 3
248 341
546 251
209 1
209 1312
1146 1311
744 922
922 825
895 1320
1320 1249
1320 966
757 111
1263 454
1263 290
1107 781
2 484
16 871
16 290
579 470
60 388
60 393
388 405
1239 123
1239 1211
263 638
1192 353
1192 946
96 3
1323 910
1323 1305
492 468
324 452
359 720
305 987
305 65
987 709
987 992
840 368
840 348
488 890
843 1156
1156 626
1156 952
3 880
891 393
465 1209
465 1368
1209 340
113 957
113 507
605 1094
928 326
1325 847
374 559
315 1242
315 1246
1242 839
1242 1063
1394 1148
192 1079
423 333
423 1111
1057 1065
1057 12
1334 907
567 1051
984 1126
984 817
984 644
900 911
638 754
638 911
758 950
789 864
864 353
1065 1035
782 1354
246 593
990 1276
356 464
306 1217
1223 213
920 951
447 507
824 778
547 952
1002 672
440 847
440 552
353 552
956 1376
35 242
35 565
242 778
242 48
1191 506
709 1309
254 1397
656 1344
1035 163
454 382
134 566
292 256
553 837
553 64
448 1309
108 194
108 48
194 979
427 425
1397 256
1037 1043
1043 106
882 606
413 54
530 983
530 1304
512 780
421 657
476 527
476 539
1079 89
1275 236
648 606
651 670
651 902
577 720
1249 1360
112 999
1194 616
76 1398
144 1399
186 1233
382 908
938 299
1121 1102
299 136
516 633
1328 616
65 1101
48 670
183 1236
106 314
566 107
501 1040
368 1106
640 85
1148 446
1305 470
148 827
148 1026
879 1236
879 950
670 468
243 616
905 279
23 976
23 1134
976 1182
85 950
539 358
902 1399
310 672
310 1398
446 506
360 1134
156 1211
358 514
514 54
287 64
1016 1106
531 644
236 1101
