1000 1500
14 312
14 385
14 33
312 527
312 499
100 730
100 218
100 429
730 322
730 614
220 417
220 340
220 813
417 169
417 329
460 664
460 658
460 769
664 564
664 720
23 626
23 88
23 708
626 257
626 83
448 918
448 776
448 203
918 298
918 467
260 718
260 578
260 650
718 300
718 989
729 788
729 119
729 117
788 772
788 270
422 637
422 530
422 37
637 581
637 554
477 981
477 197
477 381
981 541
981 811
553 711
553 645
553 879
711 241
711 818
108 706
108 126
108 502
706 93
706 131
136 279
136 895
136 610
279 653
279 594
105 557
105 125
105 780
557 494
557 723
412 479
412 423
412 229
479 789
479 410
457 630
457 510
457 95
630 106
630 403
483 768
483 495
483 415
768 720
768 458
137 360
137 353
137 258
360 884
360 484
22 293
22 851
22 1
293 611
293 845
59 297
59 171
59 241
297 134
297 602
26 937
26 197
26 825
937 758
937 745
430 469
430 60
430 215
469 669
469 534
264 320
264 37
264 19
320 234
320 107
252 611
252 562
252 687
611 745
280 301
280 754
280 374
301 550
301 832
130 213
130 97
130 441
213 15
213 670
536 635
536 60
536 245
635 683
635 75
492 974
492 101
492 603
974 532
974 766
354 744
354 976
354 123
744 409
744 999
660 787
660 979
660 375
787 326
787 549
633 833
633 719
633 503
833 127
833 68
424 839
424 322
424 691
839 162
839 966
162 783
162 876
9 862
9 632
9 784
862 361
862 539
358 750
358 376
358 973
750 85
750 900
121 923
121 793
121 850
923 197
923 288
523 817
523 512
523 511
817 652
817 475
77 98
77 948
77 66
98 185
98 12
601 858
601 684
601 267
858 665
858 546
428 521
428 533
428 447
521 231
521 782
158 697
158 366
158 32
697 313
697 661
104 726
104 123
104 468
726 369
726 149
568 946
568 716
568 654
946 588
946 372
434 866
434 548
434 594
866 159
866 435
440 760
440 838
440 308
760 585
760 177
755 772
755 658
755 556
772 149
54 87
54 66
54 940
87 132
87 994
573 795
573 143
573 244
795 290
795 874
319 470
319 859
319 217
470 298
470 455
402 913
402 872
402 55
913 560
913 703
143 103
143 193
156 628
156 604
156 102
628 582
628 69
20 853
20 10
20 690
853 906
853 505
313 72
313 758
446 732
446 45
446 278
732 177
732 51
48 951
48 272
48 463
951 231
951 242
155 934
155 572
155 170
934 666
934 181
51 202
51 101
202 822
202 445
659 961
659 238
659 308
961 170
961 522
570 883
570 811
570 671
883 594
883 869
482 919
482 392
482 904
919 58
919 183
8 591
8 561
8 433
591 830
591 510
161 455
161 69
161 393
455 727
210 985
210 454
210 792
985 757
985 10
60 372
372 36
304 998
304 885
304 678
998 658
998 250
262 623
262 337
262 175
623 733
623 517
343 468
343 163
343 94
468 226
389 584
389 954
389 769
584 988
584 32
585 292
585 599
423 373
423 414
282 722
282 670
282 540
722 131
722 686
622 907
622 834
622 99
907 233
907 939
976 602
976 184
653 490
653 165
176 826
176 636
176 438
826 411
826 6
369 283
369 909
160 323
160 770
160 683
323 725
323 364
13 310
13 812
13 349
310 909
310 381
277 728
277 387
277 789
728 909
728 613
669 97
669 341
15 90
15 366
90 737
90 314
6 270
6 328
270 207
338 451
338 63
338 954
451 189
451 348
783 273
783 731
268 535
268 627
268 825
535 670
535 629
807 929
807 255
807 915
929 467
929 317
187 318
187 40
187 896
318 922
318 454
426 600
426 340
426 801
600 242
600 775
512 261
512 240
396 577
396 906
396 840
577 756
577 392
231 738
738 315
738 949
456 856
456 609
456 50
856 723
856 506
241 410
410 392
186 852
186 832
186 828
852 78
852 801
114 189
114 677
114 539
189 357
645 201
645 696
390 618
390 612
390 975
618 752
618 263
316 589
316 881
316 61
589 571
589 620
11 478
11 978
11 449
478 481
478 712
243 864
243 154
243 271
864 549
864 978
411 678
411 110
717 869
717 871
717 439
869 962
859 253
859 388
141 593
141 815
141 185
593 662
593 627
665 408
665 335
72 810
72 405
497 987
497 209
497 743
987 638
987 367
101 969
271 415
271 401
415 355
608 854
608 612
608 146
854 597
854 507
134 86
134 989
107 837
107 516
837 40
837 657
522 936
522 123
936 997
936 956
634 848
634 178
634 656
848 333
848 284
138 681
138 481
138 689
681 296
681 515
383 857
383 215
383 610
857 875
857 459
574 982
574 898
574 229
982 933
982 269
366 82
85 116
85 196
116 695
116 76
118 967
118 391
118 751
967 167
967 908
45 983
45 578
983 140
983 148
838 99
838 979
685 791
685 294
685 615
791 39
791 233
207 901
207 737
901 963
901 88
822 921
822 845
825 232
684 76
684 80
135 997
135 453
135 953
997 736
227 851
227 887
227 314
851 269
494 454
494 491
346 579
346 702
346 168
579 900
579 949
64 335
64 205
64 73
335 41
112 232
112 644
112 970
232 749
569 736
569 84
569 379
736 253
152 713
152 888
152 605
713 764
713 57
948 350
948 805
124 880
124 276
124 353
880 801
880 960
666 172
666 491
548 39
548 694
391 302
391 829
278 300
278 382
300 773
513 957
513 737
513 821
957 351
957 476
473 884
473 5
473 35
884 500
472 925
472 931
472 465
925 53
925 432
299 359
299 978
299 916
359 820
359 827
771 992
771 646
771 149
992 799
992 740
167 963
167 899
963 378
561 688
561 938
175 409
175 81
409 777
39 450
292 939
292 754
662 898
662 933
832 325
810 592
810 841
586 802
586 103
586 166
802 863
802 36
404 762
404 942
404 79
762 707
762 86
102 689
102 567
689 812
173 749
173 330
173 705
749 843
222 461
222 831
222 986
461 438
461 532
442 501
442 790
442 596
501 765
501 437
75 973
75 616
973 797
16 249
16 627
16 275
249 128
249 785
516 654
516 877
800 968
800 498
800 804
968 735
968 840
418 823
418 775
418 587
823 773
823 947
55 325
55 798
325 179
283 326
283 674
533 889
533 180
889 485
889 649
246 567
246 954
246 151
567 226
185 965
965 219
965 844
177 710
481 518
63 38
63 598
182 667
182 712
182 5
667 873
667 524
815 914
815 741
778 841
778 695
778 307
841 932
327 905
327 741
327 150
905 7
905 464
4 926
4 617
4 654
926 914
926 515
588 245
588 777
599 955
599 441
955 855
955 565
632 421
632 153
376 181
376 759
153 761
153 928
761 959
761 129
330 459
330 991
466 583
466 289
466 386
583 345
583 986
387 715
387 206
78 753
78 38
716 835
716 83
498 747
498 306
540 882
540 248
882 850
882 891
40 638
505 552
505 506
552 784
552 960
756 808
756 528
808 590
808 686
352 538
352 698
352 767
538 809
538 520
28 743
28 613
28 949
743 266
255 642
255 436
642 742
642 558
648 945
648 915
648 58
945 894
945 676
240 891
240 694
891 221
10 403
25 674
25 407
25 331
674 480
504 708
504 950
504 228
708 806
44 952
44 303
44 733
952 914
952 364
776 32
776 92
62 332
62 861
62 275
332 944
332 373
326 652
517 912
517 896
912 507
912 897
604 464
604 537
113 679
113 217
113 564
679 819
679 236
675 940
675 799
675 682
940 394
820 340
820 855
132 607
132 122
219 436
219 984
436 942
221 378
221 261
33 691
33 917
691 890
541 707
541 368
328 371
328 194
950 828
950 216
827 966
827 331
966 336
506 542
88 893
735 344
735 655
597 38
597 139
117 811
117 47
804 865
804 274
199 291
199 616
199 429
291 984
291 527
208 785
208 575
208 296
785 932
495 779
495 119
406 769
406 562
406 345
922 996
922 30
127 796
127 493
796 250
796 581
266 911
266 452
911 780
911 886
741 238
303 649
303 870
649 651
294 229
294 727
863 357
863 204
66 490
276 673
276 767
673 164
673 576
273 747
273 489
747 656
463 499
463 867
499 393
425 881
425 431
425 115
881 544
30 876
30 712
876 646
298 547
547 142
547 874
799 921
181 464
725 528
725 7
617 943
617 836
943 435
943 484
337 643
337 126
73 550
73 315
550 18
180 878
180 773
638 429
274 576
274 247
576 83
43 972
43 287
43 781
972 646
972 895
373 847
847 357
847 120
238 543
29 930
29 349
29 616
930 171
930 437
242 256
256 476
256 587
560 831
560 438
831 225
503 525
503 94
525 849
525 970
89 916
89 510
89 311
916 484
74 119
74 144
74 920
198 414
198 835
198 17
414 286
164 421
164 836
421 650
302 258
302 397
944 687
944 613
754 41
36 331
200 236
200 190
200 49
236 813
329 875
329 640
875 203
17 380
17 419
380 339
380 267
871 698
871 191
69 971
253 474
257 288
257 575
148 719
148 206
719 834
727 365
745 644
35 140
35 508
140 403
290 924
290 537
924 734
924 159
731 580
731 890
37 860
860 34
860 520
694 696
698 819
571 650
571 190
120 485
120 663
485 830
217 65
753 805
753 709
543 709
543 18
709 286
575 487
367 748
367 529
748 397
748 52
76 643
42 170
42 68
42 542
906 195
195 631
195 759
474 995
474 487
995 790
995 765
879 529
879 609
397 355
887 904
887 677
904 509
166 964
166 462
964 275
964 79
225 641
225 209
641 234
641 235
333 958
333 433
873 261
873 705
814 892
814 251
814 651
892 188
892 178
281 657
281 27
281 345
657 142
447 399
447 334
284 49
284 545
432 746
432 168
746 849
746 739
111 511
111 980
111 47
511 902
644 605
502 661
502 920
661 224
47 624
631 690
631 829
996 96
996 250
688 927
688 829
530 94
530 305
2 990
2 803
2 398
990 50
990 212
693 844
693 566
693 81
844 509
49 763
779 680
779 223
93 619
93 379
619 672
619 793
394 696
394 640
191 224
191 834
224 336
92 672
92 285
962 764
962 652
624 603
624 91
572 347
572 546
933 344
562 702
151 272
151 374
272 903
129 699
129 582
699 490
699 324
757 878
757 993
705 680
439 452
439 938
452 614
927 770
927 993
592 67
592 596
496 842
496 215
496 375
842 621
842 453
214 598
214 211
214 165
598 52
789 885
680 228
888 307
888 239
254 527
254 431
254 401
234 554
384 902
384 846
384 704
902 3
196 683
196 781
793 938
209 212
192 444
192 977
192 751
444 500
444 91
578 154
86 956
956 1
5 81
526 590
526 147
526 133
590 898
824 921
824 868
824 676
348 812
348 405
704 861
704 742
861 52
556 734
556 703
734 334
342 774
342 377
342 194
774 188
774 31
835 508
742 668
211 555
211 610
555 830
555 400
7 999
287 959
287 443
959 491
770 179
528 259
487 285
205 368
205 362
368 356
223 794
223 420
794 500
794 941
899 507
899 488
183 843
183 24
843 739
777 361
364 816
629 400
629 341
96 168
96 370
351 375
351 31
803 314
803 259
581 46
846 347
846 721
361 724
233 942
344 809
809 606
212 370
350 596
350 752
850 701
690 986
288 251
237 395
237 486
237 910
395 420
395 308
3 980
3 443
805 544
228 840
27 441
27 163
144 580
144 163
870 977
870 363
897 971
897 235
971 317
416 518
416 433
416 531
518 867
169 671
169 157
885 405
84 315
84 71
244 941
244 201
941 565
994 989
994 595
714 868
714 398
714 554
868 46
399 625
399 615
67 877
67 265
877 106
509 172
251 362
790 786
154 975
18 53
53 806
322 724
621 797
621 267
797 480
764 70
715 95
715 932
239 816
239 334
816 286
780 612
752 849
0 427
0 110
0 486
427 692
427 309
188 775
677 489
984 339
867 305
206 204
431 201
459 147
133 668
133 893
668 24
620 786
620 551
786 385
82 702
82 378
958 125
958 676
70 80
70 125
710 131
710 615
56 420
56 258
56 413
398 520
519 595
519 872
519 321
595 643
975 655
365 393
365 682
980 928
878 836
939 34
91 311
311 558
582 763
701 31
701 767
766 979
766 682
486 247
545 602
545 458
80 401
400 295
462 969
462 563
353 782
782 218
893 363
450 751
450 103
672 740
362 721
381 471
471 910
471 549
508 230
265 296
265 285
476 179
707 413
245 647
886 993
886 269
563 605
563 115
377 558
377 537
413 931
931 798
106 700
139 663
139 544
663 295
606 792
606 739
317 356
145 370
145 449
145 531
12 371
12 68
371 355
126 356
928 19
695 194
587 480
174 639
174 614
174 977
639 970
639 603
515 559
559 813
559 895
324 865
324 890
50 720
700 991
700 204
991 910
651 806
339 97
534 671
534 21
759 821
307 529
147 407
845 539
289 379
289 765
21 917
21 190
917 235
95 514
458 71
733 855
408 382
408 792
566 894
566 896
686 874
172 656
1 524
894 216
248 386
248 385
218 784
524 969
295 449
122 935
122 947
935 821
935 309
46 159
607 445
607 678
142 960
872 445
128 349
128 109
687 721
386 763
900 692
57 531
57 79
758 61
41 247
150 263
150 99
110 34
865 305
819 636
551 109
551 374
465 321
465 740
453 443
171 493
915 19
388 467
388 493
625 24
625 488
336 908
178 647
226 263
193 798
193 920
341 724
723 903
818 828
818 363
647 655
781 703
115 609
65 475
65 157
146 407
146 230
999 640
419 542
419 61
157 347
580 71
382 309
306 953
306 514
321 546
947 908
230 903
203 514
692 489
488 988
988 953
109 165
435 437
532 565
475 564
58 259
636 184
216 184
