2300 3450
147 805
147 1789
147 740
805 1512
805 1040
1008 1250
1008 829
1008 6
1250 360
1250 837
23 1035
23 2142
23 327
1035 2229
1035 1753
1078 1989
1078 1453
1078 341
1989 692
1989 1733
79 707
79 1924
79 1653
707 2271
707 182
353 910
353 1596
353 972
910 362
910 1454
672 1072
672 2179
672 1454
1072 861
1072 973
345 677
345 2077
345 552
677 404
677 1809
47 80
47 1095
47 571
80 77
80 1341
375 1343
375 1695
375 1399
1343 11
1343 756
599 1725
599 924
599 782
1725 1032
1725 335
1664 1820
1664 259
1664 1334
1820 1782
1820 2081
537 618
537 1855
537 355
618 481
618 1493
549 821
549 2140
549 2187
821 1662
821 190
1212 1839
1212 1335
1212 486
1839 1589
1839 92
695 2107
695 2134
695 1087
2107 1417
2107 1229
203 2170
203 164
203 2078
2170 451
2170 723
871 1546
871 1948
871 1324
1546 1018
1546 1025
598 1271
598 1106
598 413
1271 1021
1271 1640
462 1347
462 536
462 69
1347 1690
1347 700
1239 1533
1239 93
1239 1010
1533 1724
1533 1637
419 482
419 1309
419 1260
482 1162
482 737
1034 1689
1034 1602
1034 676
1689 1950
1689 233
1843 2236
1843 1367
1843 1480
2236 796
2236 940
724 938
724 431
724 1403
938 2227
938 387
1367 2127
1367 2231
2127 438
2127 947
1075 1461
1075 1364
1075 157
1461 2148
1461 1145
1580 2091
1580 2051
1580 1542
2091 471
2091 336
56 924
56 287
56 311
924 1983
1006 1447
1006 1334
1006 2238
1447 1680
1447 1404
773 1245
773 505
773 1301
1245 970
1245 1414
589 1424
589 2000
589 1177
1424 1427
1424 236
1826 2003
1826 1703
1826 76
2003 94
2003 851
670 1232
670 266
670 1079
1232 1524
1232 1616
814 1542
814 801
814 1071
1542 2255
112 187
112 1099
112 1442
187 1175
187 1129
693 1481
693 343
693 2283
1481 121
1481 508
1328 1763
1328 1775
1328 520
1763 2126
1763 691
176 617
176 1469
176 1566
617 91
617 1891
1363 1604
1363 1644
1363 2085
1604 815
1604 567
201 1055
201 2005
201 1803
1055 799
1055 953
1497 1949
1497 1920
1497 1121
1949 1544
1949 621
634 1431
634 930
634 1284
1431 1416
1431 825
714 1460
714 398
714 81
1460 318
1460 140
318 1661
318 42
651 1520
651 1327
651 1021
1520 2018
1520 1240
1966 2284
1966 1556
1966 587
2284 452
2284 650
1464 2037
1464 1202
1464 208
2037 2103
2037 1747
1066 2256
1066 2191
1066 1674
2256 2082
2256 1449
2148 1208
2148 1732
925 1499
925 923
925 2290
1499 764
1499 1047
191 1620
191 795
191 1208
1620 721
1620 743
1107 1247
1107 1865
1107 374
1247 1717
1247 2162
645 807
645 1502
645 1299
807 195
807 464
127 1864
127 601
127 689
1864 1392
1864 464
948 1748
948 2270
948 1785
1748 52
1748 2204
1473 1978
1473 1594
1473 2101
1978 374
1978 1426
173 2245
173 357
173 791
2245 2192
2245 697
1659 1759
1659 141
1659 384
1759 78
1759 1265
68 502
68 175
68 1801
502 742
502 877
210 1260
210 1276
210 639
1260 2231
1022 2227
1022 254
1022 2189
2227 1350
103 2186
103 1613
103 1193
2186 1399
2186 1979
1342 2168
1342 2279
1342 2045
2168 894
2168 104
38 516
38 1875
38 1849
516 893
516 1226
1463 2049
1463 1866
1463 1746
2049 1182
2049 229
1892 2083
1892 67
1892 258
2083 1917
2083 1438
64 1291
64 1606
64 2251
1291 2001
1291 485
55 568
55 2246
55 749
568 544
568 287
149 1515
149 1086
149 255
1515 194
1515 1396
221 866
221 1784
221 2058
866 727
866 2207
1526 2254
1526 236
1526 2273
2254 1089
2254 388
4 868
4 1831
4 1429
868 1596
868 957
494 1778
494 1935
494 226
1778 309
1778 1267
815 1924
815 1505
775 1568
775 913
775 1531
1568 1357
1568 665
1399 1881
728 1227
728 1137
728 1601
1227 620
1227 1443
483 722
483 397
483 293
722 84
722 2050
1191 2120
1191 2099
1191 1192
2120 131
2120 1592
926 1557
926 410
926 2279
1557 244
1557 710
459 1713
459 1293
459 1863
1713 943
1713 1031
477 2139
477 741
477 2014
2139 971
2139 362
1013 1067
1013 1040
1013 526
1067 534
1067 2243
1381 2137
1381 272
1381 2294
2137 430
2137 2080
352 2224
352 929
352 1758
2224 1179
2224 73
1224 2190
1224 289
1224 835
2190 146
2190 1697
335 1417
335 1708
1417 643
486 1406
486 27
1406 83
1406 913
1935 1803
1935 442
1129 1134
1129 2018
1134 134
1134 810
400 845
400 1222
400 1853
845 1770
845 1769
942 1128
942 1062
942 401
1128 1686
1128 180
781 802
781 1300
781 798
802 941
802 1584
713 1979
713 243
713 1185
1979 1071
60 251
60 891
60 1889
251 66
251 166
1182 61
1182 1592
437 1141
437 1706
437 1312
1141 1882
1141 686
561 1436
561 2263
561 523
1436 991
1436 1691
1750 2241
1750 249
1750 1825
2241 2066
2241 81
1953 2155
1953 1512
1953 1990
2155 2250
2155 2166
870 1288
870 1977
870 2169
1288 333
1288 2041
37 1287
37 8
37 1704
1287 2141
1287 2267
1118 2293
1118 1899
1118 1904
2293 847
2293 600
1213 2036
1213 855
1213 1019
2036 1738
2036 964
1126 1214
1126 1627
1126 826
1214 2163
1214 378
50 94
50 1123
50 631
94 554
545 1348
545 310
545 2174
1348 1152
1348 765
2077 1765
2077 1871
270 326
270 823
270 1925
326 313
326 495
28 155
28 1692
28 234
155 2079
155 1099
105 1836
105 185
105 932
1836 1167
1836 1337
654 846
654 1615
654 902
846 182
846 867
238 1871
238 1404
238 2054
1871 631
1476 2266
1476 1373
1476 1852
2266 2028
2266 1458
918 1301
918 630
918 1465
1301 325
765 2025
765 1897
2025 54
2025 2125
192 1346
192 15
192 2278
1346 1230
1346 346
1490 1792
1490 2112
1490 1512
1792 1688
1792 2010
1556 309
1556 337
1322 1799
1322 160
1322 1057
1799 222
1799 1452
86 2002
86 905
86 368
2002 1867
2002 2053
1615 2052
1615 1674
2052 26
2052 646
98 1976
98 1630
98 2169
1976 603
1976 2100
284 1020
284 1797
284 223
1020 156
1020 2126
1285 1917
1285 484
1285 691
1917 1860
873 2089
873 1652
873 796
2089 1701
2089 2154
1124 1671
1124 1484
1124 1130
1671 518
1671 783
357 1907
357 2153
1907 217
1907 1632
1782 551
1782 414
395 1116
395 923
395 1205
1116 685
1116 1039
1618 1797
1618 151
1618 321
1797 946
573 1302
573 900
573 811
1302 1307
1302 2130
484 1868
484 1419
1868 1592
1868 527
1007 1680
1007 989
1007 2013
1680 139
324 418
324 1728
324 1993
418 1307
418 1372
338 1027
338 2230
338 1969
1027 595
1027 2165
557 1443
557 66
557 541
1443 1734
343 2274
343 790
2274 211
2274 328
92 1609
92 361
1609 178
1609 1333
738 2129
738 300
738 342
2129 2233
2129 202
922 1721
922 1344
922 256
1721 906
1721 185
904 1258
904 417
904 563
1258 513
1258 699
1158 1174
1158 2187
1158 2294
1174 1899
1174 336
198 2264
198 166
198 1360
2264 842
2264 803
51 179
51 735
51 856
179 65
179 1630
305 2247
305 1757
305 1263
2247 306
2247 605
1627 2147
1627 1144
2147 636
2147 921
228 1389
228 763
228 280
1389 730
1389 1946
443 1314
443 1237
443 1204
1314 723
1314 488
960 1195
960 1305
960 1445
1195 889
1195 115
895 1703
895 1166
895 1996
1703 463
2079 989
2079 1732
3 404
3 1686
3 1742
404 2161
1172 1194
1172 32
1172 551
1194 838
1194 887
521 1233
521 424
521 1407
1233 993
1233 1277
248 580
248 2211
248 386
580 1931
580 686
134 1727
134 1299
1727 53
1727 788
2279 593
861 1005
861 1256
544 2119
544 2027
2119 1320
2119 417
967 1993
967 1096
967 322
1993 991
1073 2240
1073 1252
1073 2198
2240 818
2240 1457
961 1770
961 595
961 2134
1770 1251
306 740
306 476
429 1909
429 1939
429 498
1909 239
1909 638
1150 1440
1150 1764
1150 363
1440 1879
1440 540
426 708
426 944
426 129
708 1493
708 1970
168 2133
168 584
168 662
2133 799
2133 849
1024 1709
1024 332
1024 1421
1709 823
1709 1153
860 2132
860 684
860 1488
2132 146
2132 1667
883 2115
883 759
883 664
2115 501
2115 585
268 679
268 2173
268 1777
679 1398
679 1928
97 1700
97 2178
97 2282
1700 2234
1700 596
393 1470
393 1642
393 1017
1470 88
1470 1923
649 1130
649 1269
649 975
1130 962
1289 1756
1289 1149
1289 1639
1756 520
1756 799
1549 2061
1549 1867
1549 1682
2061 653
2061 283
608 2032
608 838
608 1730
2032 2179
2032 1663
1865 2173
1865 1413
637 1830
637 997
637 1880
1830 119
1830 2235
307 1775
307 2185
307 1873
1775 1648
1712 2204
1712 909
1712 299
2204 167
14 884
14 1119
14 965
884 1068
884 1480
709 1446
709 1564
709 136
1446 1361
1446 1510
104 1223
104 512
1223 136
1223 1178
347 2262
347 35
347 936
2262 1144
2262 1474
5 1064
5 1477
5 285
1064 2019
1064 916
394 1025
394 1887
394 1693
1025 2162
1202 1813
1202 987
1152 1872
1152 1854
1872 1710
1872 2233
1228 1373
1228 1321
1228 762
1373 1654
1033 1277
1033 463
1033 1760
1277 2012
508 1541
508 901
1541 1506
1541 946
583 1077
583 2194
583 875
1077 808
1077 1215
1548 2217
1548 1603
1548 1317
2217 2128
2217 1236
161 1842
161 1366
161 1159
1842 1844
1842 121
562 874
562 2006
562 837
874 858
874 564
1010 1824
1010 2022
1824 1634
1824 261
2 1934
2 535
2 1120
1934 1149
1934 1726
735 1705
735 231
1705 415
1705 1582
623 1643
623 929
623 74
1643 2153
1643 1104
1086 2062
1086 680
43 1971
43 1801
43 82
1971 320
1971 710
1043 1857
1043 171
1043 1161
1857 675
1857 671
355 2094
355 824
2094 1623
2094 1816
998 1297
998 159
998 1540
1297 1441
1297 718
1046 1862
1046 1089
1046 308
1862 1279
1862 491
1596 1584
1613 2239
1613 1854
83 479
83 2070
2031 2226
2031 801
2031 1638
2226 24
2226 760
131 243
131 341
698 1530
698 403
698 1097
1530 269
1530 174
294 1589
294 1910
294 212
1589 1572
407 563
407 585
407 1309
563 1814
339 1740
339 809
339 1814
1740 1026
1740 291
1774 1783
1774 1528
1774 1243
1783 733
1783 855
823 930
333 57
333 1437
567 1487
567 2250
1293 2233
1293 451
108 532
108 1835
108 1565
532 727
532 1591
779 1603
779 889
779 822
1603 1439
2117 2122
2117 1345
2117 1355
2122 278
2122 193
1688 1859
1688 2051
1859 1504
1859 576
2246 1885
2246 1156
795 574
795 2068
985 1479
985 2053
985 1663
1479 1171
1479 789
229 1087
229 1385
1087 295
555 1486
555 1677
555 754
1486 954
1486 227
1623 1735
1623 174
1735 590
1735 2232
1879 1408
1879 1171
635 1860
635 85
635 71
1860 627
641 1525
641 1595
641 222
1525 273
1525 1459
1450 2072
1450 593
1450 1968
2072 816
2072 2143
169 1944
169 857
169 609
1944 2065
1944 1566
247 1226
247 809
247 1379
1226 1992
1039 1800
1039 57
1800 706
1800 1327
702 1132
702 312
702 875
1132 2085
1132 1823
1616 1961
1616 719
1961 1754
1961 1153
955 1312
955 354
955 1311
1312 190
1407 1967
1407 1215
1967 2016
1967 1211
778 1270
778 171
778 240
1270 1611
1270 1143
1646 1840
1646 327
1646 54
1840 304
1840 1360
416 1937
416 725
416 152
1937 360
1937 1645
631 699
699 1641
591 626
591 1378
591 2158
626 1419
626 2047
1210 2212
1210 1719
1210 1408
2212 403
2212 1574
906 769
906 1016
665 1329
665 2076
1329 1244
1329 1655
197 995
197 1221
197 129
995 1386
995 58
653 717
653 405
717 275
717 177
1179 456
1179 1056
369 1861
369 257
369 800
1861 1281
1861 1679
1361 1972
1361 420
1972 1121
1972 974
1163 1462
1163 1893
1163 1575
1462 840
1462 638
1366 2087
1366 530
2087 1249
2087 1160
1088 1468
1088 470
1088 1197
1468 2102
1468 1225
1036 2181
1036 1644
1036 1901
2181 282
2181 1762
663 1441
663 1056
663 1023
1441 1938
444 1137
444 478
444 2277
1137 1491
1187 1410
1187 58
1187 1635
1410 1217
1410 1687
1787 2229
1787 2042
1787 123
2229 320
107 140
107 364
107 1936
140 1374
751 1145
751 1377
751 21
1145 1359
471 682
471 20
682 1974
682 34
1598 1655
1598 928
1598 1794
1655 1954
1309 1947
58 259
310 1402
310 504
1402 788
1402 2288
1062 1415
1062 1683
1415 1037
1415 829
1350 685
1350 2223
1831 2271
1831 1111
2271 1919
1544 1885
1544 879
1912 2116
1912 1955
1912 308
2116 1357
2116 346
18 1001
18 349
18 1942
1001 527
1001 769
65 1779
65 835
1789 154
1789 1166
1269 1601
1269 1719
1601 1594
530 624
530 1108
624 2026
624 723
769 1724
1127 1517
1127 982
1127 497
1517 509
1517 541
183 1074
183 1422
183 137
1074 1911
1074 1241
1514 1697
1514 894
1514 1610
1697 1364
533 1681
533 382
533 1502
1681 1449
1681 2084
110 1498
110 325
110 2167
1498 1138
1498 864
1217 1810
1217 26
604 1741
604 2251
604 488
1741 1739
1741 260
1884 1910
1884 1044
1884 547
1910 1262
1115 1170
1115 329
1115 1332
1170 1303
1170 1724
1924 1621
1484 1851
1484 242
1171 162
123 1553
123 661
1553 1030
1553 1590
1282 2070
1282 1290
1282 629
2070 2163
791 929
791 1412
224 2130
224 366
224 1983
2130 396
219 2164
219 1624
219 2065
2164 2058
2164 1509
0 1339
0 12
0 522
1339 1059
1339 1061
579 2098
579 987
579 1333
2098 1262
2098 743
1274 1428
1274 1906
1274 474
1428 48
1428 1805
30 687
30 1706
30 1576
687 2285
687 2169
472 660
472 1896
472 890
660 889
660 1874
274 675
274 1494
274 913
675 2218
734 2237
734 1656
734 427
2237 2290
2237 1702
1120 1369
1120 885
1369 2195
1369 1409
943 1822
943 1584
1822 1334
1822 298
243 916
916 1375
1057 1844
1057 1837
1844 226
1559 1825
1559 1919
1559 2088
1825 850
143 749
143 69
143 1805
749 1867
162 1931
162 160
1931 1999
186 302
186 1838
186 1821
302 2167
302 1336
552 1442
552 344
1442 1915
1637 1781
1637 2202
1781 959
1781 1383
24 457
24 204
1393 2058
1393 875
1393 1851
1149 1890
156 804
156 1599
804 971
804 2207
2195 115
2195 1186
253 1231
253 1852
253 281
1231 2192
1231 1255
1257 1496
1257 1432
1257 1050
1496 196
1496 2289
401 2298
401 1051
2298 981
2298 534
1030 1188
1030 386
1188 2222
1188 271
989 575
1050 2069
1050 255
2069 1507
2069 813
509 1602
509 44
1602 241
1125 1605
1125 1119
1125 2214
1605 1272
1605 2292
803 1554
803 36
1554 1930
1554 1403
53 1471
53 244
1471 1665
1471 2283
2112 1438
2112 242
1133 2103
1133 797
1133 570
2103 1980
1207 1760
1207 1739
1207 1999
1760 1275
359 876
359 1254
359 1942
876 1110
876 220
1114 1452
1114 503
1114 727
1452 1012
61 1767
61 565
812 1230
812 1640
812 1785
1230 2182
581 809
581 1316
581 2009
1599 408
1599 1330
2126 1858
683 856
683 276
683 1310
856 389
1325 1900
1325 696
1325 763
1900 1466
1900 720
256 1951
256 2185
1951 843
1951 1004
1624 1518
1624 1148
1108 1753
1108 703
410 2080
410 1886
2192 280
1403 1676
1676 2118
1676 1845
768 1165
768 1874
768 1060
1165 442
1165 455
787 1178
787 1941
787 73
1178 2114
445 920
445 978
445 2146
920 249
920 129
898 1540
898 1037
898 1701
1540 495
7 1103
7 367
7 392
1103 565
1103 293
766 2287
766 315
766 2026
2287 2172
2287 2071
577 810
577 539
577 891
810 106
1505 323
1505 1853
703 2118
703 1365
2118 1411
2263 1928
2263 1135
239 1080
239 921
1080 627
1080 17
994 1364
994 2234
994 1516
52 385
52 1
1847 2097
1847 1478
1847 1423
2097 1893
2097 1045
621 1905
621 840
1905 35
1905 1105
1377 1106
1377 2200
211 838
211 2023
1547 1576
1547 570
1547 2230
1576 1699
491 1975
491 1298
1975 2183
1975 2261
1483 2086
1483 1175
1483 425
2086 1718
2086 940
831 2160
831 525
831 739
2160 2196
2160 2235
164 497
164 2048
497 992
2063 2252
2063 2078
2063 1794
2252 541
2252 1330
225 1038
225 1835
225 1398
1038 321
1038 859
1140 1832
1140 2056
1140 1920
1832 102
1832 281
1418 1956
1418 658
1418 1894
1956 1041
1956 425
2001 592
2001 2225
411 1048
411 1015
411 399
1048 354
1048 578
1645 2004
1645 640
2004 1180
2004 1422
971 1016
1316 1581
1316 1331
554 1435
554 1396
1516 1710
1516 132
1710 254
1246 1849
1246 117
1246 1242
1849 425
745 1567
745 63
745 1837
1567 8
1567 323
73 1434
1434 517
1434 1804
547 1848
547 2230
1848 525
1848 1467
403 1997
1138 2005
1138 1432
157 1433
157 1642
1433 517
1433 863
95 1687
95 2027
95 2006
1687 1390
829 931
1419 1583
945 1628
945 146
945 1093
1628 531
1628 2143
1091 1682
1091 2184
1091 854
1682 2172
151 1054
151 1974
430 1564
430 1266
1564 244
1992 215
1992 2299
529 2064
529 2067
529 692
2064 1957
2064 2113
1185 2140
1185 1313
2140 1982
1657 2215
1657 116
1657 365
2215 1731
2215 2114
378 470
378 1922
470 2045
741 2019
741 1037
950 1190
950 1181
950 1569
1190 881
1190 175
90 1235
90 124
90 1259
1235 1459
1235 1779
793 1472
793 1264
793 1888
1472 1053
1472 863
574 1168
574 543
1168 1414
1168 2057
440 939
440 250
440 691
939 531
939 1742
456 538
456 1769
538 101
538 697
990 1757
990 1819
990 1379
1757 671
1164 1793
1164 1487
1164 753
1793 2214
1793 2128
746 1805
746 1585
746 226
757 2043
757 899
757 16
2043 111
2043 1063
1644 1326
153 882
153 2141
153 2265
882 1522
882 1626
1193 1707
1193 1449
1707 295
1707 1457
341 673
673 1400
673 1142
1354 1395
1354 1294
1354 1430
1395 1773
1395 1788
62 1029
62 1493
62 2291
1029 1065
1029 2238
526 984
526 1221
984 323
984 1096
1718 1160
1718 1236
96 762
96 1236
96 2152
762 172
85 2144
85 1491
2144 1504
2144 2207
792 1777
792 836
792 540
1777 1044
1180 1773
1180 1154
1773 676
1307 1501
1795 1897
1795 2021
1795 2257
1897 716
1378 1085
1378 1812
1610 2260
1610 382
2260 2216
2260 487
295 1375
2042 1850
2042 1259
789 785
789 902
1119 1042
1495 2050
1495 1754
1495 1451
2050 937
2114 25
439 2269
439 1977
439 2267
2269 1457
2269 1324
391 1963
391 446
391 1189
1963 582
1963 379
1059 1636
1059 748
1699 1965
1699 392
1965 1539
1965 409
259 1986
1738 560
1738 1204
392 652
376 788
376 286
376 1084
1518 1092
1518 841
1015 2092
1015 2249
2092 263
2092 833
652 1337
652 754
523 806
523 1166
806 1183
806 1199
1110 811
1110 963
1706 869
1085 2007
1085 613
2007 232
2007 1173
2104 2135
2104 214
2104 427
2135 1002
2135 2225
596 647
596 1776
647 1561
647 46
448 1715
448 1266
448 361
1715 1745
1715 1280
862 2078
862 1729
862 2082
643 2040
643 438
2040 1411
2040 342
2234 1109
178 808
178 492
808 413
642 1846
642 1813
642 120
1846 2174
1846 852
770 1357
770 1061
770 1734
1594 122
1320 1501
1320 1881
1501 2268
366 1560
366 613
2141 1340
2011 2172
2011 144
2011 1047
992 1815
992 33
1815 485
1815 701
1807 2113
1807 2131
1807 1588
2113 1529
349 2123
349 813
2123 830
2123 558
978 1242
978 433
1242 548
619 1947
619 1253
619 2221
1947 1565
1218 1489
1218 145
1218 972
1489 1467
1489 725
190 1716
550 1704
550 1685
550 543
1704 1306
894 1985
2214 331
1106 1453
704 2027
704 1500
704 231
41 780
41 2220
41 1097
780 460
780 2076
344 1858
344 1146
276 1392
276 1933
905 1788
905 1817
1788 527
1266 711
1042 1331
1042 2074
74 319
74 2197
319 848
319 441
1154 137
1154 584
1089 1318
311 640
311 1728
640 1612
128 784
128 909
128 1784
784 2138
784 1964
111 1131
111 1563
220 638
220 1908
99 348
99 2258
99 2156
348 1762
348 1249
2067 1804
2067 632
138 1099
138 113
138 76
2101 827
2101 625
578 2188
578 1672
2188 125
2188 468
690 1575
690 246
690 72
1575 2184
87 230
87 1379
87 449
230 1560
230 45
252 1758
252 668
252 1310
1758 159
458 1863
458 676
458 1220
1863 1349
996 1538
996 44
996 1123
1538 1068
1538 1003
1068 2228
763 1761
39 976
39 317
39 189
976 525
976 1980
1427 2255
1427 1714
1000 1508
1000 1275
1000 2178
1508 354
1508 1404
585 1936
1539 1902
1539 1702
1902 681
1902 356
100 434
100 1649
100 1889
434 912
434 118
569 1550
569 903
569 1492
1550 1711
1550 2024
215 125
215 852
1040 450
983 1455
983 232
983 1585
1455 1061
1455 42
1642 1652
2255 1597
1279 2151
1279 209
66 1392
279 701
279 1451
279 1248
701 974
858 1280
858 2209
1280 2199
2010 2197
2010 208
2197 453
254 688
891 261
514 1098
514 1543
514 1588
1098 1315
1098 1751
510 719
510 2080
510 1143
719 1629
881 1300
881 88
1300 1780
382 616
2228 2276
2228 362
2276 1743
2276 1315
20 446
20 1997
446 174
351 1894
351 915
351 2275
1894 2194
263 469
263 377
469 1283
469 811
1784 160
2099 309
2099 182
438 1877
957 271
957 1156
991 586
313 32
313 1278
1435 2013
1435 977
980 1772
980 962
980 761
1772 1995
1772 1621
2187 512
1611 413
1611 1585
1852 1883
1372 2296
1372 1004
2296 958
2296 1743
1813 1798
800 1167
800 772
1167 733
1326 1771
1326 952
1771 194
1771 258
1305 371
1305 69
1893 841
1896 1255
1896 1834
1767 783
1767 289
636 963
636 290
551 1631
1631 586
1631 962
29 423
29 1045
29 1521
423 2277
423 1573
1244 1358
1244 205
1729 1932
1729 2210
1932 148
1932 1112
1850 2297
1850 1982
2270 130
2270 1139
864 1453
864 1102
297 997
297 480
297 1581
997 1189
833 1874
833 415
249 1131
479 422
479 1904
1696 2020
1696 1692
1696 1139
2020 911
2020 2030
726 1668
726 285
726 747
1668 1200
1668 1382
463 1026
476 590
476 206
590 1551
222 1311
1311 1739
1754 1723
1500 1155
1500 1607
217 646
217 659
1198 1743
1198 1545
1198 656
511 776
511 209
511 1371
776 656
776 296
1899 1998
914 2249
914 879
914 758
2249 152
1294 1716
1294 1786
1716 1670
827 1751
827 102
1634 1635
1634 896
1635 857
1882 500
1882 852
759 1890
759 1639
480 1914
480 844
433 1070
433 1275
1745 688
1745 1950
336 2128
1234 1292
1234 290
1234 356
1292 2201
1292 1595
330 1151
330 2090
330 63
1151 1197
1151 748
586 1880
872 1205
872 188
872 1973
1205 1465
1181 1811
1181 1397
1811 1394
1811 964
1829 2261
1829 610
1829 428
2261 1744
325 447
1253 2014
1253 1551
25 1534
25 969
1534 195
1534 1675
2152 582
2152 406
2209 1660
2209 1723
958 1827
958 1111
848 1286
848 1341
389 1587
389 1429
1587 1672
1587 1914
271 466
132 148
132 1273
406 736
406 1071
736 1161
736 758
84 820
84 1926
1146 2203
1146 1184
2203 2282
2203 1041
979 1946
979 1711
979 1382
1946 1023
1060 1791
1060 836
1791 159
1791 671
387 1662
387 1281
1662 697
91 308
91 213
614 658
614 1298
614 1401
658 408
512 48
493 1945
493 888
493 1995
1945 2166
1945 21
556 1327
556 293
556 519
615 1376
615 142
615 1032
1376 496
1376 1535
2297 1319
2297 385
847 1049
847 26
656 740
21 265
265 1960
265 2131
93 662
93 1988
662 684
1633 2039
1633 1310
1633 380
2039 383
2039 177
1522 2202
1522 1641
2202 1513
732 2046
732 1466
732 2171
2046 1765
2046 934
223 1940
223 1921
1940 1263
1940 1065
1551 1591
1591 965
1016 518
528 855
528 180
528 786
504 2075
504 535
2075 2102
2075 1358
560 664
560 2121
664 2038
1581 1076
436 628
436 715
436 1588
628 1229
628 801
820 506
820 1768
981 2005
981 1679
1053 2110
1053 31
2110 1652
2110 1492
539 1394
539 2090
1661 1665
1661 2275
941 1523
941 680
1523 2047
1523 317
8 452
452 917
46 1876
46 1101
1876 725
1876 283
1261 1650
1261 454
1261 1382
1650 1683
1650 2239
1005 2026
1005 329
1467 650
2173 1606
610 902
610 1176
824 1877
824 931
1877 2175
700 1353
700 542
1353 2159
1353 1262
1 412
1 370
412 1943
412 752
120 1532
120 1083
1532 1629
1532 109
289 141
668 166
668 1147
1386 1614
1386 798
790 2149
790 620
2149 196
2149 1209
1409 1749
1409 940
1749 340
1749 951
320 1801
1469 1475
1469 2093
1502 1570
1636 1201
1636 1155
1814 1834
1834 1391
2211 1817
2211 424
163 712
163 1904
163 1573
712 2250
712 1913
36 1574
36 2201
1574 67
937 2055
937 841
2055 1090
2055 2088
1998 2000
1998 648
2000 2024
89 2074
89 390
89 1332
2074 506
490 1335
490 986
490 1155
1335 1254
288 1237
288 1318
288 1673
1237 1225
232 1485
1485 1936
1485 2019
498 930
498 1352
397 1818
397 869
1818 2205
1818 1432
2065 2051
1076 1919
1076 1755
184 1265
184 1524
184 273
1265 1413
761 2243
761 747
2243 1448
1582 1798
1582 1100
1798 2093
1308 1558
1308 1560
1308 1014
1558 2012
1558 119
988 2142
988 194
988 474
2142 1383
1504 907
337 869
337 214
275 2206
275 1802
2206 1694
2206 1702
1430 1929
1430 1306
1929 1199
1929 661
1507 1513
1507 1049
576 742
576 1273
742 150
1012 19
1012 1873
11 1458
11 1994
1458 1586
933 2062
933 1901
933 1693
2062 2057
32 982
1762 2295
2295 1810
2295 2199
1331 1926
840 277
70 1135
70 954
70 754
1135 730
506 886
2022 1121
2022 2176
115 1960
1960 622
750 1388
750 1368
750 1823
1388 1090
1388 1390
867 1790
867 1295
1561 1002
1561 106
1858 2268
2268 1093
1352 1531
1352 1081
1206 1933
1206 839
1206 1984
1933 2095
760 1209
760 1157
1209 1112
213 402
213 40
402 2198
402 1054
158 466
158 1112
158 299
466 1898
1254 1474
1051 1272
1051 828
1272 1058
245 1666
245 609
245 667
1666 1238
1666 2071
954 2242
2242 1018
2242 71
450 1397
450 75
1397 2299
133 558
133 266
133 1746
558 1162
857 257
1290 449
1290 371
499 1698
499 886
499 1503
1698 332
1698 2213
1640 1901
566 1837
566 2291
566 303
630 2267
630 2138
2196 2124
2196 1465
1093 2177
2177 1570
2177 1144
1732 1755
1755 522
2182 1619
2182 2280
1854 1957
1383 2095
2095 1573
2258 931
2258 1385
571 1808
571 328
1808 896
1808 457
1527 1996
1527 1579
1527 1351
1996 2013
686 2054
2054 524
124 859
124 720
859 135
255 1413
531 1081
540 2085
1044 1082
1875 139
1875 1752
607 1766
607 250
607 235
1766 611
1766 180
453 625
453 2286
625 424
167 1351
167 1903
1351 22
1728 1878
1878 148
1878 657
1887 457
1887 1660
1023 1345
1911 1608
1911 1537
287 1509
959 1370
959 935
982 117
109 2285
109 2060
2285 1600
381 492
381 1941
381 907
492 1981
195 421
1506 1203
1506 75
1959 2161
1959 1786
1959 1898
2161 2035
185 1647
31 921
31 373
1667 2109
1667 473
565 853
365 1981
365 1422
1981 1009
451 405
286 1866
286 102
839 1083
839 1070
1083 1677
272 116
272 2041
1586 744
1586 1519
233 2176
233 542
2176 2088
1054 388
2290 572
500 1368
500 588
1082 2009
1082 1590
2009 1692
1509 1653
609 1895
2008 2174
2008 1891
2008 501
616 1684
616 1545
1684 314
1684 1948
246 218
246 553
592 767
592 2259
1263 2084
1315 172
1570 1216
1785 150
296 262
296 1323
135 593
135 1380
1303 154
1303 368
1400 106
1400 1987
139 1371
2109 2044
2109 461
332 878
878 548
878 777
1411 2265
216 2244
216 363
216 817
2244 546
2244 1841
2167 2257
67 559
1569 1988
1569 507
1988 1869
674 1746
674 283
674 729
1225 1769
113 82
113 907
1890 442
684 893
893 2151
2053 899
559 1536
559 1685
1536 1714
1536 2105
282 733
282 915
421 928
421 2223
928 2017
886 261
1888 2235
1888 1885
1177 1994
1177 1156
1994 1617
1162 1109
1095 1220
1095 2143
1577 1964
1577 1955
1577 2225
1964 2016
304 1117
304 975
2066 772
2066 1081
1817 1639
1264 1324
1264 659
315 1276
315 1619
600 1344
600 1845
1344 1723
170 2105
170 1855
170 819
2105 1720
1368 1930
786 796
786 481
949 2251
949 1571
949 2291
2044 705
2044 2219
655 1136
655 1084
655 267
1136 396
1136 2184
364 1341
364 1306
772 888
298 2146
298 2108
2146 667
1109 1941
1092 2150
1092 879
88 2073
1102 1986
1102 2111
1590 1653
835 1052
1049 844
1845 2106
2106 896
2106 346
548 2033
2033 543
2033 1117
236 2292
2292 1768
880 2134
880 1607
880 1629
1018 1528
321 489
1319 13
1319 755
853 1478
853 2257
1478 1511
1360 2150
1838 885
1838 1401
334 1673
334 546
334 908
1673 2151
2222 428
2222 2238
1595 632
2138 1519
970 34
970 1019
771 1939
771 1323
771 1161
1939 849
501 1456
1677 1426
1437 2145
1437 2208
2145 575
2145 901
739 2023
739 1510
2023 753
681 1985
681 721
505 2154
505 1286
374 1866
534 1474
1318 328
1691 2159
1691 2185
842 2253
842 737
515 1869
515 12
515 1488
1869 2248
1736 1803
1736 1104
1736 267
1647 2283
1647 57
1528 126
206 468
206 1032
987 1122
2156 1734
2156 207
241 901
241 1123
377 1117
377 1184
408 2121
1665 716
1176 40
1176 2059
447 1069
447 685
1069 1880
1069 822
764 1503
764 101
290 1579
59 1338
59 385
59 517
1338 1248
1338 1365
1656 1851
1656 1475
1524 661
1041 1828
1612 126
1612 1675
1222 752
1222 927
1229 767
1466 1617
327 1608
952 834
952 1974
342 496
830 969
830 1283
1175 1621
188 441
188 1694
441 1761
200 415
200 1295
200 2136
2159 1142
1004 1883
2056 427
2056 755
116 1201
2239 2183
1358 2278
2278 2081
2183 503
1090 711
1009 968
1009 468
317 908
706 432
706 1731
1394 2265
1189 2038
632 1356
1356 1626
1356 1983
314 372
314 1987
1607 380
1122 1220
1122 1828
536 1625
536 2121
372 710
372 826
1920 1113
972 1052
1052 1802
1987 666
1423 1562
1423 1396
1562 1765
1562 1345
522 1600
2018 1336
947 234
947 774
1276 1535
81 1973
767 291
1295 1693
1056 2208
1487 2272
45 2175
45 582
2175 694
2096 2221
2096 1730
2096 181
2221 322
1719 1139
1686 1157
1160 865
1113 2280
1113 1204
2280 825
405 9
1855 292
783 678
2153 688
1995 2030
2030 2281
1183 1886
1183 1014
1886 1958
237 696
237 291
237 1286
696 189
1219 1251
1219 813
1219 1717
1251 2198
1511 478
1511 678
1438 1337
63 1445
863 2208
1101 1380
1101 150
1380 1957
1021 454
1477 612
1477 1283
1552 1990
1552 584
1552 1105
1990 467
1630 1856
1835 822
250 1131
1298 1255
44 1870
383 1365
383 2100
473 836
473 946
756 1238
756 2034
1238 422
72 834
72 1480
834 1425
1494 1593
1494 76
974 1954
1954 1780
1249 1930
1387 1980
1387 694
1387 705
622 865
622 1100
865 828
1199 1768
2288 1927
2288 264
729 1256
729 1268
1256 114
694 2201
15 1881
15 231
520 301
546 911
911 1678
1999 966
1903 1284
1903 1984
964 1918
1918 2294
1918 587
1986 1243
936 1856
936 1100
1856 467
285 1821
212 1416
212 1011
1416 1952
606 1572
606 2024
606 130
1572 2136
715 1654
715 1391
755 877
877 205
2041 171
1717 399
627 1169
503 1299
899 1192
692 2299
360 1950
175 48
388 1614
1614 122
172 435
705 1391
1278 1448
1278 1722
1448 1401
752 1658
1810 2231
145 887
145 1913
417 1003
1003 1273
1853 1968
912 2216
912 114
1330 2281
2281 927
154 125
611 953
611 1997
953 1096
260 1958
260 1349
1958 885
956 1927
956 1058
956 2216
1927 1970
1761 731
944 1870
944 1374
165 2071
165 17
165 1216
777 892
777 373
1733 1969
1733 435
1969 2081
1545 850
721 620
1259 2273
897 1962
897 1240
897 968
1962 1926
1962 973
193 597
193 2029
597 828
597 398
2163 420
152 890
1632 1922
1632 519
1922 850
1058 1915
1915 2218
1641 639
2136 1925
356 2059
16 951
16 1284
208 2282
1340 2015
1340 2082
2015 744
2015 487
1683 78
1414 1752
993 1153
993 316
2178 817
262 572
262 1674
1828 1420
398 711
818 414
818 144
1321 1794
1321 1622
1619 475
449 1648
2038 1651
601 1482
601 602
542 595
1336 1384
1384 1159
1384 2124
1421 1571
1421 1370
1571 588
1744 2166
1744 816
454 932
1267 1142
1267 322
496 1672
849 136
280 199
316 1970
316 1938
837 1147
1147 465
196 1952
744 1593
1593 2124
431 1675
431 716
1203 331
1203 1173
331 507
1323 409
1475 2193
2193 1690
2193 1252
923 774
1385 999
17 2060
2060 428
1649 1094
1649 903
1252 1148
1764 235
1764 420
519 2131
205 390
390 1405
1313 844
1313 142
1408 794
1104 1913
495 1943
1065 10
292 2034
292 1606
1566 384
644 2157
644 1906
644 350
2157 432
2157 300
603 1019
603 137
234 513
1802 2194
266 825
209 1942
2014 1519
1786 816
1579 1014
1349 1148
35 379
613 917
371 1482
1482 731
101 507
1711 975
49 119
49 1895
49 1355
2218 1028
1192 909
1196 1973
1196 1578
1196 798
1510 2253
2219 240
2219 455
1355 1737
1737 1806
1737 1819
570 1420
917 986
78 1444
126 487
720 1726
890 1597
2090 2275
121 301
887 2076
27 1780
27 340
358 851
358 461
358 1608
851 2199
689 13
689 785
1906 1173
1491 1429
19 1679
19 1747
181 1977
181 1296
1243 1891
588 2108
2108 202
2253 281
300 370
1654 2205
1968 1812
1200 2220
1200 1451
1928 2068
1779 718
832 2180
832 340
832 1685
2180 1521
2180 1375
903 1317
2277 1701
782 2084
782 227
524 1017
524 934
1017 1923
485 1726
1159 915
1084 1241
1241 1412
794 9
794 2165
629 1600
629 1722
1670 753
1670 1809
368 2059
1722 1169
969 1790
1790 900
2047 329
2017 1638
2017 2154
312 1332
312 973
214 1362
1362 1833
1362 2068
177 657
657 1426
730 564
1398 6
303 1821
303 1660
1215 826
367 854
367 2289
488 1097
513 1063
1908 892
1908 144
1412 1555
1555 1143
1555 1638
587 350
1916 1991
1916 594
1916 460
1991 659
1991 817
75 888
1201 965
1690 1658
986 1982
1268 1296
1268 2200
363 1031
1031 1955
13 1827
422 71
1405 1816
1405 1873
1816 478
605 1503
605 1563
2179 667
594 935
594 1883
935 575
669 1752
669 77
669 1812
1914 1651
1895 1529
1296 269
299 2191
2191 1806
130 1720
919 2021
919 267
919 2259
2021 10
1776 1921
1776 9
2029 379
2029 1952
54 1578
1578 1669
1011 1731
1011 399
34 1111
797 1047
797 819
1184 892
2171 2016
2171 2213
518 633
1730 1695
1626 1806
6 553
1921 384
474 218
189 33
278 535
278 207
1714 1094
114 1317
1070 2125
2034 227
258 1669
432 1796
386 2223
33 467
235 1211
40 350
370 2111
1898 1304
748 1186
1211 758
1663 264
633 2248
633 1753
1597 1678
1678 1622
934 1105
908 1870
1651 1583
1889 1948
465 1529
465 1531
380 22
2073 2248
2073 564
678 1938
414 553
650 12
1543 1374
1543 2286
1617 489
273 927
2220 1841
1157 2035
2035 204
218 1521
1751 277
2057 1444
240 1823
264 1197
2210 1809
2210 122
648 1841
648 843
435 2289
774 2102
460 1695
82 2205
373 731
77 977
1708 1984
1708 117
1669 118
2273 1359
455 968
1720 2259
1694 2232
1248 854
1390 1513
118 475
475 1454
2150 612
932 2286
1079 1658
1079 2125
1583 1923
207 2232
1456 1622
1456 743
2189 1488
2189 572
1028 1445
1028 1537
900 737
1444 1625
1625 843
999 1359
999 2012
1747 2048
2048 2272
1208 1304
1026 22
680 2006
481 1796
1796 1002
142 646
747 2165
666 1819
666 1492
202 1648
1371 1535
1459 1094
396 1563
10 2158
819 1045
2111 489
1827 361
2028 1833
2028 1281
612 2093
1565 277
242 2100
1742 2272
1221 2213
409 1425
2162 199
639 1985
966 1063
966 1537
1833 464
1425 301
1420 963
1333 2158
141 1240
257 1925
1370 1304
1169 977
602 2200
602 269
1804 1943
1439 951
1439 1216
204 2045
1186 718
461 785
42 199
