2700 4050
178 1467
178 2216
178 1360
1467 1340
1467 772
1750 2153
1750 594
1750 1232
2153 2492
2153 1338
156 625
156 2226
156 918
625 1520
625 2547
1049 1431
1049 2629
1049 1255
1431 1481
1431 311
762 1109
762 611
762 2373
1109 2013
1109 1412
40 859
40 1836
40 2446
859 2211
859 1742
382 1791
382 387
382 775
1791 728
1791 2059
788 2150
788 1297
788 673
2150 646
2150 2370
668 2005
668 1154
668 1012
2005 1338
2005 577
1484 2262
1484 2078
1484 2306
2262 1101
2262 1057
765 1263
765 1045
765 1074
1263 1958
1263 1200
1293 1648
1293 1744
1293 531
1648 1117
1648 2566
1764 2316
1764 1234
1764 2004
2316 2047
2316 2598
252 1910
252 2443
252 963
1910 1461
1910 2043
616 2452
616 467
616 2234
2452 1947
2452 2605
658 908
658 279
658 1508
908 740
908 155
1168 2291
1168 2237
1168 560
2291 1064
2291 1280
354 1320
354 1733
354 1228
1320 1505
1320 1090
1482 2338
1482 612
1482 1603
2338 2004
2338 1194
1120 1985
1120 496
1120 2288
1985 59
1985 142
1823 1993
1823 1409
1823 1033
1993 1192
1993 792
1614 2377
1614 750
1614 217
2377 2107
2377 2592
507 1004
507 2296
507 1340
1004 2485
1004 2085
469 712
469 1578
469 1689
712 2284
712 2142
227 2527
227 106
227 584
2527 582
2527 781
2260 2488
2260 870
2260 815
2488 2515
2488 2627
1322 1976
1322 2066
1322 2063
1976 1052
1976 432
1295 1959
1295 2665
1295 864
1959 2306
1959 75
1231 1300
1231 151
1231 818
1300 1522
1300 2310
337 2664
337 969
337 983
2664 1955
2664 1726
537 2689
537 1738
537 2193
2689 2619
2689 696
51 1367
51 268
51 327
1367 677
1367 211
576 731
576 2154
576 525
731 994
731 1827
1054 1487
1054 1237
1054 2538
1487 700
1487 1513
1729 1842
1729 1601
1729 676
1842 1317
1842 1509
69 1043
69 2104
69 2434
1043 2591
1043 2261
2047 2380
2047 850
2380 1169
2380 728
123 1917
123 463
123 1254
1917 173
1917 790
783 1518
783 199
783 1030
1518 1459
1518 1928
2238 2622
2238 882
2238 558
2622 471
2622 140
2160 2257
2160 2011
2160 1872
2257 1302
2257 1001
2184 2651
2184 418
2184 428
2651 1292
2651 550
1796 2655
1796 386
1796 1090
2655 1328
2655 938
55 2685
55 2423
55 620
2685 1878
2685 303
1282 2699
1282 1241
1282 2601
2699 1746
2699 124
212 948
212 1147
212 919
948 1859
948 1666
1757 2663
1757 173
1757 816
2663 1122
2663 231
1534 1602
1534 1891
1534 1096
1602 1702
1602 2542
124 835
124 483
835 2359
835 2077
311 2647
311 366
2647 532
2647 1524
664 965
664 1718
664 2287
965 515
965 522
1205 2186
1205 843
1205 1511
2186 1422
2186 572
230 2430
230 1968
230 2282
2430 1919
2430 419
922 1080
922 74
922 1044
1080 538
1080 1512
1824 2609
1824 2601
1824 206
2609 2168
2609 2407
463 1469
463 1851
1469 1051
1469 315
85 1517
85 222
85 300
1517 1964
1517 1569
1752 2175
1752 1781
1752 902
2175 2225
2175 1637
353 1826
353 2570
353 66
1826 1816
1826 2632
1341 2232
1341 647
1341 709
2232 2110
2232 855
869 2502
869 1681
869 1813
2502 1860
2502 213
1871 2132
1871 2632
1871 961
2132 1429
2132 2021
790 1189
790 690
1189 1875
1189 739
923 1161
923 1997
923 2088
1161 1020
1161 554
170 2235
170 297
170 2474
2235 2391
2235 1922
181 1719
181 1335
181 2468
1719 2438
1719 2065
1806 2560
1806 1490
1806 2555
2560 2696
2560 860
208 1444
208 1822
208 2318
1444 1051
1444 1092
43 1111
43 1889
43 1008
1111 1220
1111 1200
1292 1930
1292 2419
1930 1413
1930 98
1651 1899
1651 1546
1651 105
1899 1244
1899 956
1089 1229
1089 1074
1089 1543
1229 1381
1229 2156
292 2117
292 2509
292 814
2117 2636
2117 639
255 1412
255 1538
255 2640
1412 1377
1671 2637
1671 1749
1671 321
2637 1790
2637 596
1124 1681
1124 2318
1124 1362
1681 1405
67 278
67 2342
67 1164
278 829
278 2191
461 1251
461 141
461 1743
1251 2261
1251 26
520 2469
520 2528
520 2012
2469 872
2469 0
1859 2013
1859 2605
2013 2234
500 2411
500 2620
500 2566
2411 967
2411 2633
322 913
322 2129
322 428
913 1395
913 885
24 990
24 2463
24 2243
990 1075
990 1566
242 2381
242 1712
242 2240
2381 439
2381 44
423 1898
423 2375
423 1350
1898 1641
1898 1308
1709 1961
1709 2040
1709 1820
1961 1163
1961 1621
513 1154
513 2049
513 1825
1154 58
2216 484
2216 1986
58 2071
58 1697
2071 807
2071 2494
863 1007
863 1130
863 1112
1007 244
1007 399
109 167
109 687
109 1892
167 355
167 1072
511 1193
511 2055
511 821
1193 1194
1193 216
2139 2597
2139 2590
2139 2218
2597 1407
2597 2556
372 626
372 1977
372 853
626 2454
626 1014
439 2522
439 874
2522 1133
2522 410
411 1291
411 2101
411 462
1291 3
1291 1274
2287 2697
2287 1952
2697 2169
2697 1948
1343 2254
1343 1969
1343 2030
2254 609
2254 2009
219 1615
219 975
219 692
1615 2486
1615 267
903 1573
903 1028
903 1904
1573 448
1573 1822
305 2558
305 1664
305 443
2558 2540
2558 2250
364 621
364 1329
364 880
621 1445
621 443
13 2270
13 323
13 1940
2270 1132
2270 359
970 2566
970 596
970 1991
125 1050
125 579
125 163
1050 357
1050 2397
1001 1358
1001 1546
1358 946
1358 2512
1236 1261
1236 2606
1236 1785
1261 1771
1261 1186
508 1574
508 1776
508 1559
1574 1808
1574 2199
1051 2120
249 1988
249 1840
249 77
1988 1981
1988 2340
2011 1039
2011 587
99 1900
99 187
99 1620
1900 344
1900 188
1924 2012
1924 1916
1924 2144
2012 2365
543 1797
543 2119
543 1382
1797 422
1797 1627
1934 2471
1934 78
1934 2272
2471 2420
2471 405
239 1565
239 2171
239 2635
1565 2456
1565 1536
2521 2676
2521 611
2521 2276
2676 14
2676 612
223 803
223 1022
223 1034
803 794
803 2221
1546 1759
133 2307
133 1544
133 1975
2307 1781
2307 1348
1115 1730
1115 736
1115 931
1730 1077
1730 2331
876 1219
876 967
876 828
1219 828
1219 1040
157 449
157 1773
157 297
449 1931
449 1384
1947 2669
1947 2277
2669 318
2669 2577
1284 1422
1284 1667
1284 2268
1422 120
896 2329
896 583
896 1238
2329 703
2329 2158
1299 2225
1299 2462
1299 695
2225 2259
328 825
328 2371
328 681
825 1449
825 2122
1 2416
1 2577
1 1720
2416 898
2416 556
326 752
326 489
326 193
752 907
752 2266
1713 2093
1713 1028
1713 1194
2093 1132
2093 2598
538 2695
538 1362
1160 1243
1160 1699
1160 1923
1243 1700
1243 1240
397 812
397 2499
397 105
812 452
812 1453
232 2285
232 704
232 264
2285 1165
2285 906
59 1485
59 517
516 1815
516 1266
516 2096
1815 1424
1815 1092
2163 2415
2163 1011
2163 1542
2415 487
2415 891
116 1207
116 534
116 35
1207 1973
1207 2463
1792 2359
1792 786
1792 1981
2359 477
1305 1975
1305 350
1305 1423
1975 873
41 130
41 2402
41 1680
130 290
130 1336
355 1931
355 1483
1619 2696
1619 1310
1619 1139
2696 1476
491 595
491 715
491 2036
595 368
595 2569
281 1768
281 144
281 1350
1768 1531
1768 2048
2350 2506
2350 1563
2350 110
2506 779
2506 52
1999 2428
1999 2087
1999 447
2428 42
2428 588
1513 1631
1513 2231
1631 294
1631 2612
434 2312
434 2228
434 971
2312 290
2312 872
777 1977
777 1696
777 1555
1977 2511
647 2276
647 1101
2276 1964
1443 1572
1443 1213
1443 2230
1572 336
1572 599
710 1658
710 2191
710 1213
1658 521
1658 2539
27 1399
27 1536
27 1958
1399 2675
1399 1020
670 1356
670 1454
670 390
1356 76
1356 2336
47 145
47 2200
47 2423
145 2461
145 412
409 1172
409 997
409 2293
1172 2478
1172 2448
262 973
262 2545
262 895
973 580
973 359
654 2580
654 2665
654 1116
2580 2528
2580 1802
385 1452
385 770
385 225
1452 1225
1452 291
74 1971
74 1175
465 1481
465 301
465 1324
1481 1904
1119 1862
1119 1418
1119 1110
1862 1040
1862 2101
1022 1255
1022 1083
1255 1460
2229 2337
2229 582
2229 1987
2337 1234
2337 1131
1234 2659
30 586
30 1441
30 1335
586 673
586 534
1410 2154
1410 309
1410 988
2154 1497
2665 2202
1401 2105
1401 2601
1401 1483
2105 1561
2105 150
782 1273
782 1911
782 245
1273 1139
1273 2333
1220 796
1220 1935
433 2059
433 1208
433 2256
2059 1485
689 1082
689 1957
689 1984
1082 2638
1082 277
152 877
152 693
152 1697
877 562
877 1512
1577 2447
1577 1755
1577 62
2447 499
2447 598
1923 2001
1923 1874
2001 1676
2001 1941
623 2677
623 1403
623 453
2677 456
2677 1760
2145 2639
2145 1067
2145 191
2639 1817
2639 1726
1413 1283
1413 2611
386 635
386 2169
635 1872
635 1094
4 341
4 1212
4 18
341 2328
341 14
1138 2634
1138 1350
1138 1904
2634 280
2634 195
708 1589
708 686
708 582
1589 1857
1589 898
552 2653
552 2017
552 2282
2653 1623
2653 286
339 2280
339 1522
339 2641
2280 1844
2280 1464
2259 1025
2259 2328
677 1867
677 2125
1867 1420
1867 79
450 2642
450 2524
450 889
2642 1175
2642 2217
1349 2296
1349 1854
1349 683
2296 1937
289 2050
289 1190
289 302
2050 2383
2050 1937
1430 1875
1430 1731
1430 446
1875 957
1936 2650
1936 1801
1936 2128
2650 1448
2650 829
2275 2610
2275 2536
2275 2369
2610 1736
2610 2579
98 2606
98 1751
128 1315
128 2201
128 1099
1315 467
1315 102
1734 1877
1734 321
1734 1905
1877 93
1877 1010
1328 2358
1328 698
2358 1632
2358 855
481 499
481 1616
481 1711
499 820
92 1478
92 725
92 1817
1478 1686
1478 2658
417 1009
417 168
417 1677
1009 2170
1009 158
709 1446
709 1784
1446 256
1446 200
1731 1555
1731 2467
2246 2403
2246 1723
2246 907
2403 2691
2403 415
333 1046
333 493
333 2690
1046 887
1046 1506
137 317
137 760
137 1704
317 263
317 476
150 1568
150 1613
1568 1346
1568 2017
1441 2155
1441 1026
2155 911
2155 737
297 2441
2441 2149
2441 261
100 1747
100 1416
100 1355
1747 1217
1747 851
632 2245
632 1503
632 2670
2245 115
2245 495
1073 1579
1073 2379
1073 384
1579 274
1579 940
19 2576
19 838
19 299
2576 495
2576 2426
1454 118
1454 180
1555 1361
1932 2243
1932 1595
1932 1628
2243 2046
824 1283
824 2264
824 1576
1283 1694
981 1087
981 2147
981 1711
1087 1571
1087 756
467 1540
1540 2613
1540 2053
2620 2362
2620 375
57 473
57 806
57 2196
473 2575
473 2281
126 1210
126 319
126 1076
1210 1628
1210 1516
776 2146
776 37
776 2536
2146 875
2146 1334
1610 1783
1610 2305
1610 1036
1783 766
1783 2159
1357 1374
1357 736
1357 1380
1374 842
1374 1624
2062 2209
2062 113
2062 1784
2209 753
2209 2523
171 2301
171 2481
171 932
2301 819
2301 1198
1064 2024
1064 2591
2024 667
2024 176
1457 2364
1457 1926
1457 1260
2364 1567
2364 1137
798 1496
798 340
798 1149
1496 344
1496 1969
395 1371
395 1674
395 1938
1371 1552
1371 669
1373 2630
1373 1850
1373 1580
2630 1346
2630 698
493 1659
493 1137
960 1149
960 554
960 269
1149 1550
1361 2018
1361 2407
2018 878
2018 2583
895 1019
895 1663
1019 1706
1019 2311
474 617
474 1245
474 89
617 168
617 697
5 1450
5 931
5 1935
1450 2283
1450 8
1969 33
1204 1774
1204 11
1204 1835
1774 2119
1774 1856
1637 2187
1637 2477
2187 2233
2187 2635
457 793
457 94
457 2
793 235
793 2177
2244 2370
2244 1268
2244 2462
2370 226
1616 1755
1616 1535
1755 2073
405 1048
405 2585
1048 1678
1048 2131
1919 1365
1919 350
2147 1060
2147 971
1060 2440
1060 1500
2440 362
2440 2339
53 1383
53 1280
53 1744
1383 477
1383 1649
1310 2057
1310 1271
2057 103
2057 637
872 1704
535 2326
535 574
535 1058
2326 2289
2326 2596
1598 1786
1598 684
1598 2207
1786 2419
1786 2049
510 841
510 2385
510 1538
841 1682
841 369
183 2661
183 1567
183 1920
2661 1181
2661 1821
502 1883
502 1018
502 177
1883 240
1883 2179
1737 1901
1737 887
1737 1941
1901 1702
1901 244
1309 2586
1309 429
1309 1232
2586 245
2586 2615
240 1928
240 140
362 1580
362 1118
1580 806
1027 2608
1027 1613
1027 246
2608 272
2608 804
1191 1956
1191 1594
1191 2625
1956 1653
1956 2672
1147 683
1147 376
906 1564
906 1700
1564 2458
1564 1226
1117 2681
1117 1302
2681 2319
2681 497
866 2016
866 452
866 2115
2016 1211
2016 2443
54 1055
54 2472
54 1264
1055 627
1055 2550
101 901
101 2130
101 1250
901 2141
901 529
151 1396
151 1391
1396 1433
1396 1246
930 2446
930 992
930 721
2446 1660
1012 2219
1012 1606
2219 905
2219 1795
1037 2392
1037 1782
1037 381
2392 1021
2392 2613
172 1864
172 2563
172 920
1864 2019
1864 517
117 2343
117 334
117 2652
2343 1654
2343 2314
318 347
318 1504
347 1041
347 2313
2228 2483
2228 1095
2483 2674
2483 1745
1265 2027
1265 2215
1265 601
2027 720
2027 944
351 1198
351 1699
351 1968
1198 993
691 2429
691 401
691 65
2429 2550
2429 2667
2201 2386
2201 734
2386 1896
2386 2308
2342 1552
2342 1475
564 933
564 1286
564 2391
933 1545
933 1626
653 1499
653 2320
653 802
1499 914
1499 1313
816 1297
816 2295
1297 2106
2378 2427
2378 1685
2378 1707
2427 775
2427 1239
972 2039
972 974
972 2674
2039 2115
2039 1807
1096 2334
1096 1395
2334 1426
2334 2347
207 1827
207 2636
207 587
1827 2569
1890 1935
1890 2480
1890 2633
1698 2439
1698 1440
1698 61
2439 546
2439 2514
3 2177
3 352
2177 2617
48 113
48 1156
48 583
113 251
494 2265
494 786
494 1378
2265 822
2265 15
1090 1622
1622 789
1622 1972
1636 2055
1636 1558
1636 975
2055 819
1918 2033
1918 17
1918 694
2033 2455
2033 1984
1460 2570
1460 1127
302 523
302 1102
523 1353
523 770
2632 77
530 2453
530 1601
530 1505
2453 1351
2453 1972
729 1759
729 2516
729 2581
1759 610
618 1254
618 1065
618 2202
1254 1097
1958 2565
1346 228
373 2389
373 1136
373 2573
2389 2220
2389 2138
745 949
745 810
745 1991
949 1325
949 1314
1208 1749
1208 1611
1206 2098
1206 2233
1206 1990
2098 1679
2098 2679
49 1362
49 1429
49 2149
334 839
334 184
120 1017
120 1773
220 1509
220 286
220 2367
1509 1846
1940 2322
1940 2000
2322 315
2322 32
1133 1514
1133 1415
452 682
992 1351
992 1609
1351 2148
376 2022
376 1817
2022 1604
2022 1235
716 2499
716 715
716 1954
2499 1241
1968 1751
1854 1523
1854 2451
1245 1963
1245 1652
1701 2305
1701 1213
1701 2137
2305 1378
80 2517
80 1562
80 454
2517 1978
2517 636
288 1091
288 1716
288 1928
1091 1000
1091 1674
2205 2369
2205 1081
2205 2544
2369 2688
1132 1530
422 1994
422 714
1994 39
1994 194
1770 2032
1770 413
1770 1520
2032 853
2032 2060
2218 2308
2218 1473
2308 929
327 444
327 1780
444 2099
444 472
663 2465
663 1608
663 1909
2465 1556
2465 56
591 1277
591 228
591 966
1277 2255
1277 1872
1233 1269
1233 563
1233 738
1269 791
1269 536
1758 2323
1758 1438
1758 1235
2323 1489
2323 2431
430 802
430 529
430 1108
802 1439
6 129
6 325
6 1079
129 93
129 2236
603 1776
603 1612
603 2475
1776 2194
76 1131
76 1256
1689 2043
1689 1973
2043 2530
193 858
193 857
858 550
858 485
786 749
416 2444
416 166
416 308
2444 1140
2444 1833
1020 2662
1011 1607
1011 1584
1607 732
1607 1435
1728 1742
1728 1008
1728 1056
1742 1303
2078 2678
2078 567
2678 29
2678 509
766 1165
766 1763
1165 1247
1164 2345
1164 751
887 1847
2092 2433
2092 2120
2092 1455
2433 926
2433 609
1067 1542
1067 2248
946 952
946 1510
952 1856
952 722
1192 2176
1192 1682
2176 1403
2176 2694
276 749
276 2131
276 190
749 160
1746 1508
1746 2335
1955 2464
1955 856
2464 1949
2464 1033
1182 2657
1182 1326
1182 2320
2657 20
2657 1088
2108 2557
2108 829
2108 2134
2557 1332
2557 846
2628 2672
2628 2514
2628 1825
2672 2493
1134 1268
1134 2649
1134 924
1268 148
228 659
961 837
961 1224
1015 1582
1015 1840
1015 1218
1582 7
1582 1327
81 2495
81 1912
81 2457
2495 1847
2495 2671
1000 1453
1000 1325
1453 1025
907 1225
1225 1126
699 2279
699 256
699 2164
2279 2103
2279 1630
182 1086
182 2420
182 2518
1086 957
1086 1575
211 1787
211 330
1787 637
1787 2269
149 909
149 1419
149 2008
909 545
909 1760
545 1130
545 826
11 613
11 1571
2445 2592
2445 1342
2445 404
2592 32
324 1435
324 1771
324 2215
1435 1053
492 2331
492 401
492 1949
2331 2443
656 862
656 1253
656 1201
862 460
862 1514
684 1411
684 1566
325 2303
325 527
2303 21
2303 1142
381 657
381 1661
657 1876
657 121
1035 1267
1035 2397
1035 1276
1267 2045
1267 993
964 1881
964 2221
964 2498
1881 184
1881 883
2385 2348
2385 268
1584 2584
1584 431
401 1113
581 688
581 1929
581 2516
688 881
688 2552
1065 2458
1065 2094
2458 597
1392 2587
1392 2178
1392 1184
2587 2286
2587 250
2025 2271
2025 692
2025 306
2271 1522
2271 498
1675 2268
1675 634
1675 957
2268 2384
380 2504
380 2310
380 2263
2504 2391
2504 1987
471 1603
471 338
2169 542
2178 1852
2178 629
23 1034
23 2126
23 119
1034 722
1744 2666
2666 1492
2666 1059
628 1931
628 2460
628 951
951 2621
951 568
2621 2103
2621 398
1662 2304
1662 412
1662 2158
2304 173
2304 45
402 1884
402 1475
402 2056
1884 453
1884 1217
26 959
26 1221
959 2114
959 757
637 1366
34 820
34 504
34 1653
820 2390
713 2420
713 2215
713 849
1121 2623
1121 1122
1121 2589
2623 1411
2623 696
1475 2095
1432 1878
1432 1094
1432 956
1878 1847
2182 2339
2182 1058
2182 1303
2339 1222
301 526
301 1841
526 1163
526 1905
445 799
445 655
445 2405
799 2223
799 1428
2198 2692
2198 2357
2198 1415
2692 2534
2692 2151
277 577
277 201
577 2611
1551 1798
1551 989
1551 761
1798 2564
1798 387
65 169
65 2629
169 2204
169 1378
1902 2321
1902 1554
1902 1531
2321 867
2321 1508
1259 2035
1259 2383
1259 429
2035 95
2035 1727
396 763
396 1703
396 681
763 1848
763 447
889 1190
889 2193
1190 1921
1785 2410
1785 1801
2410 2556
2410 1253
1021 565
1021 549
1069 1157
1069 546
1069 1738
1157 2143
1157 1100
660 1892
660 1721
660 224
1892 1477
1391 2111
1391 795
2111 2089
2111 565
912 2256
912 1278
912 1942
2256 418
706 2008
706 585
706 2496
2008 2477
1664 917
1664 1740
655 939
655 547
90 2413
90 2299
90 1782
2413 1868
2413 1337
2250 2595
2250 366
2595 2409
2595 1116
747 2683
747 2578
747 2239
2683 475
2683 367
1451 2241
1451 794
1451 440
2241 407
2241 2549
567 313
567 338
1286 937
1286 424
966 2083
966 31
2083 1491
2083 2014
544 1945
544 2675
544 1250
1945 1762
1945 72
1512 1848
1848 2286
111 257
111 258
111 711
257 1246
257 72
2038 2223
2038 754
2038 2404
2223 91
518 2567
518 1152
518 1506
2567 2220
2567 891
42 1326
42 16
1326 1803
1215 2644
1215 1989
1215 323
2644 998
2644 2315
485 2390
485 110
2390 1287
314 436
314 536
314 1386
436 189
436 1868
309 1463
309 690
1416 64
1416 1334
720 1352
720 2568
2264 477
2264 221
476 1029
476 1725
1029 1953
1029 1105
1911 2118
1911 108
2118 503
2118 2072
103 667
103 1203
667 1230
418 724
1390 2123
1390 648
1390 1965
2123 2152
2123 2164
2528 1113
458 980
458 2394
458 878
980 1557
980 2255
791 1228
791 1515
2087 2437
2087 613
1692 2573
1692 313
1692 584
2573 446
579 897
579 2224
897 1169
897 484
1992 2313
1992 1640
1992 1102
2313 594
421 1214
421 1507
421 2436
1214 470
1214 136
718 1995
718 682
718 299
1995 780
1995 1158
542 1095
542 336
1095 2680
1116 1739
1739 295
1739 558
644 1780
644 1327
644 1333
1780 216
2063 2373
2063 1957
2373 2510
871 1679
871 91
871 1766
1679 893
920 1455
920 1148
1455 410
1238 1472
1238 781
1472 2357
1472 669
1816 2352
1816 1386
2352 60
2352 2173
1041 902
1041 1017
155 1594
155 2133
1594 1275
1608 1914
1608 2518
1914 1186
1914 1184
2134 2289
2134 350
2289 294
1844 2599
1844 1146
2599 1526
2599 2233
270 2069
270 2524
270 779
2069 1500
2069 833
840 910
840 1640
840 549
910 2407
910 1763
1519 1756
1519 1647
1519 1642
1756 139
1756 1442
911 2102
911 1896
2102 1321
2102 1085
2019 9
2019 1773
697 1913
697 218
1913 954
1913 121
1808 384
1808 426
68 1296
68 1916
68 1521
1296 265
1296 2076
681 1151
1151 2520
1151 2589
1101 2470
290 1092
754 1424
754 2240
1697 365
967 2085
991 1456
991 2157
991 2631
1456 1553
1456 748
1355 1998
1355 1624
1998 2393
1998 2020
254 934
254 1071
254 1083
934 2009
934 275
2388 2555
2388 1438
2388 2107
2555 1014
1838 2497
1838 1429
1838 1185
2497 678
2497 1845
751 1331
751 1002
1331 199
1331 578
441 1434
441 2442
441 2300
1434 1702
1434 1126
166 2398
166 1980
2398 2080
2398 2090
135 833
135 734
135 310
833 1223
1690 2253
1690 1621
1690 1285
2253 2577
2253 176
17 1372
17 2333
1372 916
1372 2360
1612 1397
1612 15
1650 2562
1650 2581
1650 2185
2562 1635
2562 879
1140 2460
1140 398
2460 680
186 426
186 2533
186 848
426 622
2619 310
2619 1417
944 1145
944 259
1342 241
1342 1359
917 2251
917 1858
993 2297
2297 61
2297 742
2129 1066
2129 1028
1634 2473
1634 404
1634 2135
2473 1061
2473 882
446 1983
2202 2603
797 2242
797 1285
797 221
2242 1013
2242 1395
1984 2034
2034 1150
2034 843
702 1187
702 2128
702 750
1187 2412
1187 2491
590 1763
590 61
590 1290
975 2099
2099 1649
1335 2040
1118 1866
1118 764
1613 1345
131 202
131 1018
131 1301
202 1370
202 1347
1075 2222
1075 243
2222 1703
2222 1996
2556 1836
9 1625
9 700
890 1539
890 1462
890 342
1539 2051
1539 2353
2387 2423
2387 2478
2387 107
251 1552
251 1103
340 1889
340 1471
1889 2174
1644 1741
1644 847
1644 962
1741 2400
1741 580
666 1385
666 243
666 127
1385 943
1385 1439
725 1471
725 2311
1471 1794
1661 1950
1661 836
519 2534
519 1008
519 723
2534 1592
264 2393
264 1789
2393 1830
345 2089
345 37
345 1166
2089 1529
235 1463
235 1906
1463 1483
1793 2214
1793 2479
1793 2007
2214 1537
2214 1252
1237 2451
1237 1287
2065 2673
2065 2372
2673 106
2673 50
1298 1863
1298 1880
1298 204
1863 615
1863 1724
475 2379
475 1246
622 2640
622 2417
1025 1439
104 571
104 904
104 148
571 1535
571 939
1921 273
1921 1013
540 1510
540 1813
540 955
1510 1079
1801 2194
1262 1760
1262 2698
1262 2503
971 1059
1059 830
2479 674
2479 1885
141 638
141 2671
638 1247
638 1765
771 1708
771 1667
771 2231
1708 2084
1708 78
1411 2607
279 459
279 119
459 44
459 1323
1030 1639
1030 672
1639 938
1639 112
1686 1715
1686 556
1715 1832
1715 1660
769 1226
769 832
769 1258
1226 2394
414 2081
414 1523
414 601
2081 1799
2081 2226
1024 1070
1024 1199
1024 162
1070 602
1070 1209
1885 2418
1885 307
2418 2602
2418 425
138 834
138 1491
138 1846
834 274
834 1141
634 679
634 1153
1560 2658
1560 258
1560 984
2658 246
136 1053
136 2625
1053 1695
935 1523
935 1880
935 2631
1421 2054
1421 1128
1421 821
2054 1217
2054 2074
1659 2520
1659 2058
2520 1830
1570 1625
1570 1382
1570 2007
1625 393
1408 1626
1408 2594
1408 839
1626 1414
2640 1641
229 988
229 1858
229 1925
988 989
487 1965
487 1339
1781 1821
1857 2212
1857 2127
2212 1951
2212 1097
521 1016
521 2498
1016 1832
1016 1893
2674 1769
1405 2231
1405 1153
1047 2523
1047 468
1047 197
2523 231
1473 2631
1473 1590
1912 83
1912 815
2290 2624
2290 2193
2290 2258
2624 2563
2624 1304
796 1906
796 982
2383 1704
1130 196
370 1606
370 1642
370 12
1606 1720
619 1178
619 1834
619 2075
1178 1505
1178 1762
904 1656
904 374
1656 1270
1656 743
460 976
460 1533
343 2263
343 1150
343 855
2263 2309
1677 2137
1677 915
2137 868
836 2424
836 442
2424 556
2424 1668
694 1437
694 1174
1437 1100
1437 1710
853 1839
1839 464
1839 701
1642 1562
1778 1811
1778 2091
1778 1307
1811 726
1811 864
2120 1031
770 938
1684 2670
1684 2526
1684 588
2670 550
1223 1672
1223 2548
486 999
486 852
486 379
999 71
999 2200
779 1252
1252 1281
415 1384
415 2478
1384 767
1501 1502
1501 1424
1501 830
1502 2500
1502 2269
392 1895
392 1006
392 2552
1895 2516
1895 1153
448 478
448 651
478 70
478 2667
489 1567
489 2286
2613 2600
1556 2112
1556 2442
2112 2180
2112 394
265 1230
265 2172
495 1084
1084 2376
1084 1587
1855 2408
1855 560
1855 1433
2408 1837
2408 1841
1125 1925
1125 608
1125 195
1925 1042
236 2172
236 1202
236 2367
2172 1426
2526 231
2526 2340
2143 1368
2143 438
1352 2053
1352 1894
2053 187
940 2374
940 269
2374 2680
2374 1461
998 70
998 497
953 2227
953 1818
953 804
2227 2363
2227 2197
817 1400
817 2295
817 983
1400 1077
1400 665
2119 2454
2454 739
142 589
142 947
1795 2659
1795 679
2659 1641
346 732
346 2695
346 256
732 2284
1821 88
1983 2450
1983 1023
2450 2541
2450 174
1818 534
1818 1488
650 2046
650 512
650 811
2046 515
1963 1645
1963 794
1340 1706
1706 283
701 1045
701 2075
1045 1779
1541 1696
1541 2164
1541 2606
1696 329
529 1527
1527 1944
1527 1264
1489 2532
1489 1088
2237 1843
2237 2124
319 958
319 575
2066 1102
2066 146
1979 2336
1979 1318
1979 52
2336 642
976 2332
976 2168
2332 367
2332 1244
424 2493
424 203
2493 1753
253 805
253 2684
253 2355
805 735
805 1333
352 927
352 932
927 2082
927 200
2335 2645
2335 2306
2645 1224
2645 197
383 506
383 631
383 642
506 1347
506 2010
1403 639
443 435
928 1617
928 1353
928 737
1617 456
1617 2094
1971 1725
1971 46
1822 2115
427 1106
427 1438
427 758
1106 2091
1106 846
524 630
524 28
524 756
630 1276
630 408
775 1788
2400 2402
2400 2060
2049 1143
375 1819
375 2002
1819 315
1819 1369
1548 2085
1548 1158
1548 1897
483 2435
483 2693
2435 2466
2435 2136
2695 358
744 2210
744 661
744 1553
2210 2484
2210 1380
2079 2166
2079 594
2079 2421
2166 1242
2166 400
1459 1643
1459 2221
1604 2643
1604 818
226 1853
226 1052
795 1209
795 1712
1209 1705
936 2646
936 533
936 1769
2646 2288
2646 1249
1013 2600
2600 2550
2207 2056
2207 260
1414 2535
1414 950
2535 2288
2535 1379
83 2036
83 1278
95 1886
95 192
1886 785
1886 2017
0 602
0 1605
602 25
275 541
275 2152
541 33
541 1638
555 1907
555 2525
555 2466
1907 1114
1907 1406
687 894
687 2553
894 918
894 1061
187 2414
2414 2007
2414 678
2159 2545
2159 514
2545 1072
589 2165
589 1333
2165 2060
2165 2547
727 1461
727 921
727 2104
1712 210
1989 2213
1989 2538
2213 2575
2213 2432
1529 1591
1529 1600
1591 756
1591 266
115 969
115 2617
1853 1590
1853 807
2328 665
1858 107
1135 1929
1135 1260
1135 671
1929 2068
2196 2548
2196 1593
2548 1005
1275 2514
1275 2491
1143 1078
1143 860
1834 2195
1834 10
2195 1841
2195 2185
1532 2010
1532 330
1532 2204
2010 947
1916 2530
2530 2457
539 2694
539 2564
539 1290
2694 304
63 2356
63 1583
63 285
2356 2211
2356 2500
828 62
592 1128
592 2269
592 2293
1128 1514
2103 1224
1583 2097
1583 1014
2097 2064
2097 2190
216 2127
2261 1170
307 1669
307 1156
1669 134
1669 1078
1181 2282
1181 359
1344 2080
1344 1345
1344 320
2080 2543
1307 1375
1307 1800
1375 56
1375 1466
560 1939
1276 363
7 2051
7 206
2051 598
1078 2649
1542 1543
2255 148
800 2181
800 1094
800 2571
2181 1640
2181 161
1257 2048
1257 163
1257 64
2048 1632
456 651
1745 2360
1745 2461
2360 832
2371 1423
2371 2574
1158 2563
724 358
724 640
371 2449
371 79
371 438
2449 2188
2449 2317
204 1289
204 2682
1289 1585
1289 2425
349 624
349 233
349 105
624 950
624 1308
2217 2355
2217 822
2355 1528
1850 1239
1850 1668
1657 2512
1657 2582
1657 1166
2512 614
921 2574
921 1860
2594 753
2594 1180
331 1738
331 1982
331 114
1039 2090
1039 1398
2090 2544
1366 1402
1366 845
1402 2298
1402 2456
2419 2448
144 191
144 2292
191 2180
454 2074
454 1203
2074 1558
234 759
234 2249
234 2031
759 447
759 2330
16 2302
16 1663
857 1524
857 892
1524 2508
1865 2546
1865 1526
1865 2067
2546 2354
2546 2206
1562 1006
2310 1076
2598 1316
646 1197
646 2396
1197 413
1197 1301
1365 2116
1365 686
2116 1576
2116 248
50 1846
50 2061
2417 2003
2417 1653
199 1068
760 810
760 2490
810 548
132 1241
132 685
132 2327
45 190
45 2140
190 369
468 2341
468 175
269 572
572 1596
119 139
139 2507
1725 303
1866 1558
1866 1962
548 2588
548 1038
678 1418
610 1167
610 989
1167 743
1167 1319
1951 2431
1951 2525
997 888
997 2240
609 827
983 2315
2315 675
1097 1216
342 598
342 1068
1771 1687
2532 700
2532 1832
1465 2095
1465 247
1465 1680
2095 72
2442 2596
1242 25
1242 801
832 1099
1099 1504
335 1196
335 2028
335 1805
1196 861
1196 1032
1526 2372
2226 2538
1203 1802
1802 2616
1146 2314
1146 2298
2314 652
32 1991
2234 2258
585 1710
585 789
1515 1888
1515 1873
1888 1052
1888 1566
1354 1705
1354 1893
1354 676
1705 2236
168 1915
2168 873
451 2432
451 2248
451 2438
2432 662
2036 561
1433 852
1623 1313
1623 2076
1687 2320
1687 470
645 985
645 291
645 916
985 1718
985 1002
705 1790
705 954
705 122
1790 1447
1575 2204
1575 2513
734 389
1175 1145
358 1337
1337 2052
612 1849
1700 1442
2525 1490
205 1360
205 2431
205 549
1360 1869
1312 2467
1312 2648
1312 849
2467 1179
89 522
89 2067
740 2570
740 282
408 785
408 1032
785 1703
673 2251
2251 557
1603 2362
652 1630
652 2492
1247 1088
1150 1666
2480 1688
2480 1288
1474 2422
1474 442
1474 94
2422 2384
2422 1162
1280 1368
1230 110
2345 1253
2345 1693
2508 180
2508 1879
1724 2533
1724 813
2533 2000
1563 233
1563 875
2058 1093
2058 243
1407 1304
1407 2572
407 2482
407 2406
2482 2541
2482 1108
809 1330
809 1324
809 2208
1330 2278
1330 2537
1308 1980
1980 272
1803 2188
1803 955
2188 2395
2333 2614
1545 551
1545 2513
78 35
554 165
527 2318
527 2014
1476 2015
1476 2581
21 1325
21 512
505 1104
505 198
505 575
1104 1063
1104 774
1184 1183
488 2183
488 391
488 1946
2183 2593
2183 2189
1302 738
1749 1933
1629 1779
1629 1389
1629 2161
1779 2565
1163 995
574 553
574 1010
1550 2501
1550 390
2501 2626
2501 12
1894 1933
1894 1136
1933 1695
600 703
600 2126
600 164
703 764
789 285
1647 2436
1647 994
164 2616
164 1974
2616 316
162 1789
162 1497
1789 2179
241 2162
241 336
2162 1908
2162 1495
1329 683
1329 898
1624 163
2690 2368
2690 693
2402 1938
553 1939
553 639
1939 2121
2211 2138
728 388
1743 2294
1743 743
2294 631
2294 479
286 363
363 2249
284 2654
284 818
284 1306
2654 1880
2654 1218
1290 2434
2434 1970
1891 2494
1891 1674
498 1185
498 675
1185 2174
2485 1986
2485 839
189 695
189 1777
695 1270
1843 831
1843 711
185 2302
185 2278
185 2056
2302 593
801 850
801 851
850 1376
905 306
905 82
464 215
464 82
1678 2026
1678 1317
2026 2459
2026 1549
551 1578
551 659
1578 389
1804 1873
1804 1200
1804 2208
1873 1260
1654 1753
1654 1909
1630 1633
2461 2167
1083 425
1852 1683
1852 1718
108 1547
108 2405
826 879
826 601
879 607
1628 2679
1332 1458
1332 390
1486 2615
1486 1173
1486 2173
2615 2042
28 490
28 778
490 1766
490 2084
561 2691
561 360
1176 1635
1176 147
1176 1179
1635 287
377 378
377 1957
377 1040
378 1996
378 221
2064 2144
2064 565
96 2351
96 886
96 1559
2351 1294
2351 2140
260 2682
260 711
2682 937
2283 2468
2283 2547
2340 926
285 2627
1769 300
1949 2641
2641 1680
1077 2603
94 929
929 1303
1964 2114
615 2614
615 1632
806 1216
1974 2554
1974 1155
2554 1440
2554 2317
974 1536
974 244
2104 1170
2354 2003
2354 2588
140 2667
761 1428
761 263
1428 1129
361 1952
361 2553
361 310
1952 780
1449 2376
1449 237
1950 1123
1950 939
31 1668
31 1905
413 1188
1005 480
1005 1420
482 2507
482 559
482 2004
2507 719
741 2618
741 504
741 2224
2618 2072
2618 1937
1492 237
1492 1479
1058 2553
2698 614
2698 374
515 662
1270 2158
1314 2107
1314 203
1593 1212
1593 437
914 814
914 1044
1553 2006
1093 1879
1093 1727
1879 2357
2126 1600
198 1321
198 267
643 2353
643 1670
643 902
2353 773
2652 675
2652 640
1036 2396
1036 36
536 455
821 1369
1311 1814
1311 2578
1311 1830
1814 1436
1814 1643
958 1281
958 860
1281 735
1710 865
1561 641
1561 2197
280 1748
280 2133
1748 2077
1748 1023
425 2341
209 2362
209 1127
209 900
20 2346
20 472
2346 945
2346 1107
393 2687
393 2500
403 915
403 175
403 987
915 2327
1186 1982
1915 2496
1915 784
404 1042
1448 2084
1448 2494
2536 466
1038 1691
1038 746
1691 218
1691 525
764 1388
1388 1869
1388 1010
2091 1586
18 780
18 174
161 1503
161 1782
1503 2404
1336 1470
1336 1113
1470 1105
1470 1521
114 1162
114 2029
1162 1882
2248 2511
88 881
88 919
881 994
1695 2324
2174 2425
2425 1906
1327 1840
2541 225
2466 611
496 1353
496 1693
73 1920
73 1152
73 2684
1920 525
726 2100
726 1982
2128 2142
665 1386
778 1592
778 1655
1592 165
1908 2686
1908 312
33 470
1108 1174
1174 1944
15 2100
2100 2584
1317 440
2015 2156
2015 1586
757 867
757 1490
867 437
1076 1618
768 2194
768 1809
768 1376
313 2484
1313 174
1105 1491
224 2475
224 2157
2475 517
29 808
29 1547
808 1339
808 2324
1660 2037
389 1874
1874 248
1003 2325
1003 2590
1003 374
2325 2319
2325 606
977 2044
977 1751
977 400
2044 406
2044 1595
868 641
868 1800
672 2367
672 1477
2679 2344
2590 1599
651 1264
1079 1533
1533 1813
845 1611
845 2583
306 792
792 1672
1520 723
420 1717
420 1723
420 755
1717 1466
1717 2096
379 633
379 1828
633 184
633 1922
1122 2020
2368 86
2368 84
25 1569
1569 1294
1393 1585
1393 1987
1393 636
1585 1927
1304 1736
1736 1740
943 941
943 2472
1347 472
954 1394
1394 2031
1394 2687
2529 2643
2529 1927
2529 2040
2643 842
143 2347
143 2366
143 1199
2347 746
2028 2361
2028 1820
2361 348
2361 1753
60 134
60 2636
134 484
1066 39
1066 2489
64 2247
338 344
2171 1663
2171 2486
2220 1199
384 501
814 2524
925 963
925 192
925 2635
963 87
410 2583
1006 969
1986 2189
1228 1609
2131 562
1368 36
924 2395
924 1466
2395 1766
1856 2518
37 1965
1274 1727
1274 1740
1978 2274
1978 2023
2633 1369
180 1425
2591 1685
1139 2582
781 2239
2239 995
504 428
919 1103
715 1828
696 2042
1621 406
210 2490
210 2579
2406 831
2406 1363
1525 2656
1525 222
1525 837
2656 293
2656 2505
2249 2607
2607 2603
87 366
87 1716
1554 2399
1554 659
453 733
1266 62
1266 46
1693 1831
1831 880
1831 1156
945 274
945 2660
1440 978
978 2121
978 736
614 247
2365 2638
2365 1057
2638 686
1285 767
1869 2571
1860 158
1107 1627
1107 1837
1627 2537
2298 968
2052 883
2052 271
1732 2173
1732 2110
1732 233
528 2179
528 2648
528 884
268 1893
1953 2437
1953 1103
2437 2
2278 1849
1420 1714
1714 194
1714 2094
97 1812
97 1180
97 738
1812 2277
1812 2509
118 1377
118 127
1377 2462
1212 1445
442 784
613 532
1586 1772
91 1318
880 982
679 1271
2537 1319
1445 1535
245 1868
1382 1179
755 2693
755 1772
2693 238
2114 888
1195 2125
1195 2311
1195 1587
2125 849
847 1227
847 620
2191 2206
2206 968
250 2148
250 1363
2148 1673
1462 391
1462 2481
2295 316
2484 2513
837 692
263 273
1754 2061
1754 2686
1754 2002
2061 431
440 1670
1670 215
39 2589
1547 1772
1202 1967
1202 1836
873 661
1359 1387
1359 787
1387 995
1387 2593
742 1339
742 2401
1145 1799
722 1144
2409 2671
2409 1807
1605 429
1605 2348
605 2273
605 2459
605 2399
2273 848
2273 316
680 2267
680 941
2267 512
2267 1232
533 2680
533 1183
1633 2041
1633 1425
2041 1227
2041 295
682 75
214 2122
214 2299
214 1948
2122 723
1922 2552
1735 2317
1735 2561
1735 1506
298 1972
298 661
298 1557
1667 1809
1581 2030
1581 2140
1581 2396
2030 215
937 1707
750 2142
1063 1775
1063 1173
1775 1516
1775 394
1216 1870
1762 437
1649 2021
2021 2579
1861 2020
1861 1966
1861 1419
870 1645
870 1170
1645 1323
522 2542
1068 1596
2327 1211
176 1144
575 332
1799 842
1777 2349
1777 1810
569 1244
569 1127
569 1404
2399 774
261 2031
261 737
1683 1726
1683 77
1018 1784
888 2076
1996 238
787 2309
787 2266
1828 196
1970 2578
1970 365
258 2519
1131 1962
1426 547
1938 412
1017 2086
641 2511
1676 2252
1676 856
2252 2626
2252 844
2348 12
1348 56
1348 432
721 1620
721 1248
1620 2192
2149 844
627 329
627 2649
2200 642
2602 1279
2602 1468
1057 979
578 2510
578 1177
2510 2127
1609 892
203 2075
357 2561
357 1062
1807 112
1926 1112
1926 1767
950 1600
848 2492
2477 2629
1081 2141
1081 2023
406 1946
1417 2648
1417 1851
2436 1288
70 1114
1114 177
864 1389
1389 1324
1666 1903
398 570
570 1397
570 2675
1849 8
730 900
730 1531
730 784
900 1364
283 2575
283 1511
365 608
1287 2394
44 546
1042 1646
1794 2612
1794 272
2612 1835
2133 2382
1398 368
1398 573
2574 1129
2190 2319
2190 717
299 2002
2309 2662
296 2113
296 2086
296 1248
2113 1159
2113 1098
748 573
748 1085
295 1948
2459 22
1571 2401
2341 1061
222 885
308 1943
308 1694
1943 2141
1943 2505
2472 1507
1249 1494
1249 979
2170 1479
2170 282
1638 2192
1638 671
2192 916
1618 2363
1618 206
2363 1493
2540 2593
2540 38
2662 2568
175 2037
2072 2569
1026 1044
1026 583
563 893
563 1062
893 773
753 2379
746 1652
1652 861
2490 1521
559 1997
559 1722
2152 2281
2156 2372
831 1767
580 1171
2274 2559
2274 1321
1820 733
2077 2349
2376 2549
2549 1597
955 106
557 735
557 503
479 1694
479 121
1495 2486
1495 2157
2481 1488
2496 312
1538 1148
323 827
2584 2045
2236 1468
2110 607
1549 1845
1549 1498
1845 2519
1338 2070
2070 2029
2070 986
2588 1306
1148 2136
1319 1419
2614 312
2687 1381
854 2487
854 1672
854 201
2487 1364
2487 2585
514 196
514 1646
2582 146
2384 962
2121 2686
2617 1765
1973 266
127 693
1136 2688
597 2
597 1183
2515 2498
2515 1733
1023 2292
391 899
1557 1810
2561 968
93 1882
1345 282
587 2180
2096 1723
861 2559
1334 2551
1278 1240
86 1248
86 455
714 2611
714 1721
1722 2135
1722 177
2135 1480
2468 1142
1990 1485
1990 2299
1597 1588
1597 195
431 84
1436 2366
1436 648
1682 865
2247 2258
2247 1480
320 1071
320 2543
304 1665
304 698
1665 2476
1665 932
822 1427
562 1720
1406 606
1406 154
758 2509
758 160
1363 1685
71 2073
71 1833
2073 266
2375 1599
2375 2503
1967 2474
1967 1221
2474 1942
509 2564
509 772
2330 1528
2330 599
2544 1477
10 1159
10 247
1159 387
865 1072
1543 2489
2455 1829
2455 1699
2349 1137
368 400
979 462
1673 2382
1673 1498
192 2476
1279 2197
1279 2421
648 2470
2470 1733
300 1235
293 1110
293 739
1110 1098
1404 2224
1404 2203
1876 1954
1876 1721
1954 2199
1112 1707
631 2106
1155 1376
1155 886
1765 941
435 1544
435 2185
1544 2230
956 2082
218 1960
1960 2559
1960 2109
1643 2463
931 1599
2088 2605
2088 419
719 2572
719 2366
2551 604
2551 846
885 2167
2167 438
1851 2023
1896 197
1447 2208
1447 926
704 1129
704 46
2688 733
1100 2668
1537 1530
1537 1498
827 566
2189 1031
2042 2397
2503 987
996 1221
996 2668
996 669
303 1788
1788 2293
2144 154
819 153
883 1316
1316 649
1379 2086
1379 1588
2451 566
773 1409
2230 707
332 804
332 462
838 1240
838 2292
1497 1033
566 480
1062 2029
1427 2626
1427 217
2571 815
348 1507
348 2324
588 432
388 942
388 604
942 823
942 2426
329 823
1211 593
194 584
1227 2426
273 2272
1418 1761
851 2604
1688 830
1688 2660
2272 82
2691 2604
856 986
1169 1829
558 2491
2585 356
884 2668
884 531
1056 360
1056 1272
1397 1002
2489 772
466 1655
466 568
1833 102
79 1188
918 1144
2572 2568
1767 1942
649 707
649 1272
707 165
2277 2627
1711 2151
14 1380
1177 874
1177 75
2281 573
84 2106
823 1464
886 2476
2045 671
1805 2456
1805 607
1966 159
1966 1032
1809 1258
2596 2003
179 892
179 774
179 259
2136 2068
159 1716
159 1464
2101 899
1071 1903
480 2404
1479 1222
1810 1897
1897 213
2542 1511
1166 640
1152 1222
1576 2539
1288 1829
568 369
1835 767
1098 2199
685 1306
685 987
35 501
1381 1504
1201 2067
1201 1188
2284 2438
986 2068
2130 146
2130 2161
2421 1480
662 547
1944 287
2519 2382
36 147
813 2457
813 1887
501 1962
112 2266
2009 188
330 1442
1590 1596
2543 1123
2151 844
66 2006
66 1601
2006 158
1927 153
899 2401
147 2124
1458 122
1458 1173
188 2109
248 874
153 1142
1981 2344
237 608
2082 2405
1423 593
291 1256
2539 1493
878 394
947 1761
606 1946
1559 1425
503 2448
596 1611
122 531
604 676
2300 891
2300 2124
532 1364
1655 246
399 1256
399 674
1837 259
2203 1126
2203 1468
674 984
1031 1239
1588 2531
2531 2412
2531 2037
852 1825
225 1318
717 962
717 1141
22 1488
22 38
287 2344
882 1887
271 1941
271 629
629 1516
1171 1294
1171 636
201 1415
213 1301
1123 1761
2412 1500
811 1409
811 1587
1800 1141
356 1997
356 1646
238 360
1085 2565
321 1271
2604 200
1528 1882
982 875
1370 2014
1370 1323
620 2684
160 2161
1074 8
154 1595
1180 2625
102 52
455 843
419 1493
2138 1258
1530 1870
2109 2660
267 294
217 1903
1887 1909
599 1250
807 497
107 1494
690 1494
367 1870
2000 2505
1218 38
984 1272
