1500 2250
1184 1247
1184 803
1184 1110
1247 1186
1247 863
396 643
396 1209
396 429
643 1371
643 1065
38 935
38 1036
38 888
935 813
935 842
368 810
368 1453
368 130
810 561
810 1481
64 807
64 1257
64 948
807 225
807 47
532 1177
532 1191
532 933
1177 849
1177 1271
195 509
195 864
195 408
509 439
509 403
909 984
909 426
909 493
984 217
984 866
1375 1457
1375 400
1375 576
1457 391
1457 669
1132 1178
1132 433
1132 162
1178 206
1178 1106
615 1031
615 606
615 796
1031 925
1031 303
180 731
180 505
180 1080
731 1455
731 1081
35 1130
35 1082
35 1303
1130 696
1130 1096
383 910
383 648
383 144
910 990
910 588
69 634
69 716
69 499
634 1438
634 172
249 601
249 760
249 1092
601 972
601 89
680 1053
680 428
680 1271
1053 1270
1053 1304
182 1185
182 462
182 1322
1185 16
1185 1397
2 580
2 1030
2 378
580 749
580 929
683 1207
683 513
683 215
1207 700
1207 914
328 750
328 798
328 437
750 1
750 481
360 782
360 18
360 703
782 741
782 795
330 1205
330 478
330 280
1205 642
1205 318
4 626
4 123
4 1212
626 1131
626 1121
579 1006
579 1187
579 434
1006 1040
1006 695
124 691
124 637
124 975
691 1160
691 983
25 1323
25 132
25 519
1323 93
1323 616
191 1126
191 1072
191 1274
1126 406
1126 932
516 1331
516 87
516 517
1331 1016
1331 155
101 823
101 785
101 599
823 43
823 1188
749 1273
749 1209
1273 50
1273 529
87 479
87 1066
440 783
440 295
440 515
783 473
783 1284
469 1484
469 747
469 616
1484 963
1484 143
1186 650
1186 433
285 1403
285 287
285 212
1403 955
1403 972
202 502
202 942
202 1474
502 646
502 1202
1243 1372
1243 819
1243 820
1372 1222
1372 90
60 647
60 134
60 975
647 599
647 295
574 639
574 1135
574 1452
639 754
639 1445
605 1121
605 301
605 213
1121 96
88 602
88 759
88 162
602 1012
602 507
530 569
530 356
530 1480
569 938
569 95
242 431
242 1317
242 622
431 459
431 748
47 1467
47 744
1467 684
1467 334
324 958
324 28
324 775
958 1238
958 1141
1160 1347
1160 287
757 1105
757 427
757 306
1105 142
1105 1194
858 1157
858 114
858 209
1157 536
1157 1244
1138 1211
1138 1482
1138 732
1211 886
1211 1145
1189 1293
1189 251
1189 633
1293 623
1293 1047
1107 1489
1107 1399
1107 146
1489 1112
1489 1346
646 865
646 162
865 1421
865 496
175 871
175 1337
175 367
871 1434
871 363
751 1067
751 519
751 1143
1067 743
1067 552
831 947
831 538
831 355
947 987
947 805
127 565
127 12
127 505
565 967
565 882
759 501
759 1133
677 745
677 112
677 770
745 1239
745 377
689 719
689 1026
689 681
719 1250
719 218
622 629
622 1363
629 1027
629 921
1148 1233
1148 1049
1148 188
1233 1475
1233 621
239 482
239 762
239 697
482 918
482 1343
413 555
413 345
413 1220
555 302
555 987
503 1086
503 304
503 547
1086 875
1086 651
573 1410
573 541
573 45
1410 364
1410 553
1431 1441
1431 853
1431 1272
1441 881
1441 607
1202 1389
1202 1146
1389 520
1389 1081
479 994
479 1197
994 701
994 841
985 1391
985 1096
985 1034
1391 721
1391 1075
410 894
410 325
410 1155
894 732
894 326
400 1354
400 337
222 694
222 930
222 448
694 23
694 724
347 1369
347 1076
347 141
1369 753
1369 392
648 1045
648 1032
1217 1368
1217 41
1217 172
1368 614
1368 889
304 1407
304 507
1407 562
1407 657
688 1253
688 1149
688 1154
1253 1090
1253 870
9 178
9 1338
9 140
178 470
178 340
1475 1483
1475 1383
1483 28
1483 1119
243 982
243 949
243 1327
982 1096
982 1022
1140 1270
1140 1307
1140 1033
1270 594
270 627
270 79
270 753
627 692
627 545
346 1260
346 157
346 1060
1260 841
1260 1429
402 746
402 968
402 355
746 393
746 94
173 923
173 110
173 425
923 78
923 37
921 1082
921 992
1082 1333
118 578
118 375
118 1388
578 189
578 1275
553 835
553 364
835 856
835 1219
70 538
70 1246
70 114
538 1002
32 166
32 845
32 1263
166 67
166 290
996 1261
996 298
996 1325
1261 1311
1261 1315
247 765
247 1439
247 662
765 1371
765 682
169 171
169 449
169 1128
171 16
171 1025
1080 1340
1080 1257
1340 224
1340 356
536 1276
536 1267
1276 152
1276 14
53 225
53 1360
53 752
225 1344
179 301
179 311
179 895
301 295
957 1269
957 674
957 441
1269 1359
1269 1254
344 517
344 363
344 1437
517 359
63 126
63 728
63 960
126 366
126 537
761 1214
761 1153
761 986
1214 1344
1214 930
339 847
339 251
339 437
847 1239
847 1206
943 962
943 241
943 1111
962 977
962 1144
934 1142
934 11
934 944
1142 527
1142 1258
993 1228
993 350
993 1314
1228 778
1228 718
541 1173
541 791
224 488
224 1385
488 1169
488 444
326 356
326 1277
52 116
52 711
52 877
116 936
116 1071
157 318
157 801
318 498
442 567
442 333
442 233
567 137
567 1005
473 723
473 305
462 1448
462 809
1448 1292
1448 1077
227 233
227 1032
227 73
233 1317
296 1007
296 287
296 584
1007 1408
1007 246
138 570
138 997
138 1307
570 235
570 700
520 174
520 772
65 320
65 1297
65 1057
320 349
320 566
355 684
684 912
257 261
257 608
257 743
261 29
261 139
361 727
361 1468
361 1078
727 1231
727 219
298 787
298 1290
787 1118
787 1464
174 1166
174 596
1166 1279
1166 879
82 1428
82 1066
82 77
1428 854
1428 533
16 333
657 725
657 186
725 1430
725 1099
156 968
156 739
156 526
968 486
18 1002
18 513
983 533
983 859
251 299
135 1439
135 869
135 352
1439 81
1149 1309
1149 1291
1309 380
1309 1469
671 1419
671 1141
671 1450
1419 702
1419 176
8 846
8 54
8 1496
846 1033
846 415
481 1029
481 150
1029 44
1029 1487
692 1478
692 678
1478 421
1478 1345
1221 1333
1221 715
1221 779
1333 685
824 1139
824 919
824 36
1139 562
1139 1049
572 924
572 51
572 986
924 886
924 1223
403 737
403 877
737 839
737 829
562 1356
853 705
853 1359
78 797
78 1043
797 337
797 828
416 1021
416 1245
416 291
1021 267
1021 456
890 1206
890 108
890 789
1206 856
620 1345
620 1172
620 1278
1345 1069
343 1482
343 893
343 837
1482 1090
961 1266
961 1004
961 592
1266 1258
1266 862
632 1319
632 1044
632 1374
1319 1481
1319 1089
33 1405
33 1078
33 267
1405 495
1405 720
949 1035
949 1079
73 1212
73 696
1212 121
603 883
603 438
603 1288
883 673
883 854
31 1215
31 1374
31 637
1215 1056
1215 1393
363 730
1395 1463
1395 492
1395 861
1463 1366
1463 1447
873 1009
873 405
873 554
1009 1362
1009 1465
887 1056
887 862
887 662
1056 446
177 631
177 489
177 335
631 1234
631 349
628 1470
628 899
628 1399
1470 288
1470 281
244 312
244 89
244 163
312 518
312 185
950 1112
950 388
950 1052
1112 1437
528 974
528 1150
528 799
974 276
974 1015
703 826
703 3
826 1292
826 706
764 1367
764 771
764 1415
1367 1040
1367 14
1133 1462
1133 205
1462 973
1462 21
391 596
391 678
596 1472
144 310
144 17
310 158
310 1136
367 913
367 268
913 283
913 71
699 1386
699 1204
699 1426
1386 830
1386 390
1359 995
1455 325
1455 695
1120 1379
1120 1336
1120 43
1379 640
1379 1458
23 335
23 371
1360 1203
1360 1341
198 1449
198 1357
198 542
1449 1387
1449 708
322 618
322 1412
322 71
618 1305
618 272
72 964
72 525
72 1327
964 409
964 109
110 498
110 351
700 612
316 1361
316 736
316 75
1361 1073
1361 1015
1434 978
1434 952
771 1267
771 586
1267 970
241 1038
241 460
1038 454
1038 447
1481 674
306 1167
306 475
1167 466
1167 888
95 575
95 264
575 113
575 1213
478 834
478 837
668 882
668 704
668 142
882 1316
698 990
698 1335
698 1436
990 254
752 1110
752 313
1110 834
886 1046
1238 1492
1238 1432
1492 1168
1492 99
1459 1460
1459 857
1459 595
1460 1451
1460 381
454 916
454 216
453 1222
453 160
453 1440
1222 455
862 1241
1241 844
1241 1469
107 814
107 1322
107 1016
814 1246
814 591
706 1259
706 1190
1259 563
1259 1373
1044 258
1044 290
1179 1442
1179 998
1179 593
1442 1480
1442 645
54 1098
54 405
136 877
136 1174
136 424
510 1204
510 778
510 263
1204 1308
1026 439
1026 1083
1472 255
1472 718
758 896
758 137
758 11
896 833
896 1045
1028 1394
1028 1392
1028 130
1394 523
1394 74
1387 67
1387 1254
856 1122
256 914
256 1123
256 484
914 268
34 1216
34 623
34 1396
1216 91
1216 1282
537 784
537 763
784 518
784 742
254 91
254 1050
713 1275
713 664
713 796
1275 837
739 1413
739 1286
1413 422
1413 1312
463 1249
463 1294
463 1129
1249 104
1249 386
544 908
544 319
544 120
908 92
908 398
271 899
271 158
271 499
899 385
206 1114
206 132
215 589
215 373
589 1393
589 499
681 1328
681 15
1328 218
1328 1493
711 1098
711 1191
738 1304
738 1271
738 1248
1304 878
313 369
313 1190
967 105
967 449
1047 1156
1047 1203
1156 1165
1156 194
48 103
48 170
48 868
103 104
103 905
1317 788
42 1048
42 203
42 217
1048 385
1048 875
1064 1330
1064 392
1064 828
1330 1332
1330 726
167 590
167 902
167 928
590 409
590 1306
474 561
474 1364
474 1242
561 1104
518 1119
455 763
455 10
649 1087
649 262
649 1073
1087 642
1087 377
730 273
730 803
1012 245
1012 1284
812 1230
812 600
812 674
1230 802
1230 540
428 975
428 30
323 693
323 830
323 6
693 728
693 26
747 300
747 1100
584 1488
584 670
1488 436
1488 1010
353 801
353 483
353 228
801 558
342 1466
342 86
342 389
1466 577
1466 297
1251 1313
1251 1306
1251 1262
1313 786
1313 115
1296 1464
1296 1465
1296 190
1464 1058
439 970
834 1334
940 1128
940 1091
940 1127
1128 1409
305 617
305 1194
617 309
617 630
642 522
540 928
540 384
928 1063
147 1491
147 709
147 1054
1491 1279
1491 152
767 827
767 1390
767 1188
827 385
827 1378
375 717
375 901
717 1398
717 558
152 559
559 211
559 981
1287 1356
1287 99
1287 1158
1356 197
723 1400
723 240
1400 1398
1400 806
158 266
246 1097
246 1421
1097 379
1097 978
709 420
709 550
741 1039
741 753
1039 726
1039 36
369 1424
369 1042
650 659
650 1077
57 263
57 1346
57 611
263 143
111 1137
111 382
111 414
1137 564
1137 1154
616 461
1344 1131
412 756
412 62
412 526
756 55
756 102
44 1083
44 370
1083 1091
123 1376
123 1497
1376 920
1376 165
97 829
97 1289
97 231
829 389
1336 199
1336 1325
600 1027
600 1059
153 1255
153 292
153 525
1255 483
1255 1051
66 204
66 151
66 221
204 145
204 954
120 1078
120 868
349 1349
1292 1446
235 129
235 712
1068 1182
1068 1208
1068 1109
1182 724
1182 216
137 76
1051 1358
1051 613
1358 1454
1358 151
696 184
1497 1035
1497 721
159 1191
159 108
159 673
881 1150
881 245
1374 445
183 236
183 556
183 1414
236 205
236 644
1123 302
1123 1432
495 1440
495 554
1119 1498
1498 265
1498 1473
359 1252
359 546
1252 1022
1252 1490
486 1176
486 842
1176 1426
1176 56
1248 1499
1248 1183
1499 1013
1499 1159
140 539
140 734
539 1342
539 1069
768 1011
768 951
768 1404
1011 1288
1011 1339
181 311
181 424
181 1199
311 773
585 1155
585 1250
585 302
1155 656
5 1397
5 672
5 234
1397 816
269 769
269 321
269 1109
769 437
769 514
795 1373
795 1326
1373 507
841 920
240 891
240 1094
891 149
891 1024
200 855
200 511
200 45
855 1416
855 1231
7 805
7 1451
7 802
805 1315
203 451
203 362
451 165
451 654
56 1335
56 697
1335 149
447 1077
447 832
918 1008
918 407
104 998
192 707
192 929
192 274
707 253
707 843
525 370
494 1417
494 401
494 458
1417 1300
1417 685
336 980
336 611
336 393
980 1476
980 902
549 1353
549 80
549 459
1353 1125
1353 141
1040 780
1150 712
150 1364
150 1327
955 75
955 1418
941 1468
941 1303
941 799
1468 197
365 1272
365 991
365 362
1272 262
1062 1349
1062 1301
1062 39
1349 401
969 1158
969 321
969 1042
1158 593
1315 685
327 1425
327 1420
327 508
1425 351
1425 86
919 59
919 112
1244 1362
1244 399
1362 1305
1030 1289
1030 705
1289 1286
1035 892
659 956
659 770
970 81
724 1286
893 911
893 176
911 608
911 678
849 953
849 1398
953 128
953 821
358 981
358 1350
358 1308
981 331
809 557
809 652
300 211
300 566
820 1420
820 930
1420 164
58 496
58 133
58 325
496 734
1016 880
869 1169
869 1447
1169 419
28 637
1135 1210
1135 1002
201 252
201 1102
201 597
252 701
252 357
99 84
477 973
477 1283
477 690
973 163
374 1226
374 1076
374 1232
1226 986
1226 500
638 927
638 1412
638 1117
927 521
927 733
433 480
720 1225
720 842
1225 876
1225 266
17 1074
17 991
1074 857
1074 560
1174 212
1174 1143
142 1154
857 1411
665 1109
665 1290
665 766
551 895
551 1245
551 278
895 199
595 1198
595 432
1322 1415
1415 1406
193 661
193 231
193 13
661 210
661 258
1453 331
1453 583
529 1141
529 230
1305 131
115 449
115 497
218 228
1229 1452
1229 211
1229 1479
1452 1458
1245 625
599 1093
587 1347
587 906
587 106
1347 1065
1246 533
920 1294
100 1494
100 376
100 897
1494 394
1494 583
1393 1118
666 822
666 501
666 733
822 1461
822 624
1447 1018
702 1005
702 997
722 1019
722 800
722 597
1019 1041
1019 931
564 582
564 716
582 817
582 426
59 675
59 329
675 524
675 497
377 1213
1213 188
851 989
851 939
851 68
989 161
989 1294
508 915
508 475
915 414
915 61
995 1262
995 1314
1262 1318
504 1061
504 219
504 83
1061 610
1061 265
483 1181
91 836
397 1429
397 563
397 279
1429 128
623 1095
695 903
148 379
148 645
148 441
379 1277
366 687
366 75
687 1263
687 1406
581 612
581 1076
581 485
612 762
1354 563
1354 1401
13 1094
13 331
1094 1159
916 1183
916 214
762 492
977 0
977 1411
701 654
511 1100
511 850
1081 524
775 1416
775 902
1416 1476
965 988
965 220
965 289
988 614
988 1338
113 1153
113 791
1153 388
715 217
715 667
1089 464
1089 213
1072 817
1072 1436
190 1256
190 1131
1256 1240
1256 266
1412 461
40 1168
40 98
40 264
1168 457
93 819
93 1495
45 381
811 821
811 1210
811 472
821 954
929 535
861 1316
861 1224
1316 345
690 760
690 259
760 1408
129 1115
129 946
942 897
942 1427
388 1069
278 443
278 425
443 319
443 640
445 1022
445 1060
1338 185
399 1227
399 1100
1227 716
1227 793
392 959
959 1136
959 14
151 232
556 966
556 334
818 838
818 804
818 776
838 452
838 1045
279 789
279 1134
789 98
1409 663
1409 1426
98 748
844 20
844 308
978 1055
1055 314
1055 491
427 1181
427 604
1181 777
12 710
12 216
710 125
710 1147
106 308
106 676
308 515
1115 3
1115 956
194 457
194 1486
457 932
1268 1424
1268 354
1268 1114
1424 1161
944 1300
944 854
1300 1334
55 740
55 1436
362 1152
444 586
444 1098
68 317
68 1151
317 466
317 1329
763 422
1421 0
1239 1151
489 819
489 1265
788 1162
788 1473
1209 429
501 1144
1144 1280
1163 1343
1163 656
1163 1079
1343 779
907 1237
907 1008
907 1242
1237 682
1237 1164
1008 387
972 926
850 1377
850 1108
1377 1288
1377 1117
836 547
836 476
89 1171
1171 1295
1171 697
372 971
372 0
372 133
971 1422
971 80
704 1052
704 798
309 1445
309 1003
1445 1257
219 468
468 109
468 999
61 785
61 781
785 554
493 1382
493 338
1382 1024
1382 1444
586 1065
839 670
839 74
816 373
816 1381
27 828
27 1446
27 145
708 897
708 743
1337 885
1337 380
421 143
421 1297
209 1070
209 1203
1070 1295
1070 876
119 273
119 49
119 297
273 432
176 1020
521 1303
521 189
547 357
524 1363
1102 1351
1102 1
335 641
423 476
423 560
423 430
476 593
1196 1366
1196 303
1196 1197
1366 294
779 1200
1291 26
1291 133
712 1024
405 1116
401 1013
1095 619
1095 917
345 208
348 976
348 1474
348 803
976 1423
976 154
484 527
484 514
393 755
755 864
755 1187
1440 1127
598 778
598 591
598 277
228 732
407 186
407 1054
39 900
39 288
900 1348
900 352
799 721
214 523
214 1059
523 20
614 187
467 560
467 794
467 497
409 146
105 1250
105 954
718 1310
1310 49
1310 852
36 867
867 1018
867 519
426 860
531 1111
531 155
531 513
1111 394
880 999
880 1192
999 790
286 340
286 1041
286 1318
340 903
139 815
139 1380
815 859
815 425
607 840
607 390
840 1324
840 636
121 1037
121 1018
1003 1093
1003 1017
441 664
664 1390
898 1254
898 1017
898 370
50 1404
50 432
1197 1321
1321 1015
1321 293
436 1146
436 772
892 1210
892 686
475 686
94 1050
94 207
1050 237
3 1357
901 1444
901 415
1444 1302
155 210
786 1208
786 669
604 1422
604 635
1422 230
726 1084
248 1000
248 1224
248 906
1000 945
1000 800
172 187
187 419
1129 1423
1129 294
1423 1342
62 1404
62 636
1446 926
673 208
163 260
260 231
260 90
371 963
371 292
963 1195
333 435
790 1324
790 154
1324 1147
609 1020
609 833
609 1164
1020 660
734 1201
566 1058
1058 131
859 641
186 229
813 465
813 543
608 1236
149 808
773 1435
773 460
294 1025
591 1104
662 804
1066 1298
170 76
170 1351
341 652
341 184
341 568
652 262
1073 1063
259 619
259 791
619 210
128 1290
686 951
951 1479
1307 96
1106 1165
1106 22
1165 1461
938 1172
938 1285
1172 884
1152 1281
1152 667
1281 777
1281 658
904 1295
904 597
904 876
297 1297
500 802
500 832
26 378
552 583
552 1195
422 221
1114 232
1408 1057
20 384
1231 906
264 382
843 889
843 1334
889 651
424 1085
237 1079
237 1283
188 1223
1223 669
134 543
134 1264
466 314
21 1311
21 1193
1311 1280
234 1046
234 852
1046 1001
145 1117
1093 1450
1450 1004
277 1312
277 1004
83 1384
83 672
594 1208
594 46
378 354
274 1383
274 925
1383 253
37 653
37 272
653 430
653 611
381 1329
1329 458
189 293
284 1433
284 1236
284 644
1433 933
1433 102
610 1454
610 168
1454 1101
933 276
1371 1284
754 793
754 1283
793 230
354 22
329 766
329 1312
766 373
1054 1052
1059 1285
1285 663
19 1134
19 1037
19 1173
1134 792
1218 1458
1218 1242
1218 1219
557 1023
557 937
498 506
1384 1414
1384 1406
966 196
966 79
1201 577
1201 51
420 925
420 418
238 1034
238 952
238 845
1034 506
1033 291
85 1200
85 1465
85 458
1200 276
415 280
1103 1220
1103 735
1103 1
1220 1302
1088 1469
1088 1043
1088 800
705 1101
833 1232
464 781
464 86
1151 1381
1381 845
364 1427
543 744
744 1043
448 735
448 548
735 1402
1435 1146
1435 535
1193 1234
1193 255
208 1477
265 879
879 872
307 1370
307 492
307 792
1370 571
1370 1487
1234 376
132 1005
1437 1487
864 456
117 613
117 742
117 830
613 1355
1474 404
1476 109
452 682
452 338
77 576
77 161
576 534
1194 480
1162 624
1162 633
223 1124
223 670
223 1265
1124 932
1124 772
255 1014
527 1451
672 67
875 24
770 1378
1378 1263
125 229
125 6
1461 522
1365 1480
1365 1092
1365 1170
588 885
588 733
885 1199
1341 1388
1341 1402
1388 956
1084 1127
1084 168
663 435
1090 438
863 945
863 514
945 332
550 979
550 212
979 1496
979 630
267 398
398 1092
419 866
81 1471
1013 1195
1380 406
1380 1430
1091 1418
1418 1339
655 1302
655 418
655 1443
1173 1493
1493 1477
184 729
1332 1485
1332 1071
640 1122
781 438
90 1357
522 931
196 1342
196 806
334 936
936 446
96 390
568 874
568 487
874 10
874 299
459 1401
505 931
548 848
548 825
1496 644
429 114
1236 351
558 92
1183 1180
676 1438
676 960
1036 332
1036 30
1188 1318
382 1027
49 937
1161 1486
1161 679
1486 937
79 435
1104 1175
314 1282
1414 282
461 1352
76 774
774 418
774 1159
534 606
534 1075
606 592
535 1325
546 571
546 714
165 29
11 658
658 792
1025 1085
1352 1301
1352 74
1118 1264
321 253
794 395
794 997
728 1063
1280 1495
205 656
280 213
108 229
1037 84
888 1438
645 411
1355 512
1355 292
389 1495
281 472
281 630
472 404
633 621
102 506
1479 884
417 1192
417 332
417 434
1192 1298
878 992
878 1282
992 112
1279 1108
1198 24
1198 490
1187 1430
1390 1023
1049 1320
1471 289
1471 1113
1396 337
1396 450
998 1164
736 29
736 870
131 15
1224 780
465 991
465 1170
46 866
46 185
621 917
917 122
1125 386
1125 542
268 1014
817 395
319 387
414 411
1346 870
905 1219
905 122
798 808
406 299
92 1432
22 226
386 1314
10 283
207 485
207 1136
485 1122
679 740
679 471
740 350
352 1071
1116 654
1116 926
275 777
275 350
275 376
288 30
384 1010
780 1443
1443 1235
446 1274
1274 1235
130 1190
660 946
660 860
946 515
387 1240
71 272
199 1145
1145 404
1306 338
729 250
729 512
868 742
808 456
122 408
408 667
545 430
545 884
1041 315
542 1232
636 848
624 487
714 912
714 1180
912 24
411 825
1364 289
1075 1299
1299 1392
1299 291
283 1399
1147 315
15 860
848 282
1348 1350
1348 1042
1350 1180
1057 1278
380 960
41 796
41 987
804 1085
571 1108
303 1326
1326 903
1258 282
258 1298
1017 450
1308 1264
526 872
1277 1392
250 1175
250 450
480 1456
1456 470
1456 160
1175 491
651 1485
245 776
776 220
512 1385
1385 1320
315 1113
1113 806
470 635
154 1402
80 164
1363 471
1473 1099
1014 1170
1339 395
232 948
948 146
748 1199
641 1235
221 290
922 1143
922 1023
922 1101
357 460
939 168
939 51
293 1278
577 852
487 490
490 1001
394 1265
491 1032
1320 141
1010 43
161 625
625 1401
434 952
160 1099
226 592
226 6
84 1490
1240 220
1301 1351
825 164
471 1001
1477 1060
1411 1485
872 197
1427 1490
832 635
