2800 4200
424 705
424 922
424 1498
705 2474
705 924
172 2061
172 2251
172 2201
2061 1728
2061 444
155 1749
155 1950
155 1333
1749 234
1749 173
2120 2738
2120 2607
2120 850
2738 2577
2738 2164
1006 2638
1006 628
1006 137
2638 2041
2638 1859
1660 2079
1660 1615
1660 735
2079 882
2079 1836
222 1918
222 2459
222 2559
1918 375
1918 420
1249 2136
1249 2567
1249 1936
2136 1572
2136 87
1890 2541
1890 686
1890 2345
2541 150
2541 2473
1581 2609
1581 2286
1581 1330
2609 758
2609 1328
564 2033
564 257
564 1843
2033 1812
2033 40
17 1406
17 824
17 1094
1406 302
1406 2391
2278 2537
2278 2096
2278 2116
2537 917
2537 1723
557 825
557 526
557 699
825 1699
825 45
234 1498
234 2534
232 1968
232 1745
232 1418
1968 714
1968 1467
1510 2585
1510 1282
1510 157
2585 97
2585 1117
1148 1266
1148 1617
1148 1973
1266 1455
1266 1115
598 1271
598 1030
598 2584
1271 1190
1271 517
0 1173
0 1135
0 1966
1173 1118
1173 461
844 1449
844 2113
844 2479
1449 440
1449 1263
671 1112
671 973
671 997
1112 543
1112 792
249 974
249 1693
249 1596
974 56
974 2787
220 273
220 891
220 103
273 1178
273 523
1056 1448
1056 1419
1056 2631
1448 1772
1448 2248
1052 1069
1052 1593
1052 2465
1069 1182
1069 1365
1457 2695
1457 1201
1457 1876
2695 212
2695 982
1834 2416
1834 8
1834 41
2416 1673
2416 2366
31 2063
31 501
31 2590
2063 2108
2063 1397
1573 2232
1573 38
1573 2759
2232 1042
2232 1707
1445 2312
1445 1484
1445 2599
2312 2497
2312 1267
1082 2260
1082 2528
1082 221
2260 1810
2260 2603
349 652
349 2696
349 1598
652 2669
652 1001
624 2577
624 805
624 1986
2577 10
803 2579
803 1466
803 263
2579 1811
2579 1397
184 701
184 695
184 663
701 2229
701 1381
570 916
570 1841
570 1121
916 1822
916 2728
262 1932
262 2401
262 983
1932 2525
1932 437
1801 2733
1801 105
1801 68
2733 168
2733 1334
1623 2089
1623 1606
1623 1474
2089 960
2089 2705
729 2221
729 2721
729 2794
2221 1618
2221 2161
637 826
637 2761
637 2619
826 1847
826 2534
854 1578
854 1220
854 2751
1578 1667
1578 1402
1093 2009
1093 275
1093 1165
2009 899
2009 2275
79 1996
79 1040
79 1247
1996 787
1996 186
628 819
628 1979
540 893
540 1468
540 19
893 106
893 12
409 410
409 2742
409 2150
410 1764
410 2248
73 195
73 1389
73 597
195 1953
195 2205
500 677
500 901
500 1476
677 813
677 1911
228 2204
228 995
228 2244
2204 898
2204 1158
1728 2227
1728 1631
2227 1693
2227 2460
1077 2266
1077 1040
1077 921
2266 2163
2266 2039
1004 1113
1004 1171
1004 761
1113 1154
1113 1812
1023 2295
1023 2793
1023 193
2295 653
2295 118
215 315
215 2461
215 787
315 1803
315 2059
1192 1987
1192 714
1192 542
1987 770
1987 1929
2528 2380
2528 2131
358 2170
358 2452
358 1542
2170 1654
2170 987
1531 2356
1531 2477
1531 762
2356 2096
2356 643
1533 2137
1533 2464
1533 361
2137 923
2137 422
475 1294
475 1869
475 1407
1294 387
1294 2031
93 209
93 1929
93 1567
209 179
209 1619
845 976
845 2776
845 1842
976 138
976 2340
360 2359
360 2375
360 2057
2359 886
2359 840
610 2013
610 1830
610 1348
2013 2335
2013 1283
291 539
291 2454
291 871
539 1641
539 937
1472 2306
1472 1051
1472 261
2306 2472
2306 2489
2375 2568
2375 1487
2568 1874
2568 2679
2607 1474
2607 1471
1088 1377
1088 1132
1088 2731
1377 510
1377 264
721 946
721 860
721 1246
946 870
946 16
1491 2176
1491 2727
1491 2062
2176 1944
2176 2491
1438 1755
1438 1375
1438 1785
1755 1712
1755 1162
994 2798
994 2006
994 1945
2798 2672
2798 2141
642 2230
642 231
642 2511
2230 2600
2230 185
992 1934
992 163
992 196
1934 897
1934 2282
614 2397
614 1916
614 312
2397 2464
2397 1049
612 2616
612 1737
612 656
2616 561
2616 1881
579 2668
579 2458
579 1223
2668 61
2668 518
1778 2614
1778 2240
1778 1502
2614 1388
2614 1028
152 1957
152 1632
152 2183
1957 498
1957 1537
1163 2310
1163 180
1163 1912
2310 2249
2310 1956
1300 2050
1300 2328
1300 775
2050 476
2050 1109
2477 1312
2477 385
752 1464
752 1456
752 497
1464 238
1464 1073
138 1752
138 698
507 693
507 1314
507 732
693 1670
693 972
2642 2688
2642 1435
2642 2357
2688 1313
2688 2628
137 1685
137 1402
1685 649
1685 960
163 1823
163 785
1823 622
1823 2647
442 2141
442 253
442 1265
2141 1237
665 1804
665 2467
665 254
1804 2317
1804 651
1001 1610
1001 30
1610 239
1610 78
667 2259
667 311
667 1376
2259 2332
2259 1385
1064 2224
1064 205
1064 1680
2224 2557
2224 945
2340 2481
2340 630
2600 2297
2600 2168
1702 2740
1702 1637
1702 2418
2740 772
2740 333
2663 2747
2663 2173
2663 2384
2747 476
2747 1522
921 1092
921 388
1092 1549
1092 765
1658 2145
1658 1304
1658 1120
2145 1941
2145 905
1485 2482
1485 1682
1485 7
2482 207
2482 1279
936 1257
936 1872
936 374
1257 1038
1257 1839
43 185
43 528
43 549
185 554
777 1758
777 2408
777 1817
1758 538
1758 342
1513 1906
1513 2115
1513 1569
1906 1055
1906 925
1094 2188
1094 880
2188 812
2188 1263
200 1337
200 977
200 331
1337 528
1337 1230
975 2496
975 922
975 2360
2496 935
2496 1591
590 848
590 2660
590 1122
848 1939
848 1240
1983 2206
1983 735
1983 2202
2206 1511
2206 2508
188 1628
188 2081
188 1404
1628 666
1628 1224
1029 1304
1029 85
1029 484
1304 1034
515 1757
515 1042
515 2522
1757 210
1757 295
2138 2754
2138 2589
2138 393
2754 644
2754 112
1667 1820
1667 904
1820 1284
1820 2437
503 1374
503 584
503 2635
1374 23
1374 2506
1154 2235
1154 905
1162 1684
1162 72
1684 649
1684 115
1727 2545
1727 2711
1727 2550
2545 931
2545 2488
487 2269
487 1681
487 293
2269 793
2269 573
1054 1742
1054 2458
1054 2744
1742 999
1742 1079
1484 465
1484 576
364 1295
364 732
364 1696
1295 1215
1295 39
401 1857
401 1990
401 1864
1857 237
1857 1844
1183 1218
1183 2045
1183 2090
1218 894
1218 1519
452 770
452 1003
452 2400
770 74
1872 1111
1872 2430
925 2271
925 509
2271 2314
2271 1027
193 2236
193 2661
2236 2172
2236 1822
2339 2520
2339 1966
2339 847
2520 1945
2520 2705
212 1432
212 2736
1432 204
1432 509
374 633
374 175
2107 2622
2107 1021
2107 2529
2622 2100
2622 2237
1137 2270
1137 2044
1137 2544
2270 2379
2270 1349
682 823
682 2129
682 371
823 2440
823 2626
1384 2147
1384 1925
1384 2741
2147 1923
2147 581
1067 1308
1067 1920
1067 764
1308 1774
1308 585
800 815
800 2735
800 1639
815 658
815 1902
107 2169
107 294
107 2623
2169 2133
2169 2327
1825 2155
1825 492
1825 521
2155 1541
2155 1558
229 2540
229 240
229 2425
2540 2604
2540 1562
2021 2475
2021 1060
2021 308
2475 2465
2475 586
302 1590
302 1475
1590 1012
1590 2505
1389 288
1389 849
21 1199
21 989
21 1477
1199 651
1199 1648
879 1373
879 337
879 2135
1373 1850
1373 1710
1542 2620
1542 2015
2620 1705
2620 1388
1165 1587
1165 89
1587 2245
1587 551
1362 2281
1362 1159
1362 2571
2281 1422
2281 1668
1919 2198
1919 796
1919 788
2198 2044
2198 2655
1194 2288
1194 139
1194 2483
2288 16
2288 2179
377 2029
377 2460
377 531
2029 1134
2029 1468
1951 2001
1951 1613
1951 2060
2001 1936
2001 1713
335 1803
335 1528
335 1949
1803 60
83 356
83 2412
83 7
356 811
356 202
576 1866
576 214
1866 2795
1866 354
1353 2052
1353 318
1353 2301
2052 408
2052 1808
1190 1153
1190 2490
1014 2357
1014 483
1014 2337
2357 662
585 2180
585 2382
2180 450
2180 696
2240 2369
2240 928
2369 1784
2369 1865
694 1821
694 2767
694 1247
1821 481
1821 890
1474 213
1042 1781
1781 1260
1781 1541
433 505
433 1566
433 1349
505 2273
505 776
1811 1963
1811 149
1963 949
1963 2261
61 344
61 30
16 303
596 1780
596 181
596 492
1780 1606
1780 781
904 1358
904 1841
2209 2238
2209 437
2209 1970
2238 764
2238 2417
801 2069
801 1768
801 327
2069 2438
2069 1948
1687 1933
1687 1011
1687 1228
1933 2074
1933 394
2099 2515
2099 1950
2099 1066
2515 1020
2515 121
562 2461
562 449
562 2502
2461 413
1490 2142
1490 901
1490 743
2142 2008
2142 1063
2074 147
2074 788
805 1136
805 1636
1136 2
1136 136
746 1724
746 966
746 1039
1724 2765
1724 1894
635 2302
635 1845
635 1683
2302 2643
2302 1258
891 1281
891 1764
541 2258
541 2596
541 2786
2258 1037
2258 685
2522 2734
2522 151
2734 370
2734 162
67 160
67 2103
67 1037
160 2351
160 957
950 1410
950 274
950 1097
1410 1518
1410 664
29 771
29 2495
29 2468
771 1885
771 1530
1870 2548
1870 688
1870 2284
2548 739
2548 2757
20 2034
20 247
20 1105
2034 12
2034 1104
113 1704
113 1604
113 956
1704 809
1704 2717
381 1747
381 2666
381 2757
1747 2504
1747 1921
1772 2785
1772 1123
1128 1273
1128 1188
1128 399
1273 1565
1273 617
651 2404
190 724
190 2186
190 2442
724 1043
724 1594
69 1746
69 2596
69 707
1746 2235
1746 1982
1908 2547
1908 2105
1908 1224
2547 702
2547 1584
657 1013
657 488
657 2535
1013 1671
1013 2410
74 1861
74 1342
1861 513
1861 797
1545 2644
1545 139
1545 2776
2644 2292
2644 1345
1662 1997
1662 1832
1662 486
1997 2092
1997 376
147 1854
147 1970
888 1291
888 1130
888 126
1291 406
1291 2378
1361 1740
1361 2673
1361 2554
1740 970
1740 567
133 864
133 2433
133 1828
864 1461
864 217
908 1269
908 589
908 2503
1269 2244
1269 2381
1350 2368
1350 1621
1350 740
2368 1715
2368 158
938 2689
938 2523
938 1335
2689 1100
2689 329
1086 2624
1086 1170
1086 1650
2624 813
2624 1653
1627 1630
1627 794
1627 2163
1630 928
1630 2517
124 1718
124 2163
124 1480
1718 636
1718 2245
202 2046
202 2444
2046 1499
2046 2071
236 2533
236 2341
236 1022
2533 308
2533 1166
725 1678
725 1339
725 1584
1678 988
1678 1343
839 2603
839 1444
839 122
2603 1748
972 1555
972 2594
1555 2594
1555 2431
1745 2000
1745 516
1103 1975
1103 1831
1103 2084
1975 2785
1975 2564
1152 1751
1152 239
1152 2289
1751 847
1751 2462
75 895
75 689
75 2334
895 1423
895 1402
732 749
775 1535
775 1172
1535 808
1535 301
57 352
57 674
57 2729
352 2325
352 987
666 1791
666 708
90 2335
90 1994
90 822
2335 1879
659 2263
659 2044
659 957
2263 62
2263 2331
48 1026
48 1130
48 2532
1026 1386
1026 1672
2432 2673
2432 2066
2432 2291
2673 139
1549 2097
1549 783
2097 2354
2097 2257
566 1397
566 2326
566 2574
2296 2669
2296 99
2296 2774
2669 1443
622 98
622 2653
1383 1390
1383 1644
1383 1245
1390 2582
1390 2750
178 2075
178 2197
178 2321
2075 871
2075 2662
288 2518
288 890
294 2488
294 2569
1160 1318
1160 447
1160 909
1318 2484
1318 911
1463 1993
1463 39
1463 1367
1993 466
1993 704
129 1810
129 2098
129 2498
1810 2194
965 2311
965 2555
965 1663
2311 1779
2311 2755
858 1016
858 1071
858 1285
1016 383
1016 1924
143 2611
143 810
143 744
2611 498
2611 2146
54 1716
54 2152
54 282
1716 1325
1716 632
1098 2017
1098 1012
1098 1219
2017 2404
2017 2770
942 2178
942 2315
942 208
2178 2388
2178 1964
1544 2512
1544 1721
1544 1711
2512 586
2512 1850
549 2741
549 52
2741 553
934 1420
934 2424
934 1399
1420 1516
1420 1907
1486 2162
1486 798
1486 1922
2162 441
2162 314
819 1980
819 1595
363 2471
363 1789
363 722
2471 640
2471 1073
1845 2360
1845 426
2360 2617
474 2567
474 2560
474 1340
2567 2674
438 695
438 552
438 536
695 2792
6 2233
6 2347
6 899
2233 2301
2233 668
2203 2562
2203 613
2203 192
2562 1135
2562 2393
2464 2220
2115 2279
2115 1985
1770 1777
1770 1653
1770 1232
1777 56
1777 831
575 1603
575 142
575 915
1603 937
1603 2208
1764 1953
260 773
260 2726
260 1791
773 2065
773 646
1609 2762
1609 786
1609 2130
2762 2506
2762 1174
1388 2698
287 2633
287 591
287 952
2633 2194
2633 2012
1316 2217
1316 1010
1316 1519
2217 13
2217 2067
1447 2700
1447 802
1447 1065
2700 536
2700 1624
1466 1281
1466 84
941 2748
941 1879
941 1498
2748 1229
2748 2131
887 2777
887 2768
887 2157
2777 416
2777 131
964 2588
964 1992
964 1106
2588 250
2588 1813
52 1274
52 1843
1274 2060
1274 2703
1 2769
1 457
1 2783
2769 1921
2769 2570
468 1863
468 2276
468 1398
1863 2342
1863 1916
593 2272
593 676
593 444
2272 449
2272 780
33 1297
33 1126
33 2019
1297 1172
1297 1767
718 2303
718 1169
718 2361
2303 2056
2303 1366
1879 1647
1925 2073
1925 1090
2073 1008
2073 1473
1319 1360
1319 2370
1319 870
1360 2498
1360 601
2325 177
2325 1582
1156 1711
1156 967
1156 523
1711 996
62 1161
62 1629
2093 2523
2093 926
2093 2784
2523 961
735 594
28 1038
28 869
28 1710
1038 1674
1966 2492
1958 2106
1958 2349
1958 1900
2106 1231
2106 2252
274 2784
274 1203
1050 1320
1050 2556
1050 1792
1320 114
1320 872
1070 1149
1070 1612
1070 2336
1149 2797
1149 1020
1974 2608
1974 504
1974 453
2608 1139
2608 2160
788 55
2105 896
2105 722
967 1322
967 1505
1322 2572
1322 1489
1243 2501
1243 198
1243 847
2501 402
2501 2185
1143 1893
1143 2454
1143 318
1893 1343
1893 843
40 1277
40 2441
1277 998
1277 1657
1044 2674
1044 1367
1044 1620
2674 1666
42 1732
42 404
42 1211
1732 281
1732 973
528 866
417 855
417 2692
417 630
855 1805
855 1022
1569 2150
1569 182
2150 1179
1765 1796
1765 707
1765 2623
1796 534
1796 1881
1964 2005
1964 1202
2005 2753
2005 2072
326 853
326 2407
326 1368
853 1443
853 794
476 1217
653 982
653 2670
982 1035
99 2760
99 243
2760 1731
2760 1882
2458 1418
798 849
798 1336
1007 2383
1007 153
1007 1060
2383 1668
2383 958
148 1633
148 1435
148 198
1633 2165
1633 1341
869 2678
869 2154
2678 71
2678 1380
754 1708
754 1877
754 2478
1708 1950
1708 2650
91 2676
91 1956
91 480
2676 414
2676 1984
296 830
296 441
296 1096
830 2181
830 1254
1585 2768
1585 1837
1585 404
2768 2576
10 1290
10 1442
1290 2334
1290 2627
142 1675
142 2007
1675 1310
1675 455
1254 1994
1254 2229
1994 1164
834 2491
834 2007
834 1227
2491 620
1019 1719
1019 1234
1019 319
1719 1871
1719 1161
136 203
136 1598
203 1748
203 755
15 1225
15 1436
15 1730
1225 2789
1225 2425
141 547
141 1483
141 1419
547 1258
547 353
1158 1648
1158 1180
1648 2649
949 2557
949 1501
2557 86
808 1873
808 544
11 59
11 365
11 675
59 2184
59 1588
151 182
151 446
182 764
2314 793
2314 2554
668 1232
668 1527
1232 9
1853 2704
1853 1046
1853 1508
2704 2025
2704 2765
873 2684
873 560
873 2006
2684 1962
2684 2294
1260 1302
1260 2780
611 2418
611 990
611 533
2418 1196
931 412
931 2724
2037 2641
2037 2499
2037 2782
2641 1169
2641 1356
863 2639
863 2573
863 1868
2639 2035
2639 2076
1059 2285
1059 2449
1059 225
2285 270
2285 1213
1676 2104
1676 2441
1676 797
2104 421
2104 2049
419 1430
419 126
419 2193
1430 2010
1430 1970
1005 1182
1005 154
1005 1613
1182 58
1055 1625
1055 985
1060 999
1693 2315
1314 1425
1314 1979
2334 1102
2580 2660
2580 587
2580 2610
2660 662
674 1391
674 1426
1391 504
1391 2152
375 862
375 1102
351 2235
351 768
351 1293
1216 2268
1216 1446
1216 1145
2268 2584
2268 1153
1354 2318
1354 1788
1354 988
2318 1967
2318 782
524 2126
524 1301
524 463
2126 482
2126 2283
328 2251
328 1251
328 1707
2251 1973
1084 1411
1084 145
1084 951
1411 2502
1411 153
428 1106
428 2087
428 714
1106 2284
1937 2410
1937 1885
1937 1714
2410 1285
486 1605
486 1046
1605 1311
1605 501
2407 1317
2407 1763
276 2735
276 1865
276 1592
2735 762
498 1579
1579 434
1579 1437
404 2326
2326 1644
502 646
502 686
502 470
646 279
161 1436
161 678
161 1401
1436 1529
513 692
513 325
692 2656
692 189
889 1995
889 859
889 1826
1995 369
1995 2134
1852 2222
1852 418
1852 548
2222 647
2222 2715
2114 2371
2114 2080
2114 1538
2371 2692
2371 1586
1281 2420
1244 2717
1244 383
1244 2486
2717 2703
1826 2578
1826 1495
2578 2504
2578 1202
485 2436
485 1348
485 1670
2436 2761
2436 1884
26 2788
26 1105
26 2453
2788 1247
2788 1292
230 1392
230 1166
230 214
1392 123
1392 1978
2726 2331
2726 922
181 2421
181 2467
713 1131
713 1386
713 1450
1131 2402
1131 2550
97 862
97 1883
862 460
989 2367
989 1722
369 1530
369 2766
1468 2702
217 2621
217 2332
2621 1548
2621 1303
13 2453
13 1378
745 1083
745 1977
745 711
1083 867
1083 710
425 584
425 1343
425 875
584 1394
786 738
786 457
482 1118
482 1652
1118 2487
2218 2321
2218 903
2218 1492
2321 1738
2184 2370
2184 2602
1479 2210
1479 1499
1479 1744
2210 325
2210 400
1738 558
1738 1317
279 580
279 1829
1346 1717
1346 153
1346 2447
1717 1178
1717 1431
479 820
479 1670
479 2787
820 2693
820 1242
1690 2430
1690 1336
1690 330
2430 1462
5 226
5 2065
5 205
226 2242
226 2010
1841 1248
1869 1548
1869 731
235 1771
235 23
235 252
1771 993
1771 2165
1272 2262
1272 654
1272 796
2262 1231
2262 669
2599 2551
2599 443
317 1252
317 551
317 19
1252 2036
1252 420
2173 1240
2173 1057
2351 961
2351 2032
1954 2067
1954 2282
1954 2361
2067 108
846 878
846 2720
846 589
878 2490
878 774
899 1787
1787 521
1787 2343
1943 2466
1943 1591
1943 827
2466 2264
2466 2649
1488 2151
1488 749
1488 876
2151 1709
2151 1626
140 1884
140 2766
140 2625
1884 271
171 2366
171 65
171 2363
2366 2241
1180 1806
1180 27
1806 2719
1806 1403
748 2149
748 526
748 1673
2149 591
2149 1100
451 1517
451 2657
451 390
1517 448
1517 2474
591 1734
247 912
247 8
1145 1439
1145 2708
1439 977
1439 227
998 1521
998 778
794 533
1668 1649
1560 2292
1560 587
1560 914
2292 567
2060 2758
2758 1035
2758 238
1171 851
1171 2575
1988 2739
1988 1571
1988 1642
2739 2038
2739 1799
2190 2459
2190 322
2190 734
2459 345
386 978
386 1401
386 1969
978 1475
978 1146
558 2253
558 1400
2253 187
2253 1450
1000 2598
1000 521
1000 2156
2598 1323
2598 2202
2424 1562
2424 253
463 2659
463 418
2659 1380
2659 2631
1352 1854
1352 102
1352 1881
1854 1441
293 1195
293 1882
1195 1157
1195 1830
120 2027
120 1097
120 449
2027 50
2027 1270
871 2344
640 339
640 2697
512 2551
512 1927
512 38
2551 697
2290 2402
2290 95
2290 176
2402 2691
523 574
574 1647
574 1255
1699 2701
1699 2428
365 2123
365 1245
2123 1726
2123 319
440 2791
440 396
2791 1105
2791 2796
1214 2414
1214 2511
1214 1941
2414 1981
2414 1767
128 1213
128 1537
128 749
1213 1335
824 1325
824 1301
1325 1368
1807 2699
1807 490
1807 492
2699 997
2699 283
1791 2119
532 1333
532 2003
532 2428
1333 1331
1929 1351
943 1053
943 1280
943 2394
1053 263
1053 980
676 709
676 1426
709 1519
709 240
953 1475
953 1760
953 2510
924 1677
924 2324
1677 684
1677 2686
860 1917
860 1412
144 699
144 384
144 1048
699 2411
1186 1305
1186 641
1186 1477
1305 907
1305 1570
1198 2591
1198 1744
1198 717
2591 285
2591 1731
2242 2152
2242 483
462 2177
462 117
462 1015
2177 1228
2177 2440
1525 1637
1525 2686
1525 1226
1637 1634
2504 530
135 2685
135 1904
135 1080
2685 1955
2685 2247
2623 802
2556 2679
2556 1848
2679 455
1855 2186
1855 189
1855 867
2186 872
1481 2799
1481 1251
1481 522
2799 716
2799 2665
1401 2690
2690 1710
2690 1478
239 1672
658 2088
658 1151
2088 685
2088 58
2220 393
2220 37
284 715
284 717
284 578
715 2337
715 618
2711 1595
2711 2087
1680 1696
1680 1465
1696 402
25 2032
25 103
25 933
2032 1045
1666 2701
1666 1341
2701 1458
2596 1786
1885 115
1386 913
750 1762
750 130
750 1782
1762 2058
1762 2401
872 2691
2691 1880
2108 2094
2108 1805
1139 1723
1139 1404
1723 1236
1467 1817
1467 2002
1817 1208
469 1928
469 2247
469 731
1928 1800
1928 1347
66 986
66 121
66 1324
986 2781
986 259
1635 2304
1635 917
1635 1864
2304 280
2304 1453
1246 1947
1246 407
747 2287
747 1047
747 648
2287 2626
2287 2463
809 2470
809 1756
450 2257
450 393
71 1223
71 2729
886 1133
886 1503
1133 398
1133 1101
514 1527
514 571
514 1421
1527 1087
719 2713
719 2438
719 194
2713 782
2713 2081
733 2797
733 359
733 1984
2797 1412
1071 2682
1071 1417
1208 1858
1208 1844
1858 2619
1858 1583
345 2243
345 1226
2243 1191
2243 7
739 1264
739 542
1992 367
1992 1068
720 2040
720 1822
720 2597
2040 2448
2040 2518
1287 2645
1287 577
1287 1101
2645 1282
2645 1827
959 2322
959 2082
959 1125
2322 2024
2322 207
240 1552
1552 2542
1552 1134
1797 2338
1797 917
1797 734
2338 670
2338 2363
697 2446
697 728
662 2593
2593 1114
2593 1017
556 742
556 1370
556 51
742 92
742 2447
2460 427
861 2164
861 565
861 2160
2164 1564
2508 2615
2508 1181
2615 1639
2615 343
2619 1602
997 780
246 436
246 1942
246 984
436 298
436 1018
218 2323
218 2656
218 64
2323 896
2323 1357
94 567
94 1515
94 700
568 981
568 1329
568 206
981 196
981 2636
2382 2324
2382 1960
1444 814
1444 35
242 2128
242 947
242 1575
2128 2582
2128 1889
1748 2587
898 1045
898 1829
2519 2629
2519 2118
2519 841
2629 1849
2629 1698
1947 2473
1947 2434
882 519
882 397
434 757
434 892
757 1938
757 2635
1478 1961
1478 2503
1961 799
1961 2384
755 2649
755 948
2408 357
2408 619
907 1843
907 1345
1824 1960
1824 1378
1824 1144
1960 2022
432 2373
432 2712
432 1502
2373 604
2373 489
868 1363
868 2193
868 264
1363 1827
1363 621
1530 1726
367 703
367 2652
703 1380
703 2478
1792 2273
1792 2448
2273 1915
990 1505
990 1177
1505 1375
1421 2329
1421 1434
2329 1200
2329 787
1712 427
1712 2280
874 2605
874 1760
874 2446
2605 2395
2605 511
408 1768
408 940
829 1142
829 2346
829 741
1142 357
1142 1129
601 2038
601 2187
2038 49
466 2283
466 233
1812 2336
2336 1998
2594 2022
2380 1206
2380 46
1572 2763
1572 2305
2763 1688
2763 1986
497 1837
497 623
1837 2494
1323 2553
1323 2435
2553 329
2553 278
2438 2463
117 304
117 1261
304 1842
304 2077
2467 1120
1020 661
1692 2419
1692 1546
1692 582
2419 320
2419 766
1313 2667
1313 561
1766 1847
1766 1066
1766 448
1847 2011
441 2350
2350 2524
2350 1174
454 1237
454 243
454 1124
1237 1119
1211 1594
1211 2427
1594 2751
18 1838
18 1147
18 1328
1838 636
1838 379
2316 2399
2316 1250
2316 716
2399 119
2399 1753
1339 2008
1339 1741
2008 464
1301 378
1370 1923
1370 2517
1021 816
1021 2789
2229 36
2573 1800
2573 2610
1228 828
2087 119
1671 2783
1671 30
2783 1334
1990 2214
1990 1079
344 609
344 2744
1981 1620
1981 2214
1282 32
1167 2426
1167 2389
1167 355
2426 2495
2426 2411
1028 2002
1028 583
2002 2742
501 2234
561 1598
1207 2090
1207 1621
1207 261
2090 2353
407 423
407 833
478 2618
478 56
478 2129
2618 389
2618 687
298 647
298 605
778 1976
778 2255
1976 1741
1976 50
1409 1959
1409 285
1409 443
1959 918
1959 1395
1010 569
1010 1538
905 1788
1788 1229
1502 1431
175 1534
175 1415
1534 309
1534 1574
309 2231
309 268
1588 2064
1588 2146
737 2469
737 1129
737 1328
2469 1562
2469 605
1197 1816
1197 1697
1197 2305
1816 1340
1816 372
1307 2213
1307 216
1307 292
2213 1520
2213 341
204 1597
204 340
1597 1878
1597 2364
923 1284
923 761
1284 2068
269 1577
269 1899
269 680
1577 876
1577 2761
1969 2561
1969 341
2561 704
2561 1248
1177 1200
1177 1418
1200 527
1250 197
1250 1155
716 954
954 763
954 19
241 2647
241 116
241 1494
2647 1523
321 1773
321 395
321 1599
1773 2526
1773 1798
76 2085
76 655
76 391
2085 1469
2085 1559
1051 2781
1051 572
2781 1263
654 2062
654 2041
2062 336
1496 2457
1496 495
1496 1576
2457 1556
2457 2
484 1242
484 257
1242 2586
1367 2492
2492 1965
520 1424
520 1332
520 913
1424 444
1424 1991
1117 1414
1117 2363
1414 1437
1414 1551
600 1682
600 1309
600 1769
1682 1219
988 1553
504 1643
2234 1965
2234 289
675 2121
675 1155
2121 1736
2121 1730
510 1645
510 1706
1645 900
1645 1793
2468 2775
2468 2199
2775 2787
2775 388
580 2118
580 2241
1839 1129
1839 194
44 268
44 1920
44 1657
268 2054
696 162
696 1643
250 2752
250 2575
1621 1507
518 545
518 1636
101 1705
101 2470
101 125
1705 1829
1309 297
1309 947
429 753
429 1076
429 1002
753 259
753 2566
2080 2406
2080 1306
2406 106
2406 1210
763 1452
763 2558
1452 2651
1452 2148
890 1493
1493 2226
1493 850
78 266
78 2569
266 935
266 2117
1640 2628
1640 118
1640 2346
2628 2413
929 2387
929 286
929 219
2387 1298
2387 1164
1012 2650
2650 2584
460 2179
460 1599
2481 207
2481 1176
1259 2378
1259 68
1259 2320
2378 1285
606 687
606 2374
606 154
687 1831
1234 615
1234 1210
201 867
201 112
201 2039
616 880
616 2640
616 110
880 1097
1191 913
1191 661
837 2160
837 2081
837 1619
1203 2483
1203 811
2483 1482
245 973
245 1613
245 1739
537 1081
537 1656
537 822
1081 70
1081 149
85 1329
85 919
1329 1601
416 1423
416 2168
1935 2517
1935 1949
1935 1096
243 267
906 2790
906 1558
906 1840
2790 1507
2790 2035
2064 1846
2064 1873
2582 2773
2773 371
2773 1713
214 1495
313 1867
313 2223
313 2722
1867 686
1867 1991
833 850
833 525
1453 2550
1453 2694
145 333
145 969
333 1735
1231 2437
2437 1774
238 1119
835 1454
835 940
835 2143
1454 384
1454 2014
2444 1557
2444 2427
529 1756
529 1428
529 2671
1756 2053
2194 679
2308 2655
2308 305
2308 563
2655 2055
2589 2595
2589 1965
1441 2661
1441 346
2661 1188
1900 2043
1900 1790
2043 1170
2043 1025
817 1256
817 2237
817 330
1256 680
1256 158
565 626
565 1536
626 2140
626 435
24 2294
24 1768
24 602
2294 2672
1469 2555
1469 312
194 2345
1650 2542
1650 1085
2542 37
1255 2241
1255 1978
738 2131
738 2192
387 396
387 1413
396 1917
569 991
569 420
984 2192
984 2110
2192 1836
1331 641
1331 2365
1443 765
1936 159
1760 1775
1775 1332
1775 1114
1786 1913
1786 1100
1913 2274
1913 555
1571 2049
1571 2048
231 471
231 493
488 1058
488 2462
1058 1075
1058 1387
464 472
464 104
472 1722
472 82
1923 1495
1275 2749
1275 1032
1275 1720
2749 2513
2749 762
191 951
191 1559
191 1024
951 563
1921 1073
277 2680
277 2045
277 2016
2680 491
2680 776
413 458
413 1940
1644 2630
1518 1123
1518 717
969 1138
969 2086
1138 533
1138 2026
649 1238
2003 1076
2003 783
118 1079
1922 2315
1922 1891
970 2514
970 2361
1653 2225
2736 289
2736 915
422 2317
422 1506
2317 2320
2502 2422
2056 1868
2056 1116
2384 914
1185 1930
1185 706
1185 2083
1930 2223
1930 1835
295 2212
295 995
2212 506
2212 339
776 2256
2256 2525
2256 338
1170 851
1336 594
169 2630
169 740
169 2770
2630 82
2214 1451
63 105
63 538
63 166
105 2571
1617 2197
1617 1264
2197 1427
2513 2686
2513 496
856 2779
856 1833
856 1551
2779 2590
2779 1737
1358 1860
1358 2291
553 1299
553 1901
995 2181
481 2078
481 527
2078 70
2078 1989
312 1074
1074 1673
1074 2291
58 1078
1078 1289
1078 836
2462 883
14 1151
14 303
14 679
1151 1497
571 9
571 1540
621 2503
621 1504
1426 173
1366 2328
1366 2199
2328 1846
551 1193
2175 2646
2175 499
2175 2022
2646 2756
2646 1903
1422 1734
1422 511
1734 1638
1832 198
1832 1927
816 314
816 2581
901 2386
366 821
366 966
366 2182
821 1536
821 968
1672 2025
2025 1276
1276 2411
1276 27
370 2103
370 446
2103 2158
96 588
96 1558
96 382
588 927
588 2431
134 2766
134 1557
134 1769
306 1709
306 167
306 1515
1709 2083
256 1034
256 494
256 2730
1034 109
1626 1914
1626 1338
1914 2275
1914 751
337 2195
337 253
1618 1910
1618 627
1910 945
1910 1396
1035 706
2474 1907
1850 324
1398 2172
1398 125
2172 1607
414 1187
414 2715
1744 2171
2171 132
2171 1205
1312 1356
1312 2386
1538 1561
431 1416
431 223
431 1124
1416 1559
1416 1795
205 961
1399 683
1399 398
23 1887
1887 477
1887 1638
2433 1393
2433 2439
2555 283
930 2448
930 897
930 2453
707 2165
1127 2059
1127 251
1127 1592
2059 2020
527 2472
2472 633
1460 2497
1460 1371
1460 1629
2497 1315
618 2447
618 1342
22 2156
22 197
22 2782
2156 2780
1589 2498
1589 1612
1589 1679
2331 1379
1338 2507
1338 2372
2507 2793
2507 2706
2539 2612
2539 257
2539 1357
2612 368
2612 1785
1511 1532
1511 2671
1532 779
1532 2708
592 1741
592 2398
592 1114
2479 2597
2479 1654
2597 2000
597 968
597 1299
968 883
1045 219
1643 2648
870 2694
1396 1550
1396 1032
1550 2084
1550 971
939 1720
939 1095
939 1104
1720 1080
2456 2470
2456 1888
2456 1620
39 2333
395 1506
395 1407
1859 1985
1859 842
1985 467
111 1568
111 744
111 2586
1568 1926
1568 280
587 791
1615 2119
1615 2342
2119 2051
1789 2364
1789 2743
494 92
494 1567
1515 1851
2727 1351
2727 1638
647 631
636 1818
426 2332
426 563
439 881
439 2405
439 1737
881 2379
881 316
159 1501
159 2305
1501 1905
1351 297
650 2376
650 447
650 1523
2376 639
2376 206
768 1785
768 2692
2367 1546
2367 688
340 2042
340 1431
35 382
35 270
382 2245
88 1706
88 1365
88 1743
1706 167
1979 2388
1262 2116
1262 2731
1262 156
2116 1689
1941 2330
2792 8
2792 2215
2342 1631
95 698
95 903
698 1378
1736 1752
1736 1784
999 1221
82 350
350 2714
350 1679
267 1927
267 818
399 1109
399 2509
1109 1694
343 2377
343 1500
2377 380
2377 1512
1188 1455
508 607
508 1116
508 689
607 2583
607 2231
1953 459
2248 1369
2042 2637
2042 1659
586 1033
1311 2710
1311 1458
394 2795
394 2391
1172 2535
2499 711
2499 2521
1095 1665
1095 353
1986 2706
2731 2174
102 802
102 769
727 1032
727 346
727 2066
535 1356
535 2657
535 1220
1030 1688
1030 1634
2237 331
427 971
1393 2352
1393 648
455 2415
2415 2355
2415 2195
104 1434
104 2385
1434 1980
1134 1061
1476 1649
1476 2560
1649 2091
158 1899
1899 944
1482 2401
1482 734
700 2102
700 1009
2102 1302
2102 2014
1239 1593
1239 2255
1239 1939
1593 41
884 2677
884 710
884 2654
2677 730
2677 2144
301 1310
301 1895
1310 1315
1265 2634
1265 2796
2634 690
2634 1596
1187 98
1187 1121
1451 2495
1451 2480
2379 962
554 852
554 2794
852 1087
852 1606
1604 1041
1604 1612
1033 2066
1033 656
282 1296
282 1661
1296 2395
1296 1248
1722 814
446 2716
2716 2428
2716 799
1809 2239
1809 2527
1809 645
2239 2613
2239 389
2223 1901
1564 1883
1564 1909
1883 1072
2068 2319
2068 1731
2319 1423
2319 1456
1833 1616
1833 2546
1011 2610
1011 1009
689 2330
2330 1912
177 1624
177 1554
1624 2587
1104 2572
2572 810
538 849
766 1759
766 2745
1759 2000
1759 373
1600 2516
1600 2681
1600 641
2516 1735
2516 1031
613 1288
613 896
1288 2392
1288 673
1015 2500
1015 281
2500 348
2500 280
299 1915
299 458
299 1739
1915 2529
1634 2737
2737 2047
2737 2352
560 2728
560 1543
1159 1461
1159 2764
1461 390
336 2683
336 1065
2333 728
2333 903
1371 583
1371 1049
289 638
638 1566
638 411
265 955
265 2289
265 702
955 545
955 224
402 2536
2274 1614
2274 1027
1327 1539
1327 2083
1327 2602
1539 2159
1539 380
643 2484
643 2183
2484 1494
685 2072
2072 1522
1036 1512
1036 1524
1036 1340
1512 2687
1955 1526
1955 1819
2643 1874
2643 252
329 1665
1982 2144
1982 2049
2144 1574
1175 2344
1175 2358
1175 1665
2344 866
2193 1253
1595 2558
2558 397
1580 2658
1580 2098
1580 2683
2658 522
2658 1726
1031 1433
1031 1017
1433 1582
1433 285
12 2208
2208 32
1977 2065
1977 348
589 310
1221 2725
1221 2715
2725 470
2725 743
2417 2486
2417 1470
2486 723
2244 708
1521 2225
1521 2113
1332 2076
2133 877
2133 208
1178 1107
310 2719
310 2511
1471 443
1471 804
2071 2343
2071 378
2343 2670
790 2129
790 1831
790 473
318 46
681 2488
681 1068
681 741
2247 2494
1009 985
1161 2158
2158 206
702 292
458 1018
2509 2729
2509 1898
112 765
723 1258
723 305
842 2441
842 2182
162 168
322 2671
322 2347
1586 2301
1586 1840
2364 1317
1656 2289
1656 4
303 804
1435 1489
2728 1743
859 712
859 979
1076 784
956 573
956 963
977 2476
722 911
199 1108
199 2789
199 1025
1108 1729
1108 1408
2765 2053
2187 2675
2187 2348
2675 875
2675 77
1428 1911
1428 767
1536 2732
902 2055
902 55
902 1779
2055 146
1570 2563
1570 599
2563 2476
2563 582
106 2493
2493 767
2493 617
1205 2730
1205 2216
2730 1529
1025 2125
2125 379
2125 2200
383 2249
2249 1701
937 2026
736 1204
736 2024
736 2709
1204 935
1204 814
156 629
156 1616
629 894
629 2795
1075 1040
1075 2705
1663 1972
1663 2637
1972 332
1972 2307
150 2348
150 1721
793 2039
2086 391
2086 2057
100 1408
100 2403
100 2082
1408 385
2776 211
109 2396
109 1971
2396 962
2396 1189
2626 912
1150 2246
1150 227
1150 391
2246 2487
2246 2565
1849 1926
1849 836
1169 2526
81 1659
81 2095
81 122
1659 270
223 1483
223 1066
2035 355
290 2327
290 272
290 1546
2327 2051
1047 1223
1047 578
1681 2672
1681 952
966 2109
87 98
87 595
196 2665
2665 2196
2476 2298
2526 2391
1944 1999
1944 2697
1999 2719
1999 1909
599 1212
599 2028
1212 2030
1212 224
1065 1622
1622 1442
1622 843
275 2140
275 1529
2140 459
157 1602
157 2101
1415 2706
1415 2421
330 2341
2341 2535
2257 179
1375 2698
2632 2786
2632 1799
2632 110
2786 1916
1697 2182
1697 1694
1348 1956
1828 2174
1828 919
2174 27
1892 2604
1892 2189
1892 1299
2604 712
2625 572
2625 530
1566 174
679 164
1217 1382
1217 1652
1382 1689
1382 2443
47 2662
47 2722
47 421
2662 2355
2667 353
2667 1181
2514 2772
2514 2011
2772 1176
2772 1364
483 2581
1132 1280
1132 225
1280 664
2405 634
2405 1674
2324 2004
661 534
2404 1321
1224 278
1721 2205
2205 1967
491 1155
491 2485
259 2581
1939 2018
2018 799
2018 224
119 2454
769 1763
769 2095
1179 2755
1179 1324
2374 781
2374 2627
1973 2654
2654 1725
457 2036
1365 756
412 1842
412 2207
65 2693
65 2284
2693 744
1111 2449
1111 952
1871 909
1871 2166
70 1576
1576 1646
263 1891
1891 2552
213 2299
213 2666
2299 114
2299 947
1827 1504
1874 2393
180 810
180 278
660 2201
660 2390
660 1500
2201 347
2041 2354
1003 991
1003 822
706 2746
583 669
669 411
1404 2353
2353 176
2118 1608
227 516
615 1146
615 1875
1146 2525
1799 2532
2785 2710
1326 1652
1326 1278
1326 1417
1752 108
2091 2538
2091 516
2538 2651
2538 1794
1902 2751
1902 2631
595 1582
595 857
960 1793
1419 1889
552 792
552 731
2264 1196
2264 915
2534 2670
1895 2442
1895 2028
2590 772
1753 1776
1753 559
691 2309
691 2159
691 2028
2309 2109
2309 2601
2011 2549
1537 1099
536 958
1868 1776
348 1286
1688 1089
2010 170
51 2124
51 1695
1193 2183
1193 2023
526 1264
1978 2451
103 1506
2275 2745
2745 914
2648 2531
2648 1761
174 50
174 1286
522 2429
894 359
77 730
77 897
730 1344
1629 672
248 957
248 2020
248 1691
578 603
603 1229
603 1002
1596 467
2047 465
2047 1126
34 625
34 1729
34 851
625 2753
625 405
663 1730
663 619
255 1347
255 2219
255 251
1347 2720
1938 2687
1938 493
2687 1236
909 1238
405 1700
405 1946
1700 963
1700 2571
517 1761
517 1864
1761 885
388 1876
1876 286
1800 362
623 2362
623 2412
447 1090
828 1882
828 2505
1754 2722
1754 1446
1754 1072
2710 1184
244 1602
244 544
244 1497
373 2390
373 176
2390 1641
2159 1516
448 1168
1043 1601
1043 115
1427 1429
1427 1387
1429 1153
1429 164
406 168
406 1500
2024 726
89 123
89 1946
123 1184
2755 130
126 1230
1140 1372
1140 759
1140 2746
1372 2652
1372 37
2020 1462
1286 1400
1458 1813
678 1835
678 1235
1835 690
1046 2135
1561 2450
1561 2664
670 2505
670 2124
1164 774
1967 519
2349 2189
2349 932
792 2199
1120 1695
1901 1713
1368 2254
2254 655
2254 2564
1503 2070
1503 1802
2070 2279
2070 1557
2388 1235
1846 1215
1289 2168
1289 2016
1072 2127
708 1147
122 1509
1509 314
1509 2784
627 2723
627 225
608 1110
608 146
608 2293
1110 838
1110 2529
1567 3
2132 2771
2132 2656
2132 2023
2771 2570
2771 1089
1894 2076
1894 546
252 1642
1206 1330
1206 1395
1330 183
1251 453
857 996
857 32
996 1819
1091 1608
1091 639
1091 327
1608 1611
2682 875
2682 1222
55 2153
812 1784
812 1355
831 980
831 2265
980 2636
680 1184
1725 2439
1725 2794
2202 2313
2313 979
2313 1642
1611 342
1611 1405
423 550
423 1763
130 789
789 453
789 1278
759 1836
759 1905
2583 1119
2583 2421
1437 1729
233 2113
233 1553
1080 1924
357 645
2279 1856
843 477
342 2211
170 187
170 1998
187 1061
2494 2606
2606 2489
2606 1008
2473 2521
398 559
1201 630
1201 2077
359 2681
334 2546
334 300
334 1636
2546 480
1543 2389
1543 865
2389 2640
900 2250
900 1556
2015 2490
2015 1565
183 131
183 1270
2395 550
2518 2712
2712 546
609 1917
609 1115
962 1952
2536 2154
2536 1209
664 2051
2657 1063
2297 41
2297 2394
1830 2045
1126 2752
2752 1795
316 1980
316 2277
728 2721
877 1698
877 1492
378 1783
154 530
86 1783
86 372
1783 216
108 2277
421 1215
1904 477
1904 620
1556 542
467 1085
806 1062
806 634
806 774
1062 324
1062 415
1455 2635
2004 2445
2004 149
1524 1245
1524 1896
2226 2782
2226 470
605 1924
634 910
1189 2111
1189 827
2111 1253
2111 2225
2451 1962
2451 1345
1553 2653
2653 1625
1349 1691
1691 281
1875 2211
1875 918
384 885
1818 2425
1818 1689
2445 1851
2445 371
186 1209
186 1456
1209 548
1844 2721
2613 2403
2613 53
1554 2510
1554 2774
2510 1686
2440 389
1116 2307
331 548
2559 1241
2559 979
2355 1268
1991 258
1135 2130
1790 1819
1790 4
2250 2122
2250 743
818 1808
818 2161
1808 2757
297 1548
711 1385
604 1528
604 311
644 2409
644 1267
2409 1616
2409 2252
2 918
167 45
1395 2057
804 1514
656 1210
1514 2185
1514 3
2185 1344
2036 1948
1470 2524
1470 2362
2524 1407
1355 832
1355 1321
1949 2434
2006 840
712 2166
1795 2549
2549 415
411 1425
1425 1387
1357 796
92 1141
2595 2293
2595 1504
1889 307
1779 767
2130 2200
2521 1090
380 2392
1123 211
631 2601
631 1096
1233 2552
1233 1880
1233 2452
2552 1782
1061 2117
1508 2348
1508 84
251 362
362 1750
1661 1168
1661 400
1477 1122
892 1575
892 1522
216 1840
1540 2565
1540 53
2565 1099
2084 2082
684 49
684 445
64 1703
64 1848
1703 127
1703 1413
1174 2215
2215 2112
210 1166
210 1664
2098 237
2048 2742
2048 761
465 319
1698 1385
2532 272
1528 751
1669 2422
1669 1962
1669 2337
2422 1298
1735 1279
1625 1379
2181 9
1733 2443
1733 2139
1733 2723
2443 1651
2489 2413
927 2434
927 1115
189 2191
1694 1599
1473 2403
1473 2724
60 807
60 2718
807 1805
807 2007
1989 2139
1989 2574
2139 2216
2255 2756
1141 1268
1141 2385
1865 2531
2640 1898
993 1303
993 525
272 1856
577 1563
577 116
1563 2574
1563 883
1575 2261
2100 1878
2100 1334
1984 480
945 1147
1202 2560
2413 2709
2709 1926
506 2707
506 2298
2707 1584
2707 2652
292 1701
1701 320
704 2283
2135 655
2298 2778
1048 2767
1048 944
2767 2352
912 1168
283 385
1219 572
2058 2746
2058 2744
311 2191
2161 2231
2117 2423
2423 885
2423 2110
543 910
543 1848
910 2770
1157 2530
1157 376
2530 1400
2530 795
1176 2392
1027 1227
53 2282
1794 2592
1794 1403
2592 403
2592 1440
72 1144
72 1886
1144 1769
1888 1776
1888 1607
866 1413
403 347
403 840
166 779
166 2427
779 1130
545 1886
355 2372
2372 525
271 1270
271 987
2261 2167
971 1063
131 1278
841 2265
841 2358
2265 418
1860 2393
1860 2420
2122 361
2122 2110
4 1459
1302 221
2431 1911
456 473
456 963
456 932
473 2092
2753 1903
368 495
368 1632
2723 496
490 1814
490 1815
1814 2054
1814 1002
1236 1292
2385 2601
933 2465
933 920
1750 461
1750 758
2053 2485
2666 813
2586 1591
2277 2487
173 2228
2228 2167
2228 415
127 756
127 617
2756 379
1376 1619
1376 1369
286 1241
926 2394
926 2196
179 594
2681 1293
392 1405
392 341
392 1359
1405 1381
940 2720
619 2435
2435 1039
827 1492
2554 1547
114 2400
495 2602
308 2664
2696 2030
2696 2031
49 2026
324 1551
197 1298
544 397
471 1526
471 327
1526 1631
219 2347
876 2743
2743 84
372 1802
795 1851
795 1008
1798 865
1798 1896
1774 1057
865 2575
1324 534
2651 672
958 1122
307 1107
307 1614
1359 784
1359 2054
645 2442
1465 1952
1465 2300
1952 2216
1931 2276
1931 300
1931 2576
2276 948
991 1674
132 1664
132 920
1664 1483
1087 1897
2450 1655
2450 2280
1107 944
1878 1487
1743 1686
1220 2386
1306 928
1306 165
354 1862
354 435
1862 780
1862 1394
376 2146
639 838
519 1909
683 2031
683 125
1793 2398
1767 2267
2267 2778
2267 258
1547 1998
1547 836
919 2286
2286 2714
1335 437
347 2127
1125 1222
1125 1896
1222 1018
116 1686
581 740
581 573
2195 2412
784 2506
361 2143
2143 489
1614 2617
2694 1592
2094 511
2094 1897
332 760
332 1920
2774 2544
1344 80
2127 1507
1782 983
832 1940
832 1049
2109 2564
346 1089
672 2179
1632 1651
2219 2189
2219 1971
1292 2544
2398 1641
459 2134
2134 323
2381 2587
2381 1057
339 192
325 1574
2531 2764
2154 2207
1099 2759
2759 1369
2346 741
2400 2345
110 300
2362 2698
791 1946
791 1037
2636 2703
1516 1085
559 726
1886 430
1494 2750
1459 648
1459 2019
2708 781
1520 461
1520 1480
1041 323
1041 932
2358 2112
2030 2320
2485 1039
688 2096
1499 1303
2764 1017
208 1905
2446 760
1462 38
121 1227
2148 2167
2148 1601
1253 2480
2617 1815
164 772
305 211
690 2527
2527 68
1739 2778
2023 2702
2702 2101
785 1489
785 797
1446 1813
911 1657
1181 2718
2077 1293
2449 1379
1880 1440
1321 493
756 1583
1583 2354
602 2019
602 920
1240 2455
2455 1898
2455 2683
390 2569
2637 2718
546 2724
531 948
531 36
1442 1412
1856 435
320 2570
338 489
338 2157
1417 1714
1714 1124
264 80
2714 1241
783 2300
1903 1226
1940 1230
760 710
1450 2627
1877 1707
1877 254
726 1815
1654 1695
1873 1565
1942 2429
1942 633
2429 2566
254 2664
2463 237
1342 1646
1646 1235
2307 1971
2211 1024
673 2166
673 445
1102 2200
1802 582
2124 620
632 2780
632 1238
3 1283
2452 2092
758 1897
2016 1283
2293 2300
555 2157
555 165
2439 1261
1024 2478
1068 838
46 2543
2543 2365
2543 2207
2012 2365
2012 1647
1607 1267
80 1497
1651 2796
2112 2280
2014 1715
1364 1394
1364 2420
985 751
2196 2732
258 261
221 1912
499 1655
499 1945
1655 1523
1381 550
323 2252
445 2793
782 2370
1121 2101
1315 430
1480 2697
192 1196
1679 1639
430 1261
509 2480
1279 811
1341 2750
496 1907
1268 1440
983 1948
1403 1487
2566 2732
1715 165
146 2153
1541 1101
1022 1683
1683 2153
45 2095
2191 2576
36 400
