300 450
15 30
15 104
15 206
30 203
30 286
56 138
56 264
56 143
138 10
138 57
136 158
136 99
136 142
158 116
158 192
1 113
1 228
1 268
113 261
113 214
36 80
36 186
36 254
80 241
80 119
144 269
144 0
144 102
269 234
269 263
53 169
53 40
53 29
169 194
169 11
3 150
3 59
3 155
150 272
150 74
99 255
99 8
221 256
221 34
221 74
256 298
256 275
35 227
35 157
35 33
227 226
227 42
142 210
142 79
210 297
210 167
49 238
49 2
49 105
238 48
238 176
22 284
22 148
22 177
284 123
284 257
0 254
0 276
65 273
65 193
65 81
273 8
273 246
226 133
226 166
140 294
140 117
140 165
294 223
294 62
117 60
117 55
129 132
129 279
129 213
132 243
132 288
209 250
209 236
209 87
250 166
250 161
148 154
148 48
154 12
154 235
191 223
191 176
191 27
223 182
4 253
4 211
4 47
253 211
253 214
162 183
162 217
162 216
183 93
183 137
139 279
139 268
139 37
279 160
202 237
202 20
202 5
237 240
237 45
124 156
124 127
124 32
156 122
156 173
19 219
19 84
19 244
219 118
219 264
247 263
247 33
247 159
263 285
181 290
181 91
181 100
290 153
290 69
122 213
122 101
213 52
20 178
20 199
236 46
236 234
77 107
77 91
77 280
107 172
107 43
103 245
103 32
103 70
245 288
245 16
78 161
78 262
78 205
161 254
84 239
84 45
34 231
34 95
231 185
231 105
70 175
70 7
175 60
175 121
10 291
10 195
291 195
291 208
2 230
2 177
40 152
40 266
152 205
152 94
69 197
69 222
197 57
197 25
37 281
37 13
281 71
281 93
121 262
121 31
262 46
108 143
108 220
108 164
143 184
105 165
165 289
288 39
18 96
18 248
18 102
96 86
96 109
43 198
43 24
198 62
198 270
194 97
194 116
205 215
215 246
215 216
127 277
127 257
277 172
277 64
118 246
118 267
234 115
23 67
23 201
23 287
67 149
67 260
186 110
186 220
54 82
54 180
54 66
82 17
82 196
46 243
120 274
120 12
120 110
274 260
274 9
187 193
187 38
187 79
193 59
86 299
86 289
299 217
299 185
50 224
50 232
50 31
224 32
224 76
62 11
57 92
92 160
92 270
7 91
7 192
123 95
123 66
104 59
104 211
52 242
52 258
242 13
242 172
87 85
87 155
257 111
33 68
135 276
135 298
135 189
276 163
297 16
297 163
149 296
149 134
296 6
296 66
116 119
119 157
26 216
26 71
26 178
176 179
179 133
179 167
243 141
72 112
72 159
72 160
112 265
112 239
95 298
16 285
133 58
248 171
248 147
178 130
180 44
180 275
38 83
38 208
83 168
83 177
166 188
157 9
98 106
98 81
98 267
106 6
106 131
201 48
201 14
159 51
268 60
185 88
265 102
265 29
131 278
131 146
278 97
278 190
167 61
76 171
76 85
171 228
93 251
251 244
251 206
134 249
134 229
170 233
170 200
170 283
233 61
233 153
115 126
115 266
126 147
126 146
252 271
252 282
252 207
271 292
271 286
208 295
206 47
203 214
203 204
71 109
260 89
285 73
55 255
55 232
255 229
75 188
75 125
75 200
188 109
229 100
217 101
270 292
292 41
73 272
73 63
272 207
230 63
230 258
207 232
39 125
39 249
31 293
293 228
293 68
47 101
192 212
190 295
190 173
295 68
110 130
196 235
196 182
235 125
12 21
24 128
24 89
128 155
128 239
200 195
164 287
164 89
287 85
74 241
241 64
14 199
14 286
199 189
6 58
88 261
88 21
261 174
61 41
174 184
174 204
184 151
90 212
90 147
90 8
212 28
114 151
114 266
114 163
151 240
137 153
137 280
240 27
189 79
220 28
25 51
25 259
51 204
168 29
168 111
111 283
81 225
225 130
225 222
17 97
17 218
63 259
41 141
182 258
244 58
218 145
218 280
27 42
44 282
44 249
141 145
145 100
5 94
5 13
259 267
94 282
283 289
173 21
222 146
9 64
42 45
264 275
11 28
