2600 3900
2226 2262
2226 1904
2226 2170
2262 1926
2262 2598
2505 2580
2505 1235
2505 786
2580 2255
2580 738
1595 2279
1595 1039
1595 2597
2279 944
2279 139
870 2103
870 1872
870 2198
2103 2134
2103 574
1037 1048
1037 706
1037 2277
1048 1318
1048 1268
920 2369
920 1178
920 2562
2369 2297
2369 1946
141 502
141 640
141 256
502 1399
502 1825
530 2300
530 1299
530 2138
2300 1289
2300 973
899 2246
899 391
899 2400
2246 349
2246 2476
603 1201
603 362
603 2127
1201 2470
1201 1221
1187 2304
1187 2332
1187 300
2304 202
2304 2325
1885 2197
1885 1501
1885 725
2197 324
2197 203
800 1895
800 14
800 831
1895 1779
1895 832
1848 2315
1848 27
1848 2453
2315 74
2315 608
373 1153
373 1677
373 897
1153 126
1153 2461
874 2338
874 1143
874 2047
2338 601
2338 2049
922 2006
922 1622
922 2378
2006 169
2006 830
1791 2455
1791 264
1791 304
2455 490
2455 915
384 2102
384 494
384 2532
2102 2101
2102 1261
279 1262
279 573
279 2237
1262 1886
1262 2546
487 2194
487 2021
487 579
2194 2491
2194 2018
1299 1355
1299 1005
1355 1199
1355 1146
358 472
358 412
358 767
472 687
472 45
1889 2352
1889 1254
1889 823
2352 774
2352 546
287 857
287 1375
287 716
857 1361
857 314
66 709
66 1231
66 1410
709 2320
709 2293
234 1376
234 1330
234 273
1376 970
1376 2351
793 1074
793 2321
793 61
1074 1316
1074 1729
1178 2563
1178 845
1607 1965
1607 1871
1607 956
1965 2565
1965 1468
106 1419
106 2227
106 705
1419 1388
1419 2071
1107 1270
1107 2431
1107 967
1270 2035
1270 1918
498 1040
498 2512
498 252
1040 788
1040 298
2360 2468
2360 930
2360 2186
2468 528
2468 2365
1129 1517
1129 2521
1129 744
1517 1261
1517 548
179 1934
179 2093
179 1811
1934 1592
1934 282
90 2234
90 1963
90 291
2234 2466
2234 251
1354 1635
1354 2236
1354 1709
1635 707
1635 2136
1249 2522
1249 1526
1249 1673
2522 2386
2522 485
114 376
114 802
114 828
376 1449
376 2124
726 1169
726 435
726 2593
1169 2081
1169 544
558 798
558 2566
558 2028
798 2561
798 1671
1492 1605
1492 2575
1492 1663
1605 2344
1605 1269
1312 2312
1312 1890
1312 95
2312 1802
2312 2055
697 2045
697 2244
697 669
2045 1132
2045 702
478 509
478 1263
478 37
509 2125
509 939
1534 2096
1534 205
1534 943
2096 1795
2096 1982
465 1622
465 2201
465 84
1622 2172
1550 1695
1550 2503
1550 446
1695 1066
1695 773
216 1183
216 1045
216 1776
1183 981
1183 946
60 1344
60 46
60 1528
1344 1211
1344 1958
1359 2509
1359 1619
1359 1658
2509 2563
2509 1494
368 1088
368 1498
368 2276
1088 825
1088 2501
879 1792
879 1450
879 815
1792 1752
1792 686
756 2216
756 1943
756 257
2216 1687
2216 1273
648 956
648 1994
648 312
956 2599
259 2313
259 1981
259 419
2313 1119
2313 1465
1504 1701
1504 1573
1504 2392
1701 2223
1701 1459
727 2418
727 915
727 2495
2418 2187
2418 1141
283 455
283 1329
283 892
455 2547
455 377
2020 2520
2020 476
2020 1317
2520 1919
2520 2432
698 1308
698 1519
698 2015
1308 1516
1308 1189
424 1068
424 2342
424 1805
1068 580
1068 902
1913 1985
1913 335
1913 675
1985 817
1985 1625
1166 1296
1166 533
1166 2350
1296 2157
1296 1910
41 1861
41 1311
41 1673
1861 91
1861 1599
37 250
37 301
250 191
250 421
508 2379
508 1483
508 1175
2379 2284
2379 622
658 2583
658 1845
658 122
2583 2174
2583 522
1923 1949
1923 1664
1923 1646
1949 1891
1949 572
439 1233
439 2294
439 2273
1233 1428
1233 2456
109 2490
109 1425
109 126
2490 351
2490 1731
1820 2351
1820 1231
1820 2249
2351 210
305 1907
305 2228
305 2309
1907 65
1907 1615
198 612
198 2292
198 563
612 942
612 938
1076 1933
1076 340
1076 1413
1933 2558
1933 35
973 2186
973 341
2186 2073
678 2152
678 191
678 554
2152 1900
2152 1223
1339 2572
1339 263
1339 2048
2572 640
2572 1832
1159 1293
1159 518
1159 748
1293 1224
1293 1704
842 1357
842 1478
842 863
1357 1808
1357 862
491 605
491 2461
491 2240
605 2204
605 1044
400 2144
400 2409
400 137
2144 2558
2144 1566
2204 240
2204 2168
1547 1783
1547 1334
1547 2361
1783 2531
1783 1995
1592 1034
1592 1918
2409 639
2409 2508
1697 2136
1697 10
1697 591
2136 2515
1272 1435
1272 2131
1272 131
1435 2475
1435 544
749 2068
749 1010
749 452
2068 859
2068 2203
416 547
416 1982
416 2110
547 81
547 536
383 2356
383 421
383 1569
2356 1821
2356 277
1175 1273
1175 178
1273 79
1633 2237
1633 177
1633 2270
2237 2250
1318 959
1318 1987
68 129
68 1740
68 2243
129 569
129 1407
128 2395
128 34
128 43
2395 292
2395 7
1330 480
1330 69
2227 1883
2227 1306
1553 1570
1553 884
1553 2401
1570 529
1570 1511
810 2429
810 2421
810 488
2429 145
2429 1740
1904 2322
1904 159
2322 168
2322 22
360 1289
360 2058
360 2511
1289 550
845 1892
845 2014
1892 1399
1892 1463
1011 2190
1011 633
1011 2252
2190 19
2190 2540
1478 2385
1478 2430
553 1375
553 194
553 2099
1375 1226
167 931
167 688
167 2530
931 1384
931 2210
1538 1590
1538 1407
1538 1326
1590 1539
1590 1472
1022 1445
1022 2017
1022 2550
1445 342
1445 1094
1793 2454
1793 145
1793 2221
2454 244
2454 719
248 1084
248 1926
248 1415
1084 1477
1084 1682
2032 2327
2032 2540
2032 1872
2327 2587
2327 1062
436 1958
436 2510
436 2333
1958 2316
1432 2219
1432 1243
1432 841
2219 2085
2219 2253
1284 1301
1284 2205
1284 2291
1301 190
1301 2277
230 2384
230 1055
230 496
2384 1700
2384 150
440 1928
440 524
440 733
1928 1742
1928 2388
32 1874
32 1903
32 1168
1874 780
1874 2199
1231 2477
2268 2311
2268 451
2268 273
2311 2441
2311 589
529 2451
529 2287
2451 2002
2451 1142
104 2424
104 1016
104 2252
2424 1244
2424 1170
861 1612
861 1039
861 2458
1612 449
1612 1457
432 532
432 364
432 1545
532 2206
532 1865
1700 1768
1700 1329
718 746
718 1833
718 161
746 1235
746 1733
111 742
111 1341
111 1023
742 1255
742 16
2362 2503
2362 1420
2362 1866
2503 191
271 1109
271 1332
271 971
1109 1138
1109 686
401 581
401 560
401 2411
581 1023
581 2437
65 2229
65 990
706 700
706 695
1477 1019
1477 308
1384 1589
1384 2354
937 1049
937 57
937 1154
1049 1909
1049 683
390 1554
390 2243
390 418
1554 1043
1554 1460
843 1945
843 475
843 740
1945 1995
1945 2258
1819 2340
1819 637
1819 1369
2340 2043
2340 673
99 1527
99 1077
99 786
1527 562
1527 481
107 448
107 2109
107 172
448 903
448 1194
1752 2525
1752 1305
1172 1217
1172 1579
1172 2010
1217 413
1217 600
2319 2397
2319 1127
2319 2560
2397 548
2397 1560
1779 831
1779 660
875 1488
875 1524
875 522
1488 1637
1488 1642
1165 1852
1165 181
1165 1870
1852 2089
1852 49
69 192
69 1526
192 1794
192 398
262 1261
262 1309
262 2371
1041 1291
1041 753
1041 1544
1291 1443
1291 2497
325 2104
325 1675
325 1392
2104 1259
2104 1886
1719 1880
1719 1586
1719 475
1880 1563
1880 801
1615 2317
1615 2355
2317 1219
2317 155
1219 2126
1219 1521
826 1748
826 959
826 1732
1748 672
1748 1168
1524 2256
1524 2049
73 836
73 1569
73 535
836 2055
836 1877
777 809
777 715
777 2316
809 1505
809 1557
964 1947
964 236
964 2517
1947 912
1947 2407
1484 2242
1484 1883
1484 2394
2242 2155
2242 2367
893 2561
893 1279
893 1677
2561 1940
691 1523
691 426
691 353
1523 2167
1523 1762
1335 2528
1335 2593
1335 2466
2528 228
2528 737
729 1815
729 1468
729 152
1815 2019
1815 2301
2113 2450
2113 169
2113 1867
2450 824
2450 736
227 256
227 1418
227 1816
256 2361
631 2332
631 1353
631 1135
2332 2467
1205 1744
1205 1469
1205 2236
1744 64
1744 1706
59 1203
59 989
59 2533
1203 74
1203 1226
1336 1855
1336 1746
1336 2544
1855 2363
1855 1237
1434 2390
1434 163
1434 802
2390 1653
2390 1626
1341 2199
1341 1759
2199 978
935 1511
935 2463
935 644
1511 2491
220 891
220 883
220 1822
891 955
891 1200
196 2111
196 1427
196 977
2111 2481
2111 1558
1138 1185
1138 350
1424 2233
1424 714
1424 1338
2233 960
2233 1370
1380 2535
1380 572
1380 134
2535 427
2535 2094
1222 2098
1222 597
1222 1409
2098 1001
2098 3
1397 1950
1397 872
1397 1774
1950 3
1950 242
18 347
18 2339
18 2485
347 1240
347 1046
85 666
85 1190
85 838
666 750
666 2595
1702 2177
1702 2018
1702 397
2177 2120
2177 1931
1751 1953
1751 138
1751 1994
1953 1763
1953 1367
741 1007
741 607
741 466
1007 2156
1007 2122
653 1123
653 2040
653 1331
1123 1448
1123 1618
677 2420
677 1782
677 1257
2420 1969
2420 2078
273 2118
925 2405
925 820
925 1966
2405 2411
2405 437
82 1716
82 2293
82 720
1716 2545
1716 1194
2558 142
774 762
774 346
657 1916
657 348
657 354
1916 1323
1916 2183
46 1799
46 642
1799 587
1799 1091
1087 1500
1087 575
1087 374
1500 255
1500 980
1463 2425
1463 235
2425 673
2425 2200
864 1608
864 1323
864 1033
1608 966
1608 567
162 1565
162 1549
162 866
1565 2461
1565 2095
214 443
214 1283
214 44
443 1745
443 1302
1327 1747
1327 2594
1327 2482
1747 2574
1747 1531
449 1100
449 2129
1100 1285
1100 2391
834 911
834 2547
834 2100
911 2238
911 1047
340 1193
340 329
1193 955
1193 805
19 2439
19 963
806 849
806 45
806 2391
849 36
849 2228
255 1964
255 258
260 675
260 1056
260 2214
675 2083
396 456
396 2383
396 905
456 1521
456 2030
1311 1228
1311 623
695 752
695 23
752 1264
752 1666
1006 1139
1006 1031
1006 1807
1139 2124
1139 515
363 2085
363 425
363 1363
2085 681
2563 652
757 1975
757 561
757 2181
1975 1574
1975 2347
2521 1970
2521 1496
1689 1955
1689 1117
1689 1358
1955 1134
1955 56
195 2537
195 1883
195 1804
2537 1410
2537 2178
1610 2565
1610 869
1610 1693
2565 883
485 1818
485 468
1818 1561
1818 2446
2091 2380
2091 923
2091 1073
2380 912
2380 213
53 2044
53 1643
53 1345
2044 1207
2044 200
246 1127
246 2375
246 2203
1127 2329
454 927
454 2500
454 395
927 979
927 442
2002 1156
2002 89
1694 2335
1694 593
1694 209
2335 2577
2335 2123
645 2593
645 2408
645 724
812 2441
812 823
812 2028
2441 790
627 855
627 1396
627 2182
855 263
855 503
231 2050
231 574
231 1431
2050 397
2050 297
2383 642
2383 1379
584 1122
584 1174
584 1849
1122 515
1122 1156
1264 207
1264 2224
662 696
662 636
662 1754
696 2412
696 655
1031 108
1031 1902
567 724
567 1450
724 1417
219 1438
219 1638
219 71
1438 1440
1438 1809
480 1306
480 2464
1469 551
1469 2376
1603 1924
1603 1937
1603 2029
1924 972
1924 1911
1216 1398
1216 1244
1216 993
1398 2514
1398 1858
510 684
510 1322
510 1256
684 1351
684 2578
45 764
764 1925
764 1816
47 1182
47 902
47 285
1182 2536
1182 1283
1505 2303
1505 2247
504 1952
504 689
504 1572
1952 2011
1952 590
704 1223
704 1381
704 2036
1223 2095
1665 1984
1665 1721
1665 933
1984 2008
1984 78
1269 1755
1269 1915
1755 1817
1755 1725
1427 745
1427 1556
2336 2597
2336 1479
2336 2078
2597 1240
1077 2079
1077 1681
2079 1015
2079 629
182 1263
182 565
182 173
1263 188
679 2069
679 331
679 1581
2069 1491
2069 1966
894 2372
894 12
894 1798
2372 1679
2372 700
1 2154
1 1648
1 2433
2154 2196
2154 517
138 913
138 1348
1900 1778
1900 676
556 2264
556 303
556 1718
2264 2345
2264 1019
1769 2486
1769 2366
1769 1029
2486 357
2486 2544
171 1519
171 1796
171 1759
1519 2287
1650 1977
1650 1757
1650 766
1977 2398
1977 1772
207 947
207 811
947 290
947 1859
459 1248
459 1790
459 2498
1248 1986
1248 1914
348 1641
348 1644
422 692
422 1626
422 954
692 1185
692 1765
1568 1678
1568 2172
1568 2392
1678 988
1678 1763
1101 2063
1101 1039
1101 2149
2063 2422
2063 2158
656 1304
656 796
656 1277
1304 722
1304 1653
1207 2081
1207 808
2081 1573
431 511
431 98
431 1015
511 1839
511 762
2172 887
847 2412
847 2436
847 1078
2412 1053
577 2551
577 1730
577 2339
2551 2329
2551 1992
122 1482
122 1073
1482 2087
1482 952
15 224
15 2595
15 464
224 1385
224 1983
43 1863
43 734
1863 1008
1863 265
79 474
79 2427
474 2232
474 2346
2244 386
2244 414
604 2016
604 2137
604 1121
2016 788
2016 527
57 1389
57 689
1389 88
1389 816
1629 2075
1629 1309
1629 1433
2075 257
2075 2054
5 2245
5 1727
5 2552
2245 2073
2245 1371
249 885
249 1322
249 352
885 1116
885 209
1586 2342
1586 1753
2342 2212
1542 1890
1542 986
1542 2431
1890 1761
1906 2432
1906 2571
1906 993
2432 1696
1019 77
1017 1696
1017 1864
1017 936
1696 199
561 1416
561 625
1416 892
1416 636
1285 1930
1285 2065
2105 2269
2105 690
2105 93
2269 934
2269 1454
712 1585
712 1960
712 194
1585 829
1585 1654
1119 2238
1119 876
2238 159
377 661
377 1699
661 514
661 1594
1070 2196
1070 2070
1070 2323
2196 2457
1236 2494
1236 1373
1236 1808
2494 338
2494 2487
372 2160
372 520
372 643
2160 215
2160 1134
1368 1481
1368 1602
1368 2003
1481 1688
1481 2133
71 771
71 1877
771 1490
771 1043
460 1864
460 2192
460 804
1864 1479
2137 316
2137 31
1026 2275
1026 2577
1026 86
2275 205
2275 2381
1065 1300
1065 880
1065 1340
1300 1509
1300 108
1083 1497
1083 2248
1083 797
1497 983
1497 562
316 687
316 636
687 637
1324 2463
1324 2387
1324 244
2463 265
564 1692
564 1057
564 2117
1692 1242
1692 987
998 1130
998 80
998 1563
1130 2433
1130 1218
959 1935
884 225
884 721
1194 2353
2353 2508
2353 1784
791 2228
791 1503
791 1090
1675 49
1675 78
1075 1758
1075 2005
1075 1303
1758 345
1758 56
133 1096
133 853
133 2479
1096 333
1096 1163
1259 2093
1259 680
117 1417
117 306
117 1271
1417 1921
1016 2346
1016 1331
2346 2464
1898 2060
1898 2329
1898 160
2060 1919
2060 957
624 1971
624 2310
624 2410
1971 2239
1971 2066
1602 1137
1602 1110
119 1835
119 2126
119 2107
1835 1993
1835 2393
1002 2039
1002 838
1002 80
2039 531
2039 1529
1604 2373
1604 1902
1604 1468
2373 1144
2373 1028
735 792
735 2479
735 70
792 999
792 172
2017 1525
2017 1191
699 1772
699 157
699 1458
1772 1506
730 2254
730 924
730 828
2254 30
2254 2358
258 2524
258 1651
2524 1939
2524 1061
100 2087
100 177
100 610
2087 1727
204 1421
204 1473
204 833
1421 215
1421 943
2363 2259
2363 949
1896 2401
1896 308
1896 1345
2401 1051
194 149
942 2024
942 583
2024 2148
2024 1167
1244 1140
986 2031
986 277
1064 1870
1064 1352
1064 1589
1870 2139
929 1825
929 13
929 201
1825 2181
639 940
639 144
940 2460
940 1831
1457 2210
1457 895
2210 1999
1790 2270
1790 1471
2270 2585
1762 2437
1762 816
2437 1574
310 2570
310 1116
310 1685
2570 1490
2570 398
1042 2376
1042 2278
1042 1161
2376 989
705 1722
705 72
2536 2257
2536 1515
1161 1659
1161 1224
1659 2320
1659 865
607 1136
607 1086
1136 1827
1136 199
1549 1655
1549 1920
1655 2467
1655 173
778 1512
778 521
778 1894
1512 1340
1512 1081
950 1475
950 2143
950 2047
1475 165
1475 1025
2213 2229
2213 789
2213 2389
2229 2289
112 1279
112 2010
112 880
1279 1644
489 2169
489 869
489 1737
2169 44
2169 2163
1920 555
1920 1499
617 1680
617 1255
617 2171
1680 2502
1680 970
541 1721
541 1071
541 17
1721 2071
331 2428
331 1901
87 2125
87 1734
87 1826
2125 1589
934 978
934 2482
978 951
585 1764
585 1180
585 907
1764 1690
1764 1057
1450 1230
788 649
1186 1724
1186 2043
1186 1909
1724 96
1724 1703
1946 2495
1946 997
2495 147
1868 1901
1868 1676
1868 437
1901 447
290 2224
290 1360
2224 765
1245 1630
1245 2480
1245 578
1630 27
1630 386
642 1996
378 467
378 462
378 1082
467 425
467 992
2257 2274
2257 328
1643 2048
1643 1382
2048 1303
332 1174
332 1718
332 2296
1174 1015
1520 1834
1520 208
1520 89
1834 1591
1834 303
765 1322
765 1912
429 1372
429 2385
429 1851
1372 12
1372 1560
362 1282
362 1167
1282 721
1282 536
417 989
417 2359
417 832
330 841
330 818
330 2067
841 2485
562 2130
2130 1817
2130 832
1821 1649
1821 2209
906 1711
906 1021
906 1333
1711 178
1711 1131
2577 320
1433 1722
1433 1891
1722 651
923 1471
923 394
1471 322
2427 300
2427 1558
2472 2582
2472 2231
2472 999
2582 1148
2582 136
200 2308
200 1379
2308 668
2308 302
1423 1937
1423 2092
1423 252
1937 1281
622 985
622 2286
985 294
985 2153
239 1067
239 1171
239 1647
1067 2573
1067 2396
483 1693
483 124
483 2562
1693 1839
105 615
105 1152
105 2001
615 2525
615 2097
700 1727
574 1105
1125 1196
1125 860
1125 1090
1196 2176
1196 994
327 807
327 1404
327 2421
807 8
807 1886
98 575
98 2554
575 1385
1227 1329
1227 506
1227 2040
155 966
155 890
966 2173
818 795
818 647
299 336
299 2507
299 1179
336 2151
336 2585
1571 1776
1571 1320
1571 871
1776 475
1557 1878
1557 297
1878 97
1878 267
913 1729
913 1600
351 1960
351 1775
1960 1844
183 1967
183 307
183 551
1967 2382
1967 101
2545 80
2545 2497
1363 2012
1363 1847
2012 2510
2012 1876
140 1367
140 2569
140 2142
1367 2320
433 2523
433 75
433 2207
2523 1974
2523 1237
1409 2015
1409 663
2015 1255
1667 2539
1667 1480
1667 382
2539 1684
2539 713
1098 2239
1098 166
1098 2097
2239 766
568 1256
568 1498
568 862
1256 288
1995 1199
435 328
435 1998
1370 1535
1370 1425
1535 1624
1535 1388
594 1802
594 35
594 247
1802 1069
242 2403
242 63
2403 418
2403 2198
2547 1430
1691 2344
1691 410
1691 1522
2344 2557
343 2077
343 1319
343 97
2077 1405
2077 1154
457 2062
457 2599
457 1795
2062 1055
2062 2121
278 1831
278 2265
278 1797
1831 876
1964 2557
1964 1961
30 477
30 2074
1473 663
1473 42
232 2209
232 1056
232 2128
2209 2072
12 50
2131 1837
2131 895
1241 2552
1241 2588
1241 1390
2552 125
688 137
688 2178
91 1008
91 711
1294 2564
1294 902
1294 1787
2564 2189
2564 1267
492 744
492 1735
492 1688
744 2082
1407 650
1823 2499
1823 1761
1823 846
2499 1108
2499 801
955 1786
1786 2377
1786 1290
515 2417
2417 134
2417 582
1869 2386
1869 94
1869 2240
2386 462
1562 2235
1562 2232
1562 1726
2235 2591
2235 1252
186 1195
186 1343
186 148
1195 427
1195 217
1063 1319
1063 1897
1063 1134
1319 2484
297 318
2530 116
2530 722
711 2328
711 2434
2328 2323
2328 1968
2407 2555
2407 780
2555 1449
2555 587
164 389
164 977
164 1112
389 2359
389 1157
1647 2458
1647 1151
2458 298
2011 48
2011 1458
393 2284
393 621
393 2290
2284 634
1190 1545
1190 2431
1545 566
781 968
781 2293
781 1860
968 1218
968 29
2255 2314
2255 243
2314 2489
2314 539
493 830
493 399
493 1406
830 759
1498 495
540 1579
540 655
540 2183
1579 596
686 1862
1862 829
1862 1621
2064 2337
2064 555
2064 926
2337 1932
2337 1149
75 1670
75 1743
2433 39
142 2030
142 339
2510 2283
1768 92
1768 676
132 2364
132 1875
132 1237
2364 1143
2364 1025
944 1587
944 1837
13 2184
13 2586
2184 2259
2184 1325
159 1188
2023 2192
2023 1347
2023 2285
2192 1366
1449 2175
213 1800
213 599
1800 593
1800 1732
1411 2159
1411 1801
1411 1034
2159 268
2159 1583
48 1238
48 596
1238 289
1238 685
267 2445
267 1150
2445 1989
2445 1745
945 1340
945 2581
945 518
94 2108
94 1582
2108 1210
2108 329
876 1506
1506 854
1936 2538
1936 113
1936 1652
2538 634
2538 1632
131 1759
131 1539
28 1525
28 72
28 1158
1525 2170
1526 1426
245 1114
245 2049
245 1809
1114 1225
1114 2074
867 1277
867 146
867 1342
1277 1162
1860 2399
1860 1957
2399 840
2399 773
2019 2430
2019 2119
900 2357
900 497
900 2034
2357 2215
2357 1515
74 962
168 1288
168 1754
468 523
468 1637
2382 1654
2382 1349
1092 1395
1092 2101
1092 1705
1395 1537
1395 2099
722 56
324 1657
324 1086
1191 1782
1191 671
1782 784
2470 2290
2470 1918
453 770
453 926
453 2076
770 2158
770 858
397 2038
2038 599
2038 371
486 538
486 1962
486 482
538 2283
538 2267
270 505
270 2140
270 1415
505 2396
505 733
181 1888
181 62
1888 2288
1888 2082
1745 1699
1646 2448
1646 1228
2448 1991
2448 1976
1230 747
1230 2139
2120 2367
2120 1346
2367 2531
1117 2343
1117 1794
320 2334
320 1515
859 2457
859 991
1925 2128
1925 1810
2128 1214
337 680
337 1578
337 1656
680 1402
2283 715
1323 1385
1867 2452
1867 1343
2452 2310
2452 2460
2134 1371
2134 1735
1391 2343
1391 626
1391 381
2343 570
225 2089
225 237
264 1104
264 846
1104 149
1104 1927
747 1338
747 89
1338 785
1283 1922
2005 2422
2005 1587
2422 1321
1199 1422
380 763
380 488
380 22
763 981
763 2475
178 789
837 2579
837 165
837 410
2579 1254
2579 355
88 2083
88 514
2083 1352
51 2573
51 2474
51 838
2573 2211
1371 2220
2220 2542
2220 86
501 909
501 1441
501 1448
909 2036
909 1641
1361 2042
1361 257
2101 180
1757 1546
1757 2052
1010 676
1010 974
235 2027
235 2484
1115 1333
1115 1690
1115 11
1333 1176
1642 1816
1642 519
801 1057
1287 2491
1287 1094
1287 1234
1970 725
1970 2477
1657 148
1657 1812
476 1884
476 827
1746 618
1746 2345
2170 2414
1254 1513
412 723
412 1756
723 2162
723 2174
1414 2568
1414 1911
1414 116
2568 2271
2568 135
1735 1803
2162 272
2162 2488
2189 1668
2189 1373
1021 2493
1021 158
2493 1466
2493 470
1682 1830
1682 2387
1830 2428
1830 1738
599 908
1403 2415
1403 309
1403 409
2415 2009
2415 534
663 496
462 907
1839 1858
1548 2504
1548 1170
1548 274
2504 143
2504 2526
477 995
477 1286
1443 2222
1443 1356
2222 703
2222 1981
805 919
805 2188
919 2133
919 2225
988 2208
988 886
1089 1581
1089 1452
1089 979
1581 1677
1024 1106
1024 302
1024 1829
1106 2457
1106 779
1331 1723
1081 1726
1081 175
1726 523
2387 858
796 1485
796 1425
295 2474
295 2575
295 2041
2474 2273
1147 1671
1147 514
1147 2506
1671 1072
1094 1944
1893 2278
1893 957
1893 1400
2278 253
2333 2014
2333 4
904 2438
904 345
904 1737
2438 833
2438 101
205 421
2073 1408
1118 2138
1118 1766
1118 322
2138 1382
673 898
951 2247
951 1305
1029 1306
1029 1286
2208 1406
2208 481
147 534
147 2549
685 1353
685 2205
1353 406
1982 2307
488 175
690 1242
690 123
1472 2406
1472 102
2406 1686
2406 55
1162 334
1162 1382
815 1053
815 713
1053 2106
1038 1656
1038 2475
1038 2034
1656 2541
758 2276
758 34
758 1798
2276 203
824 1763
824 1601
150 965
150 1105
965 833
965 601
387 2598
387 1962
387 180
2598 1670
593 649
520 2298
520 2302
1239 2549
1239 586
1239 1854
2549 1528
1485 177
1485 1872
72 1274
1274 415
1274 1929
172 983
983 1660
2480 1251
2480 799
335 1069
335 1028
308 1540
822 1214
822 1938
822 2324
1214 979
494 144
494 1348
2036 779
1943 1606
1943 878
2398 2571
2398 2330
2571 1378
1516 1221
1516 2370
23 860
23 355
860 1552
333 528
333 55
528 1258
932 1085
932 1365
932 405
1085 1580
1085 385
907 873
1561 839
1561 1628
1487 2543
1487 551
1487 952
2543 1915
2543 961
952 2348
2348 452
2348 1845
1455 2065
1455 1749
1455 828
2065 539
1242 1578
853 405
853 610
1673 2416
1066 1260
1066 391
1393 2090
1393 999
1393 1539
2090 872
2090 2164
2542 115
2542 2095
2157 1307
2157 1743
452 513
1976 2590
1976 531
2590 294
2590 70
591 1996
591 2149
1996 754
1154 1844
1844 2306
1448 1813
1004 1756
1004 1998
1004 716
1756 521
323 1278
323 2150
323 1461
1278 450
1278 536
882 976
882 2258
882 20
976 2179
976 1912
560 878
560 2147
93 2393
93 2540
2393 254
263 1013
1271 1462
1271 1628
1462 1460
1462 1999
76 1666
76 1458
76 126
1666 1606
1817 329
637 669
571 2548
571 996
571 1208
2548 350
2548 102
27 1577
1551 2419
1551 2588
1551 728
2419 1486
2419 217
202 2156
202 2175
2156 2585
2557 1266
2421 1321
50 2553
50 229
2553 620
2553 1989
1086 2325
2325 2140
2595 2009
180 1845
1684 1986
1684 354
1796 854
1796 197
1664 1332
1664 813
425 469
92 54
92 1567
1405 918
1405 1365
284 1938
284 1564
284 411
1938 660
1349 2033
1349 2481
2033 2331
2033 1265
683 1418
683 1611
1418 2456
2467 1846
737 2292
737 1712
2292 1113
739 941
739 1856
739 743
941 1202
941 2082
1986 1718
890 1714
890 795
1148 1634
1148 862
1634 1152
1634 1636
2290 1342
1240 2261
506 1328
506 481
1998 821
546 647
546 1499
355 2492
2492 1941
2492 1983
1773 1951
1773 819
1773 1881
1951 470
1951 103
880 1009
1507 1572
1507 2391
1507 2426
1572 392
282 2013
282 244
2013 135
2013 1989
708 1447
708 2366
708 1518
1447 2217
1447 222
1877 2566
2566 1095
2575 2447
1969 719
1969 507
898 1873
898 625
1873 2054
1873 398
293 710
293 2027
293 1532
710 2051
710 55
1142 2462
1142 61
2462 1555
2462 896
495 665
495 635
665 2161
665 2440
821 1470
821 1290
2368 2511
2368 2529
2368 1931
2511 2174
713 2056
2056 850
2056 750
2447 816
2447 844
1116 1584
868 1850
868 125
868 728
1850 315
1850 1784
921 1856
921 1229
921 802
1856 1832
548 1881
1307 2114
1307 1493
1470 2035
1470 289
2035 1310
755 2318
755 1097
755 2443
2318 790
2318 2465
2288 1025
2288 1052
21 144
21 451
21 1386
120 266
120 1014
120 151
266 123
266 717
2531 1305
602 2261
602 438
602 458
2261 534
319 2281
319 844
319 503
2281 2022
2281 1200
1352 1218
1204 1246
1204 1132
1204 118
1246 193
1246 2021
161 2518
161 908
2518 1232
2518 1780
62 1460
62 1662
8 210
8 728
210 888
1795 2252
1345 304
169 597
2067 1778
2067 1774
992 2266
992 1198
2266 269
2266 1378
2481 346
40 916
40 1501
40 268
916 1536
916 2586
1180 1828
1180 1213
1828 878
1828 1766
1052 1908
1052 458
1908 887
1908 616
626 445
626 1310
2532 1014
2532 139
229 2100
229 2370
2100 1328
1055 369
2167 291
2167 1184
2508 1897
1286 2500
1020 2449
1020 2534
1020 1961
2449 563
2449 1770
1143 1882
1882 413
1882 1929
2093 1360
1069 2527
2527 434
2527 381
1429 1750
1429 1808
1429 1921
1750 1954
1750 635
1753 2485
1753 1313
869 1163
2411 2191
63 877
63 960
877 903
877 2439
2358 1859
2358 1464
2359 1833
345 630
379 588
379 2596
379 184
588 1501
588 1508
1374 2574
1374 280
1374 1853
2574 1555
166 215
166 461
736 1005
736 185
1005 1168
928 2258
928 917
928 1315
703 1731
703 522
1731 1439
1014 1364
1364 1770
1364 1303
1624 2195
1624 190
2028 2051
2051 638
1314 2150
1314 1915
1314 760
2150 523
124 1111
124 1078
2247 281
579 2375
579 858
2375 1973
1859 2223
275 1326
275 1518
275 914
1326 247
2241 2280
2241 311
2241 1110
2280 165
2280 1606
2271 2286
2271 896
2479 825
1625 1639
1625 1676
1639 2302
1639 1987
521 1058
1058 1461
1058 222
582 659
582 1836
659 2188
659 1552
307 1623
307 2541
1623 1392
1623 103
95 1215
95 1265
1215 1980
1215 428
313 2377
313 2115
313 1733
2377 595
1251 1078
1251 1321
110 1343
110 1495
110 1618
1956 2003
1956 241
1956 353
2003 1383
634 1645
1645 786
1645 1422
2201 2365
2201 211
2365 1171
123 1054
143 2459
143 1672
2459 1875
2459 1725
1105 2309
1121 1732
1121 1614
1705 365
1705 1080
113 338
113 1730
338 2442
1000 1213
1000 1167
1000 1360
1213 1593
633 184
633 971
621 2496
621 2512
309 2119
309 682
2119 1157
1699 1030
1935 1849
1935 1580
2231 1348
2231 434
590 1978
590 760
980 1189
980 370
1150 1386
1150 1232
1386 1944
1362 1422
1362 1036
1362 160
1887 2061
1887 1489
1887 2515
2061 1552
2061 2070
2112 2408
2112 1686
2112 463
2408 1453
616 2355
616 1942
2355 611
2286 2248
908 1741
990 2453
990 2512
2453 783
930 2173
930 1415
2173 1044
938 1997
938 303
1997 1280
1997 629
1163 1441
1441 731
549 1807
549 1211
549 2031
1807 1765
2385 1080
1009 2478
1009 1072
1332 672
886 903
886 1876
1412 1544
1412 173
1412 118
1544 2402
1034 674
314 1530
314 1651
1111 1453
1111 814
535 1356
535 897
1356 1785
2484 745
2334 2
2334 441
1838 1917
1838 1145
1838 125
1917 2541
1917 2158
533 26
533 300
1670 2084
681 1824
681 1566
1824 1137
1824 1428
1740 1440
193 2260
193 910
403 827
403 2181
403 2047
827 415
667 2185
667 589
667 2596
2185 2106
2185 1208
206 1710
206 1968
206 2587
1710 840
1710 1846
518 2230
1350 2592
1350 1903
1350 1541
2592 2026
2592 1091
2248 717
1919 1060
342 444
342 527
444 1805
444 2193
1189 1297
2256 1188
2256 1991
341 1358
341 740
817 221
817 1627
987 1493
987 609
1493 1495
1897 321
1961 1102
2114 1404
2114 570
823 1981
1858 2195
1309 2109
901 2249
901 2371
901 889
2249 1559
1440 638
240 517
240 1942
517 228
717 1914
386 2148
2148 184
423 1392
423 799
423 701
33 569
33 1611
33 1954
569 1446
1232 2287
926 406
601 394
451 288
1577 2092
1577 1567
1679 795
1679 716
281 694
281 1911
977 2180
2175 2122
135 1788
367 1124
367 2502
367 995
1124 2326
1124 1043
1466 565
1466 1454
2097 1522
1243 674
1243 1988
437 694
694 2052
1290 2267
2267 1734
635 2444
596 1212
1212 782
1212 1990
1704 2321
1704 1843
2321 2272
975 1617
975 1674
975 391
1617 2529
1617 1102
995 1113
2149 526
759 563
759 395
1926 2282
116 2295
526 2285
526 2410
2285 374
326 799
326 1972
326 174
52 559
52 1636
52 1436
559 2289
559 2381
1185 671
354 1626
1146 1931
1146 714
732 2124
732 1767
732 301
2030 500
820 1128
820 2430
918 2251
918 222
2251 784
2251 797
1102 1843
1843 1046
835 1728
835 1698
835 2516
1728 2298
1728 543
306 969
306 1381
969 1767
969 1814
1072 597
936 993
936 865
97 209
1080 1266
1266 1598
26 2263
26 16
2263 609
2263 557
1491 1430
1491 2084
344 852
344 2576
344 121
852 1044
852 1632
1555 1974
1999 1879
2507 620
2507 2225
2260 430
2260 1866
1198 1258
1198 2331
1258 238
912 2273
1097 328
1097 566
924 1616
924 1717
1056 1192
1430 1637
413 2147
1268 1502
1268 2562
1502 1033
1502 2487
888 1140
888 58
1871 381
1871 1444
151 1476
151 274
1476 1598
1476 628
349 2135
349 1211
2135 1787
2135 608
272 2526
272 1990
2526 1840
963 2294
963 274
2294 542
2043 994
115 850
115 543
1632 1012
1226 1621
1621 1510
1342 1707
2053 2302
2053 1912
2053 1252
14 2001
14 1567
2001 1778
490 1027
490 1045
1027 1225
1027 1910
565 2469
2004 2037
2004 1640
2004 2506
2037 1930
2037 971
772 1536
772 1836
772 2147
1536 2026
2205 840
1387 1660
1387 2584
1387 139
1660 958
1628 2010
652 982
652 1811
982 524
982 464
2014 583
25 2132
25 1155
25 2434
2132 1200
2132 388
405 1599
1599 613
583 2465
1994 407
1390 2488
1390 1112
2488 228
67 557
67 871
67 2471
557 1197
1991 1733
1932 2133
1932 866
374 276
31 1537
31 1062
1537 2297
970 2487
1377 1651
1377 2074
1377 1298
190 775
1479 1365
2402 2471
2402 576
152 1683
152 1276
1683 996
1683 208
618 961
618 670
961 537
497 1003
497 2143
2031 586
392 1521
392 447
2071 160
54 2316
54 1921
539 61
261 1446
261 2265
261 550
1446 1743
0 130
0 2556
0 572
130 1742
130 212
1461 2076
268 442
503 2291
2291 570
650 185
650 1966
887 740
632 715
632 949
632 1841
294 1685
1210 1366
1210 797
1366 2214
1257 1298
1257 646
1298 2330
1805 2478
2478 1131
463 1437
463 910
1437 317
1437 2253
34 2469
370 1179
370 542
1777 2236
1777 2041
1777 2122
1396 1974
1396 2559
426 2309
426 1739
149 1865
1987 1404
2217 420
2217 811
2221 2514
2221 286
2514 2500
1503 2070
1503 1514
221 484
221 1436
484 1597
484 641
1508 2349
1508 1894
2349 466
2349 543
738 2022
738 682
2022 1533
2171 2513
2171 1576
2513 2253
2513 2116
1047 794
1047 592
640 1120
2117 2578
2117 2464
2578 1797
447 948
948 2559
948 1611
1648 1840
1648 156
1899 2584
1899 2145
1899 743
2584 1151
865 1173
2042 984
2042 516
35 598
1564 1638
1564 1420
751 1853
751 731
751 2123
1853 2106
1108 2026
1108 269
1373 1841
2330 1922
580 2301
580 848
428 525
428 731
525 1023
525 292
1347 1698
1347 84
1698 479
609 1929
1420 218
1297 2476
1297 70
2040 361
1927 2129
1927 365
2129 2200
2466 1401
1963 550
1963 2059
779 2594
671 1176
2366 1530
1717 2176
1717 479
2176 767
2345 1884
2436 1316
2436 2471
972 1713
972 81
1713 1135
1713 385
22 1295
960 1760
2596 356
145 1574
1170 1803
402 1676
402 1842
402 1060
1962 1687
1587 42
954 1780
954 1784
1780 226
554 1401
554 1584
1401 2544
442 702
702 108
655 2127
2127 1093
1402 2550
1402 1725
2550 1510
643 1857
643 83
1563 2396
866 176
910 1619
1452 644
1452 2191
748 469
748 1879
2021 646
595 1881
595 1292
420 1442
420 1546
1442 2206
1442 651
1453 11
409 646
409 1992
148 761
1576 1804
1576 1658
1804 311
411 2296
411 2191
2296 1540
1001 1781
1001 881
1909 714
441 598
441 2442
598 2094
750 2107
2107 1532
357 1358
357 2066
1849 2116
1320 2000
1320 1810
2000 1220
2000 552
1688 1669
608 1614
1614 201
2092 545
1707 1851
1707 957
1851 2546
846 2080
2080 614
2080 419
2089 881
638 1494
241 2086
241 1079
2086 2324
2086 1061
1131 1379
1225 315
1714 808
1714 253
1152 286
1028 1827
1827 2361
496 2232
896 1528
399 1032
399 1822
524 527
2326 9
2326 839
2 285
2 1559
1071 352
1071 1573
1580 6
312 1593
312 317
1593 1281
754 1709
754 933
1709 1781
1875 1315
121 2556
121 83
2556 863
102 1145
1145 410
614 2456
614 1247
2569 49
2569 1110
1181 2307
1181 1494
1181 1486
2307 1224
499 552
499 38
499 2057
552 1317
317 2303
2161 1033
2161 623
1495 1206
1597 1474
1597 212
1594 2072
1594 606
2072 2400
1685 2339
2428 787
625 470
2145 2211
2145 1588
2211 2078
153 939
153 118
153 17
939 369
1206 1209
1206 2576
1209 1141
1209 2404
1062 1806
1530 1531
176 2240
176 1720
430 2007
430 1591
2007 555
2007 174
44 766
1315 1310
1922 201
790 1813
958 1228
958 1736
1787 2477
1247 1596
1247 419
1596 1532
1596 427
933 1914
2301 1250
1616 361
1616 1979
1179 2469
1789 2180
1789 2591
1789 613
2180 482
2502 1681
981 2501
2501 2182
721 2483
1046 1847
469 1788
1566 592
154 2350
154 2206
154 654
2350 1126
211 1801
211 24
1801 1400
829 1113
519 2182
519 302
613 914
914 1050
513 2404
513 1803
2404 334
1903 2179
2179 1467
482 1891
753 1302
753 471
1302 218
1126 1813
1126 962
1480 2426
1480 2198
170 1741
170 1164
170 359
1741 1738
174 2305
2305 1099
2305 1720
854 2546
408 1160
408 1770
408 1560
1160 1954
1160 606
2426 1465
1842 2141
1842 606
2141 339
2141 863
243 471
243 1829
2323 991
1638 394
369 2057
592 1771
1771 1968
1771 1837
620 2165
1653 1091
1252 2046
2046 288
2046 915
146 438
146 1464
199 2142
450 1220
450 2299
2027 292
743 2207
382 734
382 187
734 236
630 1739
630 2088
1739 233
1619 2483
304 2088
1993 1902
1993 1112
2121 670
2121 2446
1132 1428
2303 2143
682 296
1490 1276
745 1543
644 1120
1120 2058
365 1833
446 78
446 1662
2529 2473
189 2153
189 2164
189 2378
2153 1775
545 2166
545 1155
2166 1879
2166 188
2188 321
531 163
280 1948
280 848
1836 668
1197 1454
1197 458
1569 610
1749 576
1749 356
1742 366
848 1394
1253 2374
1253 1794
1253 81
2374 1510
2374 782
1155 1140
1235 2354
1686 2498
1013 2163
1013 291
2163 946
415 1972
654 1556
654 2496
1556 203
1012 1035
1012 2567
1035 64
1035 407
1317 2165
2165 1959
1649 628
1649 768
1644 2489
1325 1351
1325 1575
1351 1281
1465 2414
2414 819
311 586
1030 2341
1030 1275
2591 187
2498 512
254 660
254 1814
1399 1729
1930 733
2324 1103
479 1598
984 1444
984 187
1444 693
175 693
2576 2295
39 1533
39 2054
996 1378
1788 1730
1582 2034
1582 1959
1439 1202
1439 2230
2489 212
2146 2496
2146 2151
2146 1513
1060 1234
2381 1059
1775 2589
2589 2265
2589 388
24 1529
24 1661
1099 1712
1099 1658
537 9
537 1840
237 1822
237 1781
438 1613
1766 1706
2331 850
64 1451
1451 2029
1451 2084
1942 1737
1032 953
1032 1036
223 2118
223 445
223 2306
2118 36
1095 1144
1095 851
1144 1334
1672 2059
1672 1988
2059 247
2559 1663
1811 2519
2519 1948
2519 768
101 1045
445 1865
1276 623
285 2554
1229 1708
1229 2341
1939 664
1939 775
1334 1910
1313 286
1313 1133
1533 127
156 2594
156 185
134 2560
1640 2465
1640 1687
794 1575
794 1806
1575 2139
36 2534
2534 1250
1944 619
831 500
1641 2277
2259 1948
856 997
856 542
856 1631
997 803
600 2203
600 619
1141 1668
1636 2126
789 96
163 2058
1708 1972
1708 664
238 2008
238 672
2008 1760
395 641
406 917
917 298
2123 1765
1151 2423
1177 1410
1177 1464
1177 127
1513 1408
38 664
38 1383
1137 1618
2554 1668
1876 1192
2483 352
2055 2218
787 1832
787 1738
208 1669
1669 1295
375 1846
375 2297
375 418
873 1156
873 356
1767 1760
464 1631
1631 769
1558 895
1061 1337
949 2442
350 2416
651 359
2295 318
277 2394
784 103
1663 1584
466 1267
1267 1093
2057 2115
2115 1394
233 2202
233 1720
471 1394
1406 693
1220 1171
1884 1797
1674 1496
1674 1431
670 1978
2223 889
512 2178
512 946
1003 962
1003 2423
1723 58
1723 1164
2298 2272
1690 2525
813 1388
813 1601
226 1857
226 1529
1857 803
587 2187
707 1978
707 2586
1841 1234
2588 2212
289 1128
2230 7
2282 315
2282 17
346 2388
2388 775
322 719
628 1054
1054 2533
2274 1973
2274 1346
2443 473
2443 1541
96 1703
871 1036
218 2116
414 1103
414 2581
1103 889
773 1715
1715 1346
1715 1531
1514 2207
1514 1905
2009 2243
2195 1905
1854 1983
1854 2289
385 1798
1483 2076
1483 507
669 2151
881 2416
674 1059
1265 366
589 1588
668 1980
42 1940
2446 1413
334 2142
776 1288
776 4
776 819
1288 2109
2212 2434
1712 1426
2371 1941
461 1600
461 1436
2041 1474
2200 1018
10 1381
10 1540
7 2099
1188 29
58 1613
2140 2214
1337 2155
1337 1814
2155 1957
649 851
851 1383
361 1609
1050 1280
1050 2440
1280 1489
844 1706
1093 2410
1260 1979
1260 2299
301 1613
892 2392
619 1973
296 1609
296 1369
808 2394
769 1661
769 2389
1661 1157
974 157
974 136
1959 2354
1992 2440
269 2506
77 1173
77 137
1173 2193
500 1149
2218 1979
2218 897
611 814
611 2460
814 2025
2066 1774
84 516
516 1826
388 1681
1051 2110
1051 943
2110 1467
127 1496
1275 1509
1275 2094
1509 1866
2560 188
1785 2370
1785 2215
1620 1894
1620 1499
1620 783
1812 1467
1812 2025
803 2168
321 2018
1250 2476
783 2187
1316 2183
136 804
804 2202
883 6
4 1295
1135 825
1941 2482
991 2378
967 2250
967 371
2250 1456
371 2341
1990 1400
20 197
20 2029
197 1158
1806 1734
573 434
573 2444
3 265
507 2599
276 1736
276 158
1736 1082
2310 404
1486 1588
2581 782
1591 1456
762 1192
767 2439
339 811
1847 2168
839 641
157 359
1008 1578
1133 1369
1133 578
1761 2515
1474 2193
253 1292
1292 1176
785 6
785 760
647 1489
1328 1459
1543 2413
1543 1158
2413 2435
2413 905
1522 1809
1073 1940
578 2347
780 1459
29 768
1559 2517
1128 2517
11 2567
2567 2444
1546 236
2306 566
2164 251
1456 689
1090 1905
1703 629
2052 366
1149 364
1164 1184
473 2423
473 761
2202 720
1988 1609
1184 2435
1583 2587
1583 2389
994 1627
1202 1408
318 2088
158 701
701 251
1662 1431
1518 1079
872 2533
252 1059
364 2272
576 1079
2347 2516
725 404
2516 1426
2215 720
1018 217
1018 16
2435 761
83 1810
86 1829
953 2497
953 2299
1754 2473
905 2025
2473 353
1652 404
1652 407
1208 1413
1627 1957
1600 2400
1221 1826
1082 1541
1980 2225
544 1601
9 1654
