2100 3150
196 1601
196 446
196 1726
1601 1173
1601 1575
722 1976
722 540
722 735
1976 1652
1976 577
255 375
255 1004
255 714
375 997
375 865
709 2006
709 1779
709 179
2006 361
2006 718
74 1495
74 1424
74 1715
1495 419
1495 1078
996 2099
996 261
996 385
2099 692
2099 1047
377 1267
377 396
377 1177
1267 620
1267 1348
660 2001
660 616
660 531
2001 1501
2001 540
73 218
73 1723
73 480
218 169
218 1336
455 1223
455 1269
455 720
1223 649
1223 1744
1711 2081
1711 1602
1711 979
2081 1262
2081 1266
190 394
190 1167
190 877
394 2088
394 1989
925 1666
925 346
925 2038
1666 1014
1666 1006
991 1840
991 1971
991 1013
1840 223
1840 1828
1620 1899
1620 2002
1620 160
1899 125
1899 142
1639 1912
1639 1106
1639 1603
1912 1886
1912 1594
1800 1866
1800 335
1800 549
1866 1827
1866 1008
1376 1947
1376 1520
1376 206
1947 1262
1947 1626
362 622
362 2071
362 1427
622 1437
622 1132
168 491
168 2057
168 2008
491 1744
491 2067
335 500
335 1519
314 545
314 1793
314 795
545 1826
545 38
509 1315
509 1085
509 1787
1315 25
1315 1012
649 1438
649 250
1438 792
1438 1407
104 592
104 191
104 1038
592 1496
592 1043
1191 1492
1191 584
1191 1182
1492 1352
1492 1938
1022 1720
1022 880
1022 279
1720 1130
1720 1005
640 1618
640 1109
640 633
1618 2044
1618 521
1167 1809
1167 753
1809 1834
1809 661
446 1302
446 397
470 1881
470 1753
470 822
1881 849
1881 988
1479 1550
1479 1836
1479 1740
1550 1481
1550 770
60 176
60 1777
60 2096
176 212
176 2057
384 911
384 1355
384 412
911 658
911 1175
1433 1556
1433 299
1433 163
1556 1641
1556 1941
1295 2080
1295 1602
1295 444
2080 1101
2080 291
1129 1553
1129 987
1129 587
1553 1512
1553 364
1007 1942
1007 2020
1007 1103
1942 1856
1942 63
356 812
356 2035
356 1027
812 1860
812 468
1603 1967
1603 1328
1967 209
1967 1145
620 80
620 1028
1195 1647
1195 755
1195 895
1647 1852
1647 151
71 945
71 399
71 93
945 484
945 324
608 1787
608 267
608 461
1787 909
280 301
280 1220
280 1797
301 1243
301 1822
254 1969
254 1851
254 1403
1969 484
1969 954
1676 1807
1676 764
1676 141
1807 2075
1807 1823
46 1940
46 666
46 1562
1940 1146
1940 1257
235 1461
235 999
235 386
1461 347
1461 1021
686 1068
686 904
686 699
1068 519
1068 904
1173 1066
1173 1654
338 1819
338 1427
338 1394
1819 1952
1819 1922
80 1273
80 1864
827 1458
827 1657
827 767
1458 742
1458 276
486 1982
486 95
486 1281
1982 1380
1982 349
321 603
321 1571
321 1128
603 667
603 723
1452 1775
1452 795
1452 1308
1775 1500
1775 433
1209 1788
1209 98
1209 917
1788 694
1788 583
1832 1916
1832 1614
1832 465
1916 1042
1916 508
939 1555
939 1996
939 405
1555 715
1555 566
465 1635
465 180
1635 30
1635 32
957 2097
957 986
957 1344
2097 2019
2097 1489
429 666
429 1493
429 1918
666 489
617 1769
617 53
617 1061
1769 136
1769 490
262 1392
262 1175
262 376
1392 1684
1392 348
296 1305
296 315
296 627
1305 934
1305 312
476 1501
476 58
476 1211
1501 485
1019 1520
1019 1821
1019 1372
1520 78
1346 1649
1346 1148
1346 533
1649 1318
1649 1067
566 1803
566 1628
1803 82
1803 562
1140 1401
1140 29
1140 13
1401 122
1401 97
1497 2047
1497 188
1497 821
2047 512
2047 1682
381 854
381 535
381 1083
854 1579
854 569
1491 1515
1491 1170
1491 1736
1515 944
1515 1754
822 1091
822 597
1091 289
1091 1763
695 1050
695 331
695 1365
1050 774
1050 518
155 1451
155 1279
155 1632
1451 926
1451 1174
47 1768
47 1028
47 22
1768 1060
1768 1782
1450 1742
1450 2084
1450 2055
1742 1352
1742 1814
537 1632
537 420
537 1434
1632 451
930 1972
930 1154
930 499
1972 1763
1972 1110
580 1185
580 447
580 1466
1185 54
1185 1805
774 1602
774 1074
605 1507
605 1342
605 288
1507 1164
1507 656
1142 1217
1142 567
1142 1166
1217 2079
1217 418
423 1201
423 1790
423 1696
1201 1338
1201 72
85 568
85 143
85 264
568 434
568 1949
124 1728
124 1170
124 554
1728 519
1728 226
101 921
101 257
101 1336
921 1049
921 810
1751 2084
1751 1323
1751 1471
2084 1681
810 1238
810 1849
1238 1683
1238 824
1154 432
1154 206
77 1387
77 850
77 1816
1387 920
1387 502
1144 1263
1144 1522
1144 1163
1263 1857
1263 1312
383 1430
383 1368
383 240
1430 1014
1430 1876
1030 1915
1030 759
1030 2093
1915 2093
1915 583
584 1269
584 550
1294 1616
1294 1508
1294 452
1616 415
1616 260
685 1243
685 291
685 524
1243 1568
1857 1766
1857 1328
261 915
261 327
915 331
915 528
1642 2033
1642 2016
1642 263
2033 1489
2033 432
1593 2028
1593 1361
1593 256
2028 103
2028 1042
222 1332
222 1622
222 272
1332 1355
1332 526
1588 1833
1588 1244
1588 553
1833 1979
1833 1411
39 1396
39 796
39 1260
1396 1325
1396 1151
1371 1655
1371 281
1371 1424
1655 1717
1655 1313
550 1957
550 643
1957 906
1957 437
1355 291
689 840
689 1985
689 1436
840 1494
840 804
1891 1956
1891 1738
1891 1689
1956 1292
1956 2046
1016 1872
1016 793
1016 2023
1872 1830
1872 823
1404 1868
1404 123
1404 3
1868 724
1868 1792
483 1229
483 2058
483 1508
1229 875
1229 1017
250 683
250 1378
336 1884
336 1415
336 1021
1884 1365
1884 787
1865 2083
1865 1964
1865 830
2083 1630
2083 1321
582 2025
582 1312
582 54
2025 1323
2025 118
317 559
317 1331
317 1444
559 736
559 1418
99 745
99 1841
99 1448
745 1796
745 1566
188 1467
188 1099
17 1844
17 710
17 2064
1844 820
1844 2087
885 1245
885 1932
885 1817
1245 1895
1245 199
13 1236
13 1476
1236 1630
1236 1531
183 744
183 870
183 729
744 1094
744 763
935 1511
935 1604
935 264
1511 1646
1511 1582
1165 1299
1165 1995
1165 40
1299 1950
1299 807
378 1328
378 1432
378 2092
1036 1334
1036 737
1036 1579
1334 2075
1334 133
1252 1712
1252 59
1252 523
1712 748
1712 359
251 1638
251 1557
251 343
1638 589
1638 1577
784 1198
784 1270
784 949
1198 0
1198 398
1489 978
319 869
319 2050
319 621
869 433
869 2036
209 1412
209 707
1412 1148
1412 1987
323 1397
323 132
323 2003
1397 1980
1397 541
1574 1848
1574 246
1574 738
1848 1366
1848 389
920 282
920 2061
1077 1716
1077 307
1077 1004
1716 1876
1716 1225
552 811
552 572
552 1755
811 809
811 546
913 2022
913 1200
913 1657
2022 76
2022 1943
100 1096
100 675
100 1846
1096 1963
1096 2029
436 1948
436 1653
436 89
1948 348
1948 1519
1 708
1 675
1 328
708 37
708 1544
564 1725
564 61
564 2043
1725 1825
1725 698
1380 1918
1380 90
1985 2071
1985 1834
624 1739
624 431
624 1502
1739 408
1739 125
228 607
228 718
228 468
607 19
607 1176
1155 1226
1155 1481
1155 70
1226 1797
1226 157
355 419
355 1150
355 395
419 873
1437 1436
1437 1816
223 1600
223 177
214 2020
214 127
214 639
2020 697
629 1970
629 334
629 1549
1970 166
1970 791
908 1534
908 1897
908 75
1534 1005
1534 1542
358 1247
358 1447
358 1992
1247 524
1247 1149
768 1231
768 1566
768 1936
1231 1753
1231 1089
494 842
494 1119
494 1964
842 2063
842 1062
1950 532
1950 513
951 1761
951 1168
951 1893
1761 1650
1761 2044
434 1425
434 1184
81 2021
81 790
81 112
2021 2094
2021 636
1403 2007
1403 2085
2007 1911
2007 860
1932 2066
1932 1974
579 1480
579 914
579 906
1480 719
1480 1109
1331 33
1331 1215
201 482
201 668
201 457
482 31
482 1885
341 1279
341 1682
341 2027
1279 942
496 1302
496 275
496 50
1302 1340
1278 1454
1278 185
1278 1882
1454 1836
1454 1211
865 1056
865 1469
1056 1184
1056 1375
1827 1925
1827 836
1925 66
1925 602
1113 2024
1113 485
1113 959
2024 1672
2024 1411
965 1143
965 2035
965 1612
1143 634
1143 181
1221 1886
1221 1176
1221 1443
1886 139
721 1420
721 503
721 1935
1420 268
1420 395
36 414
36 1945
36 441
414 396
414 1998
544 555
544 1085
544 342
555 299
555 763
546 665
546 1658
665 1442
665 931
447 888
447 1012
888 560
888 4
1275 1448
1275 1089
1275 2017
1448 1477
224 730
224 941
224 1289
730 737
730 1301
634 714
634 2018
714 1517
904 676
928 1749
928 539
928 557
1749 924
1749 866
578 962
578 1361
578 893
962 821
962 1343
1138 1708
1138 1963
1138 1163
1708 897
1708 1110
1731 2073
1731 780
1731 1760
2073 919
2073 985
639 1732
639 89
1732 1855
1732 1673
2050 1000
2050 502
220 616
220 691
220 1584
616 1114
976 1008
976 626
976 1123
1008 795
219 800
219 1013
219 1951
800 1877
800 866
1085 1327
164 1767
164 674
164 1233
1767 380
1767 1746
1571 892
1571 574
1806 2023
1806 1668
1806 1235
2023 591
831 1035
831 682
831 315
1035 978
1035 922
698 771
698 1405
771 408
771 1595
711 853
711 34
711 1033
853 1699
853 501
412 1460
412 1929
1460 1207
1460 1519
357 441
357 1274
357 146
441 322
1582 1986
1582 1341
1986 684
1986 53
1057 1118
1057 400
1057 186
1118 1754
1118 948
272 2060
272 1535
2060 1573
2060 1034
1253 1667
1253 890
1253 1561
1667 1034
1667 382
285 830
285 1863
285 1391
830 785
25 233
25 843
233 969
233 1060
295 1814
295 1419
295 373
1814 1820
1063 1506
1063 1752
1063 1523
1506 1107
1506 1581
61 1090
61 938
1630 1653
1653 1606
1075 1251
1075 1187
1075 541
1251 1333
1251 764
712 1199
712 759
712 258
1199 851
1199 373
694 1462
694 1290
1386 1558
1386 1300
1386 411
1558 2009
1558 326
1897 877
1897 1225
740 1675
740 524
740 1220
1675 1513
1675 2048
1652 1677
1652 1257
1677 1472
1677 2067
1333 286
1333 1029
898 1740
898 86
898 2039
1740 1426
821 1856
1049 1867
1049 862
88 1871
88 2092
88 351
1871 1058
1871 391
1496 1774
1496 241
1774 845
1774 1061
1481 205
1097 1131
1097 1189
1097 1733
1131 927
1131 111
1047 1539
1047 756
1539 112
1539 471
490 1356
490 765
1356 1943
1356 1152
406 868
406 737
406 397
868 2019
868 1381
575 1580
575 24
575 1773
1580 1156
1580 1182
621 1696
621 1584
1696 1567
1665 1997
1665 1178
1665 340
1997 964
1997 103
502 1330
1330 1995
1330 1594
281 953
281 687
953 775
953 1414
67 1933
67 518
67 963
1933 1351
1933 1234
718 1446
990 1944
990 479
990 393
1944 1917
1944 1890
1945 882
1945 215
551 850
551 1413
551 1470
850 1535
286 789
286 1705
89 1339
1926 2037
1926 782
1926 1835
2037 1586
2037 297
1464 1863
1464 1960
1464 311
1863 1688
2035 216
1611 1882
1611 883
1611 105
1882 1255
675 1966
1657 1122
1361 1557
570 1586
570 117
570 1298
1586 673
1282 1563
1282 1325
1282 1789
1563 69
1563 1815
814 1080
814 625
814 192
1080 171
1080 1269
275 1180
275 146
1180 1242
1180 1246
278 1743
278 880
278 903
1743 2031
1743 1354
484 1679
1470 1879
1470 1999
1879 693
1879 1811
498 1746
498 427
498 1290
1746 783
734 1465
734 1734
734 1065
1465 271
1465 581
597 534
597 1161
243 1456
243 941
243 459
1456 473
1456 1698
989 1197
989 1537
989 645
1197 1531
1197 1439
361 828
361 796
803 1973
803 657
803 474
1973 933
1973 1344
520 2030
520 1483
520 2014
2030 2042
2030 320
1343 1429
1343 1286
1429 1087
1429 633
1963 1905
332 896
332 1733
332 1324
896 606
896 1467
638 1268
638 1235
638 790
1268 226
1268 1522
431 1018
431 1852
1018 1755
1018 762
674 1549
674 893
1525 1585
1525 642
1525 1533
1585 1317
1585 1364
691 684
691 1095
504 1124
504 1567
504 1011
1124 1619
1124 197
105 1564
105 236
1564 1722
1564 1052
1028 351
999 55
999 2040
1119 1168
1119 24
1168 1706
1337 1619
1337 615
1337 1938
1619 1906
324 1193
324 1476
1193 1543
1193 2042
57 1078
57 970
57 522
1078 1115
31 1614
31 154
1614 615
247 421
247 1271
247 1689
421 171
421 980
651 2082
651 106
651 400
2082 1687
2082 1685
1186 1194
1186 182
1186 1604
1194 1987
1194 1802
600 1771
600 1662
600 1383
1771 1089
1771 1051
1811 1920
1811 891
1920 1160
1920 825
197 563
197 1446
563 924
563 2089
1156 1216
1156 2005
1911 1729
1911 726
229 632
229 1345
229 24
632 1643
632 512
72 977
72 834
977 794
977 354
289 2085
289 1031
2066 2008
2066 1310
44 1260
44 1756
44 973
1260 9
1224 1342
1224 1946
1224 1262
1342 805
1996 1846
1996 2049
970 693
970 1117
2063 368
2063 880
172 1445
172 530
172 1353
1445 120
1445 762
51 630
51 1141
51 397
630 1839
630 1890
777 1296
777 833
777 1284
1296 1285
1296 1723
351 779
779 1418
779 1509
1012 838
661 1084
661 1441
1084 1152
1084 627
213 1748
213 612
213 178
1748 479
1748 611
1527 1873
1527 1831
1527 2086
1873 1544
1873 1473
1895 193
1895 395
753 883
753 159
147 454
147 142
147 1518
454 994
454 1838
724 2043
724 947
2043 670
1472 92
1472 162
1531 1763
26 838
26 1680
26 1134
838 1707
1000 1718
1000 692
1718 1543
1718 1441
287 879
287 531
287 16
879 1090
879 1979
891 318
891 1463
119 886
119 1709
119 387
886 756
886 1624
828 1203
828 1293
68 1100
68 872
68 1578
1100 1818
1100 1205
1500 1390
1500 539
1684 679
1684 993
826 864
826 34
826 1048
864 539
864 677
109 729
109 369
109 1477
729 1991
1170 1288
1067 1893
1067 1183
1893 1785
1431 1532
1431 1410
1431 426
1532 1311
1532 1157
259 1082
259 1204
259 1183
1082 955
1082 565
199 1934
199 2004
1934 52
1934 1509
809 1845
809 1703
1493 266
1493 91
1339 1943
1339 1929
1274 2079
1274 42
2079 517
248 743
248 30
248 1965
743 1516
743 701
668 1609
668 1250
1584 33
1353 1734
1353 1924
1734 1283
1477 329
1537 194
1537 1781
1482 1964
1482 2093
1482 787
193 432
193 350
1359 1484
1359 22
1359 1935
1484 274
1484 1150
2085 1147
1122 1573
1122 1570
1724 1762
1724 185
1724 1750
1762 973
1762 475
1991 410
1991 1909
162 1535
162 2049
657 599
657 1099
19 1715
19 655
1715 1284
914 1399
914 1835
1399 1914
1399 1402
322 1609
322 910
96 1181
96 469
96 329
1181 1490
1181 1623
1235 612
390 984
390 817
390 173
984 1533
984 1095
111 1569
111 404
1569 1422
1569 884
143 847
143 2008
847 1383
847 1062
27 1081
27 1919
27 1689
1081 1423
1081 1745
851 107
851 1687
293 1051
293 2011
293 1024
1051 2090
156 1311
156 86
156 1120
1311 1321
723 1953
723 548
1953 495
1953 266
1609 1439
940 1393
940 1152
940 1717
1393 1015
1393 433
1024 1764
1024 66
1764 599
1764 862
975 1759
975 1610
975 1536
1759 56
1759 1596
55 1776
55 1570
767 95
767 1054
683 1242
683 2092
1242 2004
415 1162
415 1545
1162 424
1162 12
343 765
343 728
765 732
422 1058
422 170
422 1938
1058 226
720 1389
720 929
1389 385
1389 816
782 955
782 1375
955 802
1182 804
758 1272
758 1504
758 1545
1272 1577
1272 417
882 1695
882 2042
1641 1705
1641 974
1705 1823
427 16
427 613
21 979
21 586
21 2013
979 1864
308 1072
308 863
308 440
1072 56
1072 1529
1590 2068
1590 1780
1590 372
2068 1572
2068 439
480 1264
480 1011
1264 1812
1264 1828
215 1747
215 1951
1747 1303
1747 2026
443 1791
443 833
443 1824
1791 1887
1791 204
861 1513
861 187
861 1444
1513 1320
198 1923
198 1179
198 1670
1923 556
1923 277
15 1313
15 971
15 1874
1313 801
500 424
500 752
704 1157
704 1713
704 95
1157 372
102 1726
102 1902
102 290
1726 294
268 1758
268 1854
1758 276
1758 1249
1924 1949
1924 135
1949 269
1766 1801
1766 733
817 954
817 700
457 2039
457 257
2039 916
389 1941
389 860
1941 1017
347 1270
347 279
1270 313
66 1921
1825 933
1825 292
1780 1805
1780 1044
270 1166
270 1114
270 1127
1166 807
127 1888
127 79
558 1978
558 87
558 1875
1978 1695
1978 1625
245 1896
245 173
245 236
1896 1210
1896 2052
299 835
283 876
283 42
283 35
876 522
876 1699
473 1345
473 305
1345 417
902 1379
902 1910
902 1377
1379 174
1379 625
464 1562
464 249
464 1691
1562 1172
300 1719
300 982
300 1370
1719 110
1719 680
576 1623
576 536
576 835
1623 1830
0 1518
0 205
693 1566
136 942
136 1153
942 1308
2057 1419
626 1889
626 903
1889 1329
1889 727
510 1040
510 1304
510 40
1040 125
1040 1826
1446 179
514 1010
514 839
514 799
1010 1320
1010 967
1025 1714
1025 798
1025 1592
1714 1074
1714 1961
1104 1778
1104 1875
1104 1374
1778 941
1778 2055
451 1219
451 750
1219 985
1219 458
593 1977
593 271
593 1145
1977 1927
1977 1799
312 646
312 453
646 1861
646 2
692 64
858 1457
858 577
858 1984
1457 32
1457 1541
798 1034
798 801
139 819
139 203
123 221
123 1149
221 837
221 1073
161 1645
161 64
161 438
1645 1232
1645 253
1475 1770
1475 1177
1475 311
1770 1980
1770 1575
1148 330
1615 1701
1615 807
1615 1390
1701 963
1701 150
1779 1107
1779 875
595 1757
595 87
595 1101
1757 273
1757 134
203 824
203 1958
824 1128
52 1329
52 1003
1329 1094
385 1709
244 596
244 549
244 69
596 912
596 170
1177 386
892 1363
892 238
1995 611
1175 825
1052 1300
1052 171
1300 736
1637 1990
1637 1188
1637 1693
1990 113
1990 1939
1858 1958
1858 645
1858 1529
1958 58
9 466
9 1211
567 1388
567 1591
943 1658
943 359
943 1254
1658 2054
556 45
556 678
553 1737
553 1660
1737 1248
1737 507
912 1612
912 1029
497 790
497 906
497 242
1248 1741
1248 121
1741 76
1741 1026
42 2052
2052 2067
305 705
305 493
705 1808
705 128
736 227
45 1303
45 1605
1303 167
599 1258
83 512
83 471
83 797
1971 1992
1971 1021
1992 1136
1504 1937
1504 747
1014 258
960 1459
960 122
960 923
1459 658
1459 1678
508 1478
508 931
1478 1111
1478 1410
1283 1930
1283 773
669 1395
669 1722
669 1326
1395 1634
1395 1815
829 2058
829 149
829 742
2058 874
1230 1319
1230 1796
1230 707
1319 1038
1319 690
448 1692
448 2078
448 1402
1692 1322
1692 1453
687 1974
687 1824
1974 594
1922 1955
1922 1794
1955 1735
1955 1413
653 749
653 1135
653 1213
749 614
749 641
1834 1842
1842 1222
1842 662
371 542
371 1172
371 1572
542 663
542 1192
527 1576
527 8
527 1617
1576 663
1576 1179
659 1503
659 2026
659 158
1503 1931
1503 1691
1107 1860
1228 1660
1228 2059
1228 2061
1660 804
1218 1875
1218 1373
1218 650
713 1968
713 2046
713 1136
1968 1605
1968 1599
30 2014
919 1414
919 1628
294 852
294 805
852 1693
852 846
1528 1808
1528 1092
1528 2041
1808 1398
664 1703
664 401
664 58
1703 1259
163 1043
163 2094
1043 560
28 818
28 1704
28 407
818 1983
818 972
1271 590
1271 1781
2078 1038
2078 601
234 1597
234 529
234 1760
1597 569
1597 1521
1487 1892
1487 304
1487 1435
1892 501
1892 1549
466 1983
466 328
1983 788
1135 1017
1135 516
1273 337
1273 636
1801 1259
1801 1326
1163 1651
1651 115
1651 785
1622 1417
1622 211
370 703
370 192
370 1680
703 786
703 444
1291 1428
1291 352
1291 696
1428 177
1428 269
425 1542
425 167
425 1115
1542 982
916 583
916 200
688 1952
688 528
688 992
1952 1290
1436 41
50 878
50 266
878 1722
878 781
112 1756
1756 881
1544 1174
182 1671
182 1993
1671 1668
1671 1853
926 217
926 871
449 1377
449 707
449 1490
1377 430
612 789
152 1648
152 938
152 696
1648 210
1648 1384
1605 839
346 467
346 747
467 837
467 663
402 1939
402 1234
402 1158
1939 1374
41 1817
41 1145
1817 189
386 2036
1189 1041
1189 754
33 493
1626 1717
1626 1462
130 699
130 702
130 1286
699 522
1102 1798
1102 909
1102 631
1798 933
1798 320
1486 1644
1486 1352
1486 344
1644 757
1644 1308
1512 618
1512 379
604 618
604 1745
604 1381
618 1846
194 2010
194 1710
1435 1678
1435 1233
1678 49
519 611
813 1286
813 1870
813 956
59 1578
59 1772
1578 946
793 899
793 517
899 1347
899 1298
420 815
420 1467
2059 1600
2059 655
14 1426
14 1686
14 849
1426 202
475 589
475 2051
589 1606
1216 238
1216 86
405 2074
405 239
1365 561
258 331
43 177
43 1350
43 1695
430 204
430 1488
1233 181
1348 690
1348 309
333 1444
333 613
333 1793
642 236
642 937
1930 1510
1930 181
679 769
679 1207
769 841
769 1256
115 547
115 1364
547 969
547 623
1736 1698
1736 983
160 1372
160 1434
1372 1220
146 1474
1474 117
1474 2019
1297 1721
1297 1901
1297 2077
1721 426
1721 2002
515 1340
515 380
515 530
1340 360
557 834
557 1663
1629 1822
1629 1903
1629 8
1822 656
2002 174
1307 1362
1307 1554
1307 2012
1362 1560
1362 967
787 121
32 1959
195 2009
195 2070
195 339
2009 905
1128 1190
82 628
82 839
1524 1625
1524 1514
1524 1843
1625 144
1207 178
815 1994
815 1368
1323 761
1367 2086
1367 1258
1367 129
2086 1862
794 1407
794 178
1407 298
94 501
94 1239
94 1783
756 1894
2069 2098
2069 1903
2069 573
2098 1547
2098 1988
380 806
1753 6
416 1046
416 591
416 1880
1046 1799
1046 719
468 1322
1322 1936
1902 11
1902 137
1628 1287
1205 1206
1205 832
1206 1239
1206 538
1363 1792
1363 1344
1792 211
1130 1212
1130 409
1212 981
1212 363
48 1293
48 239
48 493
1293 10
1123 2076
1123 1730
2076 872
2076 409
249 1054
249 772
1054 2015
918 1149
918 761
918 1121
2040 122
2040 399
1518 306
535 149
535 477
1852 232
1979 572
1662 1015
1662 684
1793 1121
1883 2065
1883 116
1883 894
2065 1079
2065 216
18 339
18 1277
18 1516
339 10
76 1880
658 1425
1060 1241
167 1636
1636 2016
1636 610
1709 788
702 760
702 1552
29 1702
29 701
1702 2015
1702 728
742 571
952 1039
952 1765
952 893
1039 453
1039 1466
732 770
732 966
770 538
652 1830
652 7
652 1536
149 1589
1261 1794
1261 1483
1261 716
1794 1473
456 606
456 208
456 673
606 1681
1434 1669
927 303
927 1577
1836 1314
645 887
887 360
887 806
231 1656
231 150
231 1053
1656 1820
1656 1900
1455 1744
1455 1202
1455 379
2074 1804
2074 1688
284 881
284 290
284 534
881 1423
761 116
538 1026
1026 525
282 1121
282 671
755 1369
755 554
1369 1790
1369 417
348 643
388 938
388 174
388 1869
1517 1385
1517 342
716 1706
716 1284
1706 23
2046 1421
759 210
1257 153
1805 1910
334 1906
334 2041
1906 1159
34 1447
2018 788
2018 1650
1488 1813
1488 1910
1813 1855
1813 2091
543 588
543 505
543 1980
588 1690
588 1009
528 2048
1516 488
725 2056
725 340
725 1092
2056 126
2056 128
113 1120
113 477
1120 273
1042 1583
1583 302
1583 217
1188 159
1188 856
1213 169
1213 937
453 2091
2091 1265
1735 1402
1735 1002
1674 1796
1674 1543
1674 11
2044 1981
216 971
1357 1860
1357 1301
1357 1824
986 1870
986 1937
998 1927
998 894
998 1187
1927 246
1055 1378
1055 932
1055 1408
1378 531
485 615
1522 875
1483 726
5 1442
5 747
5 727
1442 403
985 1802
1490 995
1174 587
2015 114
84 316
84 330
84 274
316 1783
316 856
315 1468
1134 1414
1134 10
118 1849
118 256
1849 2072
479 1937
894 1847
1847 1250
1847 748
349 964
349 1114
964 141
298 969
298 717
924 92
1031 1178
1031 1505
1178 536
1417 1790
1417 1382
304 1453
304 1070
424 895
327 1699
327 1928
1861 1227
1861 1406
1005 499
310 972
310 428
310 1125
972 1561
1241 439
1241 1281
205 237
279 376
932 672
932 1002
269 562
562 1150
1011 1324
8 2071
897 1954
897 1086
823 1679
823 1349
1679 1654
966 697
966 2011
1681 1936
808 1370
808 340
808 948
1370 232
230 1250
230 1993
230 1246
1110 365
1304 212
1304 910
997 1422
997 780
1422 1004
1781 307
994 1631
994 2062
792 873
792 680
873 1432
1755 2003
2003 625
1160 1565
1160 1823
1565 1020
1565 1587
1765 1914
1765 1598
38 1839
38 1546
1839 1804
2 1013
2 1289
635 1600
635 907
635 1921
1777 554
1777 533
481 867
481 1088
481 1828
867 727
867 253
374 741
374 489
374 1336
741 1548
741 946
1184 1366
403 561
403 760
1341 326
1341 1405
1440 1704
1440 191
1440 2031
1704 1538
1087 1171
1087 1856
1171 439
1171 754
159 444
91 1621
91 166
1621 7
1621 1700
1059 1109
1059 342
1059 1009
1918 1843
511 1240
511 107
511 364
1240 208
1240 540
110 1633
110 1029
211 1624
1738 1190
1738 277
530 1784
1784 392
1784 1132
1579 1360
1227 1975
1227 35
1888 1841
1888 114
1266 1966
1266 488
751 1752
751 806
751 1066
1752 1536
151 2016
151 754
1204 1877
1204 1859
1877 307
517 1581
1530 1898
1530 354
1530 2077
1898 1683
1898 63
613 1409
1409 186
1409 1443
450 628
450 169
450 819
628 1654
489 271
571 1003
571 1510
1003 1627
1631 681
1631 1288
1214 1634
1214 1381
1214 1338
1634 778
1541 135
1541 325
1092 672
936 1546
936 103
936 1208
1546 2032
1053 1802
1053 212
968 1349
968 760
968 1187
1349 1310
532 1646
532 1659
1276 1959
1276 1700
1276 23
1959 22
1350 1908
1350 958
1908 565
1908 1106
97 1613
97 379
1613 1301
1613 325
783 1797
783 445
1074 1673
1418 1810
1320 1850
237 726
237 631
843 1697
843 905
860 506
1073 1901
1073 523
1901 516
106 832
106 117
153 1317
153 184
1045 1164
1045 393
1045 590
1164 1870
764 1391
1510 75
801 1069
1069 1066
1069 1946
208 820
820 733
513 1962
513 1604
1548 988
1548 841
1239 1554
833 1126
1347 1845
1347 217
1573 1935
93 200
93 363
200 1845
142 1256
56 1594
529 1670
529 1993
1670 393
590 1101
672 1208
835 816
1876 428
680 983
1646 1668
79 1591
79 1818
1591 802
849 922
354 1116
523 1285
158 1326
158 1265
697 1729
1364 507
643 766
766 518
766 132
2075 1853
1547 1810
1547 252
1810 1360
1210 797
1210 396
418 1816
418 890
1070 1327
1070 1146
1327 126
359 917
1966 696
328 610
610 157
382 581
382 719
581 239
1572 1999
23 728
890 344
435 1984
435 1961
435 1869
1984 929
242 1855
242 2045
1015 1117
1754 206
369 992
369 2032
992 20
1398 1533
1398 345
797 1358
126 1234
1508 1907
265 791
265 706
265 1589
791 1127
185 682
682 521
1462 227
503 848
503 260
848 445
848 1627
1567 1685
302 678
302 1994
678 598
690 409
1961 1408
1405 1559
1559 1697
1559 1869
404 2010
404 175
2010 1851
1494 871
1494 65
656 2000
277 1151
1151 1633
1683 526
1672 1471
1672 1975
138 175
138 225
138 492
175 1878
1994 775
1391 207
1232 844
1232 227
715 1498
715 961
1498 956
1498 1864
90 134
90 459
134 108
1153 907
1153 1086
3 889
3 572
889 594
889 2000
1277 1137
1277 1727
92 180
180 459
905 1419
1423 330
1172 337
472 586
472 710
472 1540
586 495
1254 1694
1254 1485
731 1829
731 120
731 1108
1829 978
1829 609
87 1700
900 1521
900 1317
900 1804
1521 609
273 1917
1917 1913
781 2095
781 1196
2095 184
2095 1158
871 1661
2055 2031
1421 1027
1421 1190
2011 648
2004 1354
2048 148
1633 1325
16 78
1907 981
1907 413
1202 1691
1202 874
922 1366
173 410
410 1463
170 750
750 98
701 1698
399 133
895 1111
292 367
292 856
367 863
367 1020
1729 974
837 954
365 1962
365 1255
1106 1837
309 541
309 49
929 469
274 1108
1108 1890
107 398
1146 1831
1509 1680
987 263
987 241
318 2051
318 1071
516 1931
186 350
982 1316
1316 487
1316 548
11 65
360 1694
184 1032
834 855
4 587
4 1292
1225 1773
471 601
1375 862
1570 1607
1607 2061
1607 1951
561 1033
1093 1682
1093 1686
1093 98
981 738
1071 1514
1071 1318
1514 401
802 462
1208 2013
2013 1954
1112 2045
1112 805
1112 870
2045 2032
1115 1772
411 1854
411 1090
1854 844
980 1862
980 391
1862 1789
135 859
7 2027
1894 2053
1894 129
2053 846
2053 1750
2062 1606
2062 1471
189 874
189 1663
1027 832
264 1815
1826 644
1523 983
1523 1710
901 1610
901 1237
901 923
1610 1466
681 1463
681 637
1447 263
1723 1987
961 1368
961 474
1411 2089
917 1037
1037 1596
1037 757
775 1384
401 1795
1795 1745
1795 2070
1312 746
670 1919
670 866
1919 654
1453 609
474 1044
958 1568
958 2038
1568 748
492 2034
492 1023
2034 1913
2034 845
392 1867
392 1905
1867 785
796 1249
1136 1443
1821 923
1821 1540
1111 345
37 1062
37 735
187 387
187 569
387 1388
1913 157
536 240
69 973
1557 1394
373 662
662 165
883 857
1183 1928
1928 525
326 344
1116 1874
1116 1324
1874 148
1141 1265
1141 1292
870 1998
1998 1727
202 407
202 2077
407 1859
1624 1079
1851 145
1962 776
1693 2029
673 1432
841 437
1831 366
306 585
306 1468
585 1335
585 1946
1410 857
6 329
6 1776
204 1161
413 1098
413 460
1098 1133
1098 948
398 1476
145 1921
145 1086
1126 2096
1126 252
560 442
460 1837
460 192
505 534
505 1388
845 1424
1413 1914
565 1161
137 641
137 655
641 1287
956 1314
1088 288
1088 1288
1373 1786
1373 1427
1786 950
1786 179
937 1713
1713 1592
1529 1385
654 1690
654 1033
1473 1688
1690 1079
442 1627
442 739
1002 2005
1789 2054
1441 1885
1643 461
1643 1981
644 1617
644 488
1617 2070
1687 131
400 619
619 959
619 1285
1394 1540
1125 1661
1125 368
1661 114
1694 1818
75 1608
141 62
352 1710
352 1640
325 62
2096 1094
988 438
763 1147
1158 780
166 2064
676 909
676 1772
1843 1707
120 2012
548 949
950 303
950 1196
1338 1909
677 1664
677 1505
1664 462
1664 1169
1406 1773
1406 1244
1650 1289
863 1587
667 1981
667 469
364 1850
1538 623
1538 1686
144 238
144 947
1468 959
1685 1988
1988 1383
949 855
2041 1669
1255 1023
1354 526
1783 836
598 1159
598 232
637 786
637 2026
786 1900
993 1244
993 1310
1176 2014
1727 54
1697 1975
2088 1041
2088 1351
207 1215
207 623
1215 116
1179 1103
1127 1006
907 1009
1878 1782
1878 1133
627 1989
735 1415
1032 1306
1032 108
1306 506
1306 762
1384 2090
1281 320
872 648
353 1776
353 733
353 297
1785 1139
1785 1598
53 739
65 1169
844 1358
631 859
859 440
477 1485
1006 1904
1904 825
1904 1103
1900 253
345 1612
1707 445
487 1838
487 252
1132 1439
40 776
776 1203
463 1782
463 1065
463 1750
700 1200
700 752
1200 1076
574 1469
574 1560
1469 1960
594 1841
1335 1551
1335 366
506 1859
2029 577
108 717
426 789
1023 1309
1309 836
1309 884
1280 2017
1280 267
1280 240
2017 1598
773 2012
773 1575
2051 2094
131 647
131 1730
647 601
647 1931
1837 408
816 778
1351 1083
1385 1499
1400 1416
1400 150
1400 507
1416 772
1416 458
1485 1640
1640 1730
12 452
12 671
372 78
128 1903
63 462
1298 1526
1526 573
1526 1659
64 2038
1799 995
772 1880
1064 1853
1064 1382
1064 1076
1850 313
267 1733
1321 1222
1246 1249
210 1552
1203 1139
2000 1545
499 350
303 1502
1954 1076
1669 1595
133 2064
438 478
478 1258
478 165
819 1133
1041 140
1065 1599
1061 452
846 1885
1989 931
1835 1117
1192 2005
1192 2027
260 944
62 614
148 1560
246 2072
717 165
525 2072
276 1551
1502 1838
1561 752
191 49
1314 633
1001 1196
1001 1552
1001 1596
521 1382
967 1095
20 1259
20 1887
1887 1360
1222 366
1812 1099
1812 1592
121 855
297 1499
573 1608
2090 1137
533 884
288 877
1415 1999
1374 602
1147 313
1159 1929
614 1554
648 710
671 995
368 1425
1960 2087
1551 290
440 591
1390 1048
738 947
1595 2054
549 1237
946 241
2089 934
1587 706
437 458
225 778
225 2049
1905 140
70 1020
70 1318
376 1256
706 1169
1589 1820
971 363
1760 1105
974 1673
2087 903
1237 461
739 1663
1599 650
944 154
1287 1449
1449 1044
1449 636
311 910
1499 1408
857 1608
428 1083
140 1505
963 256
337 1581
257 391
746 1105
746 1965
1048 35
934 1139
1137 495
650 129
132 1105
154 1659
602 757
799 1358
799 1965
1909 2036
