292 1250
0 0
0 1
0 2
0 3
1 1
1 2
1 3
1 4
2 2
2 3
2 4
3 3
3 4
3 5
3 6
4 4
4 5
4 6
4 7
5 5
5 6
5 8
5 9
6 6
6 7
6 8
6 9
7 7
7 8
7 10
8 8
8 9
8 10
8 11
8 12
9 9
9 11
9 12
9 13
10 10
10 11
10 21
10 22
11 11
11 12
11 14
11 21
11 22
11 23
11 24
12 12
12 13
12 14
12 15
13 13
13 14
13 15
21 21
21 22
21 40
22 22
22 23
22 40
22 41
22 42
14 14
14 15
14 16
14 17
14 23
14 24
14 25
23 23
23 24
23 40
23 41
23 42
23 43
24 24
24 25
24 43
24 44
15 15
15 16
15 17
15 25
16 16
16 17
16 18
16 25
16 26
17 17
17 18
17 19
17 20
17 26
25 18
25 25
25 26
25 44
25 45
18 18
18 19
18 20
18 26
18 27
18 28
18 29
26 26
26 27
26 44
26 45
19 19
19 20
19 27
19 28
19 29
20 20
20 27
20 28
20 29
20 30
20 31
20 34
20 35
27 27
27 28
27 29
27 45
27 47
28 28
28 29
28 45
28 47
28 48
29 29
29 30
29 32
29 48
30 30
30 31
30 32
30 33
30 34
30 36
31 31
31 33
31 34
34 33
34 34
34 35
34 36
34 37
34 38
35 35
35 36
35 38
40 40
40 41
40 58
40 59
40 60
41 41
41 42
41 60
42 42
42 43
42 60
42 61
43 43
43 44
43 46
43 60
43 61
43 63
44 44
44 45
44 46
44 47
45 45
45 47
47 46
47 47
47 48
47 62
47 65
48 32
48 48
48 49
48 62
48 65
32 32
32 33
32 49
32 50
32 51
33 33
33 37
33 49
33 51
33 53
33 54
36 36
36 38
49 49
49 50
49 51
49 62
49 65
49 66
50 50
50 51
50 65
50 66
50 71
51 51
51 52
51 53
51 67
51 68
51 71
51 72
37 37
37 38
37 39
37 54
37 55
53 52
53 53
53 54
53 67
53 68
53 69
54 38
54 54
54 55
54 56
54 67
54 68
54 69
38 38
38 39
38 55
39 39
39 55
39 57
55 55
55 56
55 57
57 56
57 57
57 69
57 70
57 74
57 75
58 58
58 59
58 80
59 59
59 60
59 80
59 81
59 82
60 60
60 61
60 82
60 83
61 46
61 61
61 63
61 82
61 83
61 84
46 46
46 62
46 63
46 64
46 65
63 63
63 64
63 83
63 84
63 85
63 86
63 87
62 62
62 64
62 65
64 64
64 65
64 86
65 65
65 66
65 86
65 87
66 66
66 71
66 87
71 68
71 71
71 87
71 91
71 92
71 93
52 52
52 67
52 68
67 67
67 68
67 69
67 70
67 73
68 68
68 72
68 73
68 91
72 72
72 73
72 88
72 89
72 91
69 56
69 69
69 70
56 56
56 70
56 74
56 75
70 70
70 73
70 74
70 89
74 74
74 75
74 89
74 90
75 75
75 76
75 77
75 90
80 80
80 81
80 103
81 81
81 82
81 98
81 103
82 82
82 83
82 98
83 83
83 84
83 98
83 99
83 101
83 102
84 84
84 85
84 86
84 99
84 104
84 106
84 107
85 85
85 86
85 87
85 104
85 105
85 106
85 107
85 108
86 86
86 87
86 105
87 87
87 92
87 105
87 108
73 73
73 88
73 89
91 88
91 91
91 93
91 109
91 111
91 112
91 113
89 88
89 89
89 90
89 94
89 110
92 92
92 93
92 105
92 111
92 114
92 115
93 93
93 111
93 112
93 113
88 88
88 109
88 110
90 76
90 90
90 94
76 76
76 77
76 78
76 94
76 95
77 77
77 78
78 78
78 79
78 95
78 96
94 94
94 95
94 110
94 116
94 117
95 95
95 96
95 117
95 118
95 119
79 79
79 96
79 97
96 96
96 97
96 119
96 120
97 97
97 120
97 121
103 98
103 100
103 103
103 122
103 127
98 98
98 99
98 100
98 101
99 99
99 102
99 104
99 106
101 100
101 101
101 102
101 124
102 102
102 104
102 106
102 124
102 125
102 126
104 104
104 106
104 107
104 126
104 128
106 106
106 107
106 125
106 126
106 128
106 129
107 107
107 108
107 128
105 105
105 108
105 114
105 115
108 108
108 114
108 128
108 130
108 131
109 109
109 110
109 112
109 113
110 110
110 113
110 116
110 117
110 118
111 111
111 112
111 113
111 115
111 132
112 112
112 113
112 132
112 133
113 113
113 116
113 132
113 133
113 134
113 135
113 136
114 114
114 115
114 131
114 132
114 137
115 115
115 132
116 116
116 117
116 118
116 136
116 138
117 117
117 118
117 136
118 118
118 119
118 136
118 138
119 119
119 120
119 136
119 138
120 120
120 121
120 138
120 139
120 140
121 121
121 139
121 140
100 100
100 122
100 123
100 124
122 122
122 123
122 124
122 127
122 141
123 123
123 124
123 125
123 127
123 141
123 142
124 124
124 125
124 142
125 125
125 126
125 142
125 143
125 147
126 126
126 129
126 143
126 147
126 148
126 149
127 127
127 141
127 144
127 145
127 146
128 128
128 129
128 130
129 129
129 130
129 148
129 150
129 151
130 130
130 131
130 151
131 131
131 137
131 151
131 152
132 132
132 133
132 134
132 137
132 153
133 133
133 134
133 135
133 153
134 134
134 135
134 153
134 155
134 156
134 157
135 135
135 136
135 155
136 136
136 138
136 154
136 155
137 137
137 152
137 153
137 159
138 138
138 140
138 154
139 139
139 140
140 140
140 154
140 155
140 156
141 141
141 142
141 143
141 145
141 146
141 161
142 142
142 143
142 145
142 146
142 160
142 161
143 143
143 146
143 147
143 160
143 161
147 147
147 148
147 149
147 160
147 161
147 168
147 169
148 148
148 149
148 150
148 169
149 149
149 150
149 169
149 170
144 144
144 145
144 162
144 163
144 164
144 165
145 145
145 146
145 160
145 161
145 162
145 164
145 165
145 166
146 146
146 160
146 161
146 165
146 166
146 167
150 150
150 151
150 170
150 171
150 172
151 151
151 152
151 172
152 152
152 153
152 159
152 172
152 173
153 153
153 156
153 157
153 158
153 159
153 173
155 154
155 155
155 156
156 156
156 157
157 157
157 158
154 154
159 158
159 159
159 173
161 160
161 161
161 167
161 168
161 178
161 179
161 180
160 160
162 162
162 163
162 164
162 165
162 181
163 163
163 164
163 181
163 182
164 164
164 165
164 166
164 181
164 182
164 183
164 184
164 185
164 186
164 187
165 165
165 166
165 185
165 186
166 166
166 167
166 185
166 186
166 187
167 167
167 178
167 187
167 188
168 168
168 169
168 179
168 180
168 190
169 169
169 170
169 180
169 190
170 170
170 171
170 190
171 171
171 172
171 174
171 176
171 190
171 192
171 193
172 172
172 173
172 174
173 173
173 174
173 175
158 158
178 178
178 179
178 188
178 189
178 199
178 200
179 179
179 180
179 189
179 191
180 180
180 190
180 191
181 181
181 182
181 201
181 202
182 182
182 183
182 184
182 185
182 186
182 201
182 202
182 203
182 204
182 205
183 183
183 184
183 185
183 186
183 205
183 206
184 184
184 185
184 186
184 203
184 204
184 205
184 207
184 208
185 185
185 186
185 187
185 205
186 186
186 187
186 188
186 206
186 209
187 187
187 188
187 206
188 188
188 189
188 199
188 200
188 206
188 209
188 210
190 190
190 191
190 192
174 174
174 175
174 176
174 177
176 175
176 176
176 177
176 192
176 193
176 194
192 191
192 192
192 193
192 195
192 196
192 197
192 198
193 193
193 194
193 196
175 175
175 177
177 177
177 194
194 194
194 196
189 189
189 191
189 197
189 200
189 211
199 199
199 200
199 210
199 212
199 213
199 222
200 200
200 211
200 213
191 191
191 195
191 197
201 201
201 202
202 202
202 203
202 204
202 214
202 215
203 203
203 204
203 214
203 215
203 216
204 204
204 207
204 216
204 217
205 205
205 206
205 207
205 208
205 209
206 206
206 208
206 209
206 210
207 207
207 208
207 217
207 218
207 219
208 208
208 209
208 219
208 220
208 229
209 209
209 210
209 220
210 210
210 212
210 220
210 221
197 195
197 197
197 198
197 211
211 198
211 211
211 213
195 195
195 196
195 198
196 196
196 198
198 198
212 212
212 213
212 220
212 221
212 222
213 213
213 222
222 220
222 221
222 222
222 230
222 231
214 214
214 215
214 223
214 224
214 234
214 235
215 215
215 216
215 223
215 224
215 225
215 226
216 216
216 217
216 225
216 226
217 217
217 218
217 226
218 218
218 219
218 226
218 227
218 229
218 237
219 219
219 220
219 229
220 220
220 221
220 229
229 221
229 227
229 228
229 229
229 230
229 232
221 221
221 230
221 231
223 223
223 224
223 234
223 235
223 243
224 224
224 225
224 235
224 236
224 237
224 245
234 234
234 235
234 243
234 244
234 252
234 253
235 235
235 236
235 243
235 244
235 245
225 225
225 226
225 236
225 237
226 226
226 227
226 237
226 238
227 227
227 228
227 237
227 238
227 239
237 236
237 237
237 238
237 246
230 228
230 230
230 231
230 232
231 231
231 232
231 233
243 243
243 244
243 252
243 253
236 236
236 245
236 246
236 255
245 244
245 245
245 246
245 254
245 255
238 238
238 239
238 246
238 247
238 248
228 228
228 232
228 239
228 240
239 232
239 239
239 240
239 247
239 248
232 232
232 233
232 240
232 241
240 233
240 240
240 241
240 248
240 249
233 233
233 241
233 242
241 241
241 242
241 248
241 249
241 250
241 251
242 242
242 250
242 251
244 244
244 253
244 254
244 255
244 264
252 252
252 253
252 263
252 264
253 253
253 254
253 263
253 264
246 246
246 247
246 255
246 257
246 258
255 254
255 255
255 256
255 257
247 247
247 248
247 249
247 258
247 259
248 248
248 249
248 259
249 249
249 250
249 259
249 260
249 261
250 250
250 251
250 261
250 262
251 251
251 262
254 254
254 256
254 257
254 264
264 256
264 263
264 264
264 265
264 266
257 256
257 257
257 258
257 266
257 267
258 258
258 259
258 267
258 268
258 270
259 259
259 260
259 268
260 260
260 261
260 268
260 269
260 274
261 261
261 262
262 262
263 263
263 265
256 256
256 265
256 266
265 265
265 266
265 271
266 266
266 267
266 271
267 267
267 268
267 270
267 271
267 272
268 268
268 269
268 270
270 269
270 270
270 272
270 273
270 274
269 269
269 274
274 273
274 274
274 275
274 276
271 271
271 272
272 272
272 273
272 278
272 280
273 273
273 275
273 276
273 277
273 278
273 280
278 275
278 276
278 277
278 278
278 279
278 280
280 277
280 279
280 280
280 281
280 282
280 283
275 275
275 276
275 277
276 276
276 277
277 277
277 279
279 279
279 281
281 281
281 282
281 283
281 284
282 282
282 283
282 284
283 283
283 284
283 285
284 284
284 285
284 286
285 285
285 286
285 287
285 288
286 286
286 287
286 288
286 289
287 287
287 288
287 289
287 291
288 288
288 289
288 290
288 291
289 289
289 290
289 291
291 290
291 291
290 290
