118 297
0 0
0 1
1 1
1 2
2 2
2 5
2 117
5 3
5 5
5 114
5 116
117 16
117 18
117 23
117 24
117 117
3 3
3 4
4 4
4 13
4 115
13 6
13 10
13 12
13 13
115 12
115 57
115 97
115 115
114 27
114 113
114 114
116 8
116 9
116 20
116 95
116 108
116 116
6 6
6 7
7 7
7 8
8 8
8 12
12 9
12 11
12 12
9 9
10 10
10 11
11 11
14 14
14 15
14 25
15 15
15 16
25 16
25 17
25 19
25 20
25 21
25 24
25 25
16 16
17 17
17 18
18 18
19 19
20 20
21 21
21 108
108 22
108 96
108 103
108 108
22 22
22 24
24 23
24 24
23 23
26 26
26 35
26 111
35 27
35 33
35 35
111 32
111 33
111 47
111 50
111 51
111 111
27 27
27 30
27 110
30 28
30 29
30 30
30 109
110 31
110 34
110 52
110 110
28 28
28 107
107 62
107 64
107 78
107 79
107 104
107 106
107 107
29 29
109 42
109 52
109 58
109 64
109 74
109 109
31 31
31 34
34 32
34 33
34 34
32 32
32 33
33 33
36 36
36 37
36 39
37 37
37 39
37 52
39 38
39 39
39 113
52 40
52 42
52 43
52 46
52 50
52 52
52 112
38 38
38 113
113 101
113 102
113 103
113 113
40 40
40 41
41 41
41 42
41 112
42 42
112 99
112 112
43 43
43 44
44 44
44 51
51 45
51 47
51 50
51 51
45 45
45 46
46 46
46 48
48 48
48 49
47 47
47 50
50 49
50 50
49 49
53 53
53 55
55 55
55 56
55 58
54 54
54 58
54 74
58 57
58 58
58 74
74 59
74 64
74 74
56 56
56 57
57 57
59 59
59 60
60 60
60 64
64 61
64 63
64 64
61 61
61 62
62 62
63 63
63 73
63 106
73 67
73 71
73 73
106 75
106 77
106 104
106 106
65 65
65 66
65 72
66 66
66 105
72 68
72 71
72 72
72 105
105 76
105 77
105 81
105 92
105 105
67 67
67 71
71 68
71 69
71 71
68 68
69 69
69 70
70 70
75 75
75 77
77 76
77 77
77 92
76 76
92 78
92 79
92 80
92 85
92 86
92 87
92 92
78 78
79 79
80 80
80 81
81 81
82 82
82 91
91 83
91 84
91 86
91 91
83 83
84 84
84 90
90 89
90 90
85 85
85 86
85 89
86 86
86 89
89 87
89 88
89 89
87 87
87 88
88 88
93 93
93 94
93 96
94 94
94 97
96 95
96 96
96 102
97 97
95 95
102 98
102 100
102 102
98 98
98 99
99 99
100 100
100 101
101 101
103 103
104 104
