274 943
0 0
0 2
0 3
0 11
0 72
0 130
0 155
0 161
0 206
0 262
2 2
3 3
11 11
11 72
11 115
11 130
11 155
11 161
11 206
11 217
11 262
72 72
72 130
72 155
72 206
72 262
130 17
130 130
130 141
130 155
130 192
130 206
130 239
130 241
130 262
130 263
155 17
155 141
155 155
155 161
155 192
155 206
155 241
155 262
155 263
161 62
161 74
161 161
161 162
161 217
161 262
206 206
206 262
262 115
262 217
262 223
262 262
1 1
1 10
1 29
1 42
1 54
1 78
1 79
1 199
10 10
10 24
10 29
10 35
10 42
10 54
10 59
10 81
10 183
10 186
10 187
10 199
10 210
10 228
10 272
29 29
29 35
29 42
29 54
29 186
29 199
29 228
29 272
42 35
42 42
42 54
42 186
42 199
42 228
42 272
54 35
54 54
54 78
54 91
54 199
54 259
54 272
78 75
78 78
78 79
78 91
79 30
79 76
79 79
79 80
79 91
79 92
79 153
79 268
199 199
199 272
4 4
4 124
4 135
4 195
4 249
124 124
124 191
124 213
124 225
124 249
124 250
135 47
135 52
135 135
135 188
135 213
135 249
195 33
195 188
195 195
195 204
249 213
249 225
249 248
249 249
249 250
5 5
5 6
5 14
5 131
5 140
5 150
5 205
5 220
6 6
6 143
14 14
14 15
14 148
14 150
14 205
14 215
14 220
14 225
131 131
131 143
140 99
140 140
140 205
140 216
150 7
150 15
150 22
150 134
150 150
150 151
150 152
150 160
150 205
150 213
150 220
150 257
205 15
205 22
205 134
205 205
205 215
220 143
220 220
143 120
143 143
143 191
7 7
7 22
7 24
7 30
7 97
7 134
7 210
22 8
22 22
22 24
22 30
22 97
22 134
22 210
22 257
24 23
24 24
24 59
24 97
24 210
30 30
30 67
30 91
30 97
30 210
30 259
97 8
97 97
97 210
134 12
134 68
134 105
134 112
134 134
134 197
134 257
210 59
210 81
210 183
210 210
210 259
210 273
8 8
8 19
8 25
8 100
8 112
8 128
8 197
8 273
19 19
19 25
19 41
19 100
19 112
19 273
25 25
25 41
25 100
25 108
25 112
100 20
100 100
100 112
100 128
100 273
112 12
112 105
112 112
112 113
112 128
112 197
128 12
128 128
128 197
197 12
197 46
197 68
197 105
197 197
273 20
273 59
273 81
273 183
273 273
9 9
9 34
9 173
9 203
34 34
34 173
34 203
173 173
173 203
173 252
203 32
203 109
203 203
203 252
35 35
35 59
35 81
35 228
35 272
59 59
59 81
59 183
59 187
59 228
81 81
81 228
183 183
183 184
183 187
183 228
186 43
186 85
186 184
186 186
186 187
186 189
186 228
187 43
187 85
187 98
187 184
187 187
187 189
187 228
187 230
228 228
228 272
272 259
272 272
115 115
115 217
217 73
217 217
217 218
217 219
217 232
12 12
12 46
12 47
12 68
12 105
12 125
12 182
12 265
46 46
46 47
46 49
47 37
47 47
47 48
47 50
47 52
47 160
47 188
47 212
47 257
68 68
68 105
68 113
105 105
105 137
125 117
125 125
125 126
125 154
125 182
125 265
125 270
182 117
182 154
182 174
182 182
182 265
265 265
13 13
13 45
13 67
13 87
13 159
13 170
13 194
13 208
13 242
13 246
45 45
45 67
45 208
45 216
45 224
45 242
45 246
45 255
67 67
67 91
67 208
67 242
67 246
87 64
87 87
87 136
87 159
87 170
87 194
159 64
159 136
159 159
159 170
159 194
159 263
170 170
170 194
194 136
194 156
194 172
194 181
194 194
194 246
208 208
208 242
208 246
242 116
242 242
242 243
242 246
246 28
246 136
246 144
246 181
246 198
246 224
246 246
246 247
246 255
15 15
15 16
15 56
15 57
15 58
15 148
15 160
15 225
15 250
148 148
148 149
148 225
148 250
215 99
215 215
225 213
225 225
225 250
16 16
16 120
56 56
57 57
58 58
160 151
160 160
160 201
160 212
160 257
250 21
250 213
250 250
250 251
120 99
120 103
120 119
120 120
120 193
120 254
17 17
17 141
17 192
17 241
17 263
141 141
141 192
141 241
141 263
192 192
192 241
192 263
241 31
241 221
241 236
241 237
241 241
241 263
263 82
263 139
263 263
18 18
18 20
18 71
18 86
18 98
18 207
20 20
20 71
20 86
20 98
20 184
20 207
71 71
71 86
71 98
71 184
71 207
71 230
86 86
86 98
86 207
98 43
98 85
98 98
98 168
98 180
98 184
98 189
98 207
98 230
98 252
207 168
207 207
207 252
41 40
41 41
184 43
184 85
184 180
184 184
184 185
184 189
184 230
184 252
21 21
21 213
213 213
257 52
257 212
257 257
257 258
257 264
23 23
108 108
108 113
26 26
26 60
26 267
60 60
60 121
267 118
267 267
27 27
27 196
27 233
196 133
196 196
233 179
233 226
233 233
233 269
28 28
28 144
28 181
28 255
144 144
144 181
144 255
181 156
181 172
181 181
181 198
181 255
255 101
255 198
255 255
255 256
91 91
91 92
259 259
31 31
31 221
31 236
31 237
221 221
221 236
221 237
236 104
236 222
236 234
236 236
236 237
237 107
237 237
237 238
237 239
32 32
32 61
32 109
32 145
32 180
32 200
32 230
61 43
61 61
61 109
61 145
61 180
61 189
61 200
61 230
109 109
109 145
109 189
109 200
109 226
109 229
109 230
145 145
145 180
145 189
145 226
145 230
145 240
180 85
180 180
180 189
180 230
180 252
200 200
200 230
200 252
230 43
230 85
230 189
230 230
230 252
33 33
36 36
36 37
37 37
37 38
37 52
37 55
37 142
37 167
37 212
37 214
38 38
38 39
38 48
38 167
38 227
52 52
52 53
52 55
52 142
52 167
52 188
52 212
52 214
52 244
55 55
55 117
55 142
55 167
55 212
55 214
142 142
142 167
142 204
142 212
142 214
167 167
167 204
167 212
167 214
212 188
212 211
212 212
212 214
212 227
212 266
214 214
39 39
48 48
48 51
48 103
48 204
227 204
227 227
40 40
43 43
43 85
43 189
43 240
85 85
85 189
189 189
189 190
189 240
240 106
240 240
44 44
44 121
44 271
121 121
271 133
271 271
216 216
216 243
224 224
49 49
50 50
188 188
51 51
103 102
103 103
103 138
103 193
103 258
204 53
204 204
204 244
204 258
53 53
244 244
117 117
117 126
117 154
62 62
62 63
62 74
62 153
62 268
63 63
63 164
63 223
74 74
153 70
153 92
153 110
153 111
153 139
153 146
153 153
153 268
268 92
268 146
268 163
268 268
164 70
164 139
164 164
164 165
164 166
223 162
223 223
64 64
64 65
64 66
65 65
66 66
113 113
69 69
69 129
69 133
69 260
129 84
129 129
129 179
129 269
133 84
133 133
260 118
260 260
70 70
70 122
70 139
70 147
70 163
122 122
122 123
122 175
139 139
139 162
139 261
147 146
147 147
147 175
147 261
163 80
163 163
163 175
73 73
73 232
232 232
75 75
76 76
77 77
77 80
80 80
92 92
92 93
92 146
82 82
82 83
82 162
83 83
162 162
84 84
84 179
84 269
179 179
179 226
179 269
269 226
269 269
136 136
136 172
136 247
88 88
88 89
89 89
89 256
256 169
256 243
256 256
90 90
90 245
90 270
245 231
245 245
270 95
270 126
270 270
93 93
146 114
146 146
146 234
146 261
94 94
94 95
95 95
95 96
96 96
168 168
168 252
252 252
252 253
99 99
101 101
101 198
198 198
198 202
102 102
138 132
138 138
138 254
193 149
193 191
193 193
193 251
258 258
104 104
104 234
234 114
234 234
234 235
234 239
234 261
137 132
137 137
106 106
106 226
226 226
226 229
107 107
107 239
239 235
239 239
229 229
110 110
111 111
114 114
114 261
261 235
261 238
261 261
116 116
126 126
126 154
154 154
118 118
119 119
254 254
123 123
175 175
175 176
175 177
175 178
191 191
127 127
127 231
231 231
132 132
172 156
172 171
172 172
247 156
247 169
247 209
247 243
247 247
149 149
151 151
152 152
156 156
157 157
157 158
158 158
158 174
174 174
201 201
165 165
166 166
169 169
171 171
176 176
177 177
178 178
185 185
190 190
251 251
202 202
209 209
209 243
243 243
211 211
266 266
218 218
219 219
222 222
235 235
238 238
248 248
253 253
264 264
