443 1033
0 0
0 280
0 352
280 78
280 280
280 352
352 76
352 78
352 163
352 350
352 351
352 352
352 387
1 1
1 2
1 434
1 436
2 2
2 3
2 4
434 87
434 187
434 282
434 283
434 285
434 389
434 434
434 435
436 258
436 436
3 3
4 4
5 5
5 9
9 6
9 9
9 19
9 213
6 6
7 7
7 8
8 8
8 19
8 38
19 19
19 92
19 184
38 38
38 70
38 213
38 255
213 83
213 192
213 213
213 308
213 431
10 10
10 107
10 349
107 43
107 103
107 106
107 107
107 108
107 327
107 433
349 349
349 433
11 11
11 176
11 258
176 29
176 176
176 177
176 178
176 226
176 266
176 328
176 337
176 348
258 187
258 258
12 12
12 201
12 427
201 25
201 201
201 271
201 363
201 423
427 120
427 267
427 308
427 427
427 428
13 13
13 15
15 14
15 15
15 265
15 299
14 14
14 51
14 300
51 51
51 64
300 136
300 300
265 22
265 264
265 265
299 75
299 299
16 16
16 27
16 433
27 27
27 200
27 240
27 307
27 440
433 243
433 433
17 17
17 205
205 34
205 185
205 205
205 348
18 18
18 267
18 271
267 83
267 229
267 267
267 271
267 313
267 393
271 271
92 70
92 92
92 156
92 170
184 184
184 426
20 20
20 31
20 288
31 31
31 193
288 32
288 228
288 252
288 282
288 283
288 288
288 289
288 290
21 21
21 22
21 399
22 22
22 23
399 204
399 399
23 23
23 414
414 125
414 353
414 414
414 416
414 417
24 24
24 25
25 25
25 298
25 363
25 423
298 298
298 423
363 363
423 423
26 26
26 139
26 174
26 242
26 269
139 139
139 269
174 111
174 174
174 287
242 50
242 89
242 241
242 242
269 28
269 80
269 268
269 269
269 270
200 125
200 140
200 200
200 307
240 240
307 307
440 440
28 28
28 111
111 111
111 112
111 113
29 29
29 266
29 283
266 266
283 282
283 283
30 30
30 114
30 187
114 112
114 114
114 348
187 131
187 185
187 187
187 189
187 226
187 389
193 193
193 391
193 411
32 32
32 252
252 169
252 190
252 252
252 253
33 33
33 110
33 162
33 209
110 110
110 270
162 82
162 161
162 162
209 90
209 149
209 151
209 209
209 210
34 34
34 97
97 97
35 35
35 93
35 430
93 56
93 93
93 322
430 348
430 430
36 36
36 37
36 132
36 305
36 386
36 394
37 37
132 132
132 133
132 134
132 261
132 305
305 305
305 306
305 380
305 386
305 394
305 404
305 419
386 380
386 381
386 385
386 386
394 393
394 394
70 70
70 181
70 192
255 220
255 255
255 431
39 39
39 381
381 332
381 381
381 382
40 40
40 220
40 221
40 316
40 335
220 99
220 171
220 219
220 220
220 263
220 429
220 431
221 219
221 221
221 429
316 316
316 317
316 318
316 319
316 330
316 335
335 335
335 336
335 426
41 41
41 42
42 42
42 43
42 183
43 43
43 44
43 289
43 290
183 52
183 183
44 44
44 45
44 46
44 47
44 48
44 65
44 338
289 289
290 290
45 45
46 46
47 47
48 48
65 61
65 62
65 63
65 65
65 338
65 362
338 324
338 337
338 338
49 49
49 50
49 88
49 241
50 50
50 160
88 77
88 88
88 89
88 143
88 241
241 241
160 89
160 159
160 160
64 64
64 244
52 52
52 422
422 422
422 437
53 53
53 54
53 55
53 175
54 54
55 55
175 175
175 198
56 56
56 402
402 337
402 347
402 401
402 402
57 57
57 58
57 59
57 60
58 58
58 60
58 84
58 185
58 256
58 279
59 59
60 60
60 215
84 84
84 85
185 185
185 186
256 256
256 346
256 407
279 279
215 214
215 215
215 282
215 400
61 61
62 62
63 63
244 244
244 407
362 361
362 362
66 66
66 98
66 190
66 212
98 98
98 122
190 169
190 190
190 272
212 212
212 257
67 67
67 68
68 68
68 135
68 141
68 210
68 270
135 135
135 270
141 141
141 297
210 145
210 206
210 210
210 211
270 131
270 270
69 69
69 285
69 411
285 285
411 411
181 119
181 179
181 181
181 308
192 142
192 192
192 301
71 71
71 72
71 168
71 325
71 429
72 72
72 249
168 82
168 167
168 168
325 99
325 325
325 429
429 99
429 171
429 429
249 177
249 246
249 247
249 248
249 249
249 324
249 435
73 73
73 74
73 164
73 410
74 74
164 163
164 164
164 165
410 406
410 410
75 75
75 126
126 126
126 230
76 76
76 163
163 163
163 166
163 234
163 345
163 413
77 77
77 143
77 286
143 143
286 286
286 287
78 78
79 79
79 239
79 311
79 320
79 413
239 239
239 304
311 311
311 413
320 320
320 413
413 413
413 416
413 417
80 80
80 186
186 186
81 81
81 82
82 82
83 83
83 393
393 120
393 393
85 85
86 86
86 94
86 179
86 182
94 94
94 95
94 96
179 142
179 179
179 182
179 301
182 182
87 87
87 116
87 191
116 116
116 122
191 191
191 272
89 89
89 287
287 287
287 439
90 90
90 91
90 198
91 91
91 199
91 207
91 222
91 223
198 198
198 199
199 195
199 199
199 219
199 223
199 336
199 425
199 428
207 206
207 207
207 235
207 425
222 108
222 222
222 235
222 435
223 223
223 224
223 225
156 156
156 157
156 158
170 170
170 330
322 322
322 324
322 347
322 398
95 95
96 96
122 122
99 99
99 100
99 101
99 263
100 100
101 101
263 263
102 102
102 106
106 105
106 106
103 103
104 104
104 108
108 108
105 105
327 208
327 243
327 254
327 327
327 341
327 342
327 343
327 344
109 109
109 152
109 227
109 312
152 117
152 152
152 154
152 155
152 233
227 227
227 281
312 312
112 112
113 113
113 442
442 441
442 442
348 348
348 398
115 115
115 373
115 376
373 372
373 373
373 374
373 376
373 378
373 404
373 419
376 137
376 364
376 375
376 376
117 117
117 118
117 233
117 388
118 118
118 337
118 400
233 232
233 233
388 388
337 337
337 339
337 340
400 328
400 400
119 119
119 120
120 120
121 121
121 365
121 371
121 396
365 365
365 366
365 368
365 369
371 371
371 377
371 382
371 383
396 127
396 369
396 396
123 123
123 124
123 230
124 124
124 125
230 230
125 125
125 140
125 361
140 140
361 208
361 358
361 359
361 361
127 127
128 128
128 129
128 370
129 129
370 369
370 370
130 130
130 384
384 369
384 384
131 131
133 133
133 291
134 134
134 293
261 261
261 262
291 291
291 292
291 293
293 293
293 294
136 136
136 401
401 173
401 401
137 137
137 138
137 310
137 364
137 375
138 138
310 310
310 364
310 375
364 364
375 368
375 375
297 295
297 297
142 142
144 144
144 145
145 145
146 146
146 147
146 153
146 424
147 147
147 206
147 397
153 153
424 366
424 424
424 425
206 206
206 397
397 397
148 148
148 149
149 149
150 150
150 151
151 151
154 154
155 155
157 157
158 158
159 159
161 161
166 166
234 234
234 321
234 409
234 432
345 345
345 409
165 165
167 167
169 169
330 330
171 171
172 172
172 264
264 264
173 173
173 231
231 231
231 296
177 177
178 178
226 226
328 328
328 329
301 301
301 302
301 303
180 180
180 304
180 321
304 304
304 432
321 321
308 308
308 309
426 426
189 188
189 189
389 389
188 188
188 211
211 211
272 272
272 274
391 228
391 257
391 391
194 194
194 195
194 196
194 197
195 195
195 428
196 196
197 197
428 218
428 309
428 314
428 428
219 219
219 336
336 336
425 306
425 367
425 374
425 425
202 202
202 203
203 203
203 313
313 229
313 313
204 204
204 407
407 407
235 235
235 236
235 237
235 238
235 435
208 208
257 257
431 431
214 214
214 216
216 216
282 282
282 295
217 217
217 281
217 284
281 281
281 339
284 284
284 340
218 218
218 314
314 314
314 315
314 390
435 435
435 438
224 224
225 225
228 228
229 229
229 259
229 326
259 259
259 260
259 326
326 326
296 296
296 392
232 232
409 406
409 409
432 432
236 236
237 237
238 238
243 243
243 245
245 245
245 254
254 254
254 395
246 246
247 247
248 248
324 323
324 324
250 250
250 339
250 403
339 339
403 392
403 403
251 251
251 253
253 253
395 360
395 395
346 346
346 347
260 260
262 262
268 268
274 274
274 277
274 278
273 273
273 277
277 275
277 277
278 275
278 276
278 278
275 275
276 276
295 295
295 437
340 340
340 392
439 439
439 441
292 292
294 294
437 437
392 392
302 302
303 303
306 306
306 390
380 380
404 404
404 405
419 418
419 419
390 390
390 405
309 309
315 315
317 317
318 318
319 319
347 347
398 398
323 323
323 353
353 350
353 351
353 353
353 438
341 341
342 342
343 343
344 344
329 329
331 331
331 334
331 383
334 334
383 383
332 332
332 333
333 333
350 350
350 356
356 356
351 351
351 357
357 357
387 354
387 355
387 387
438 438
354 354
355 355
358 358
359 359
360 360
366 366
368 367
368 368
369 369
367 367
377 377
377 379
382 382
382 385
372 372
372 379
379 378
379 379
374 374
378 378
385 385
405 405
406 406
406 408
408 408
412 412
412 416
416 416
417 415
417 417
415 415
418 418
418 420
418 421
420 420
421 421
441 441
