1454 3377
0 0
0 1
0 612
1 1
1 390
612 597
612 612
390 340
390 362
390 390
390 1228
2 2
2 4
4 3
4 4
4 5
3 3
3 129
3 200
129 6
129 92
129 129
200 44
200 92
200 144
200 145
200 200
200 201
5 5
6 6
6 88
88 18
88 88
88 89
88 132
88 168
7 7
7 8
8 8
8 9
9 9
9 10
9 11
9 27
9 73
10 10
10 131
11 11
27 27
27 33
73 30
73 73
73 107
131 14
131 130
131 131
12 12
12 97
12 199
97 20
97 97
97 136
97 172
199 199
13 13
13 14
13 185
14 14
14 15
185 96
185 185
15 15
15 195
195 174
195 195
195 196
195 197
16 16
16 74
16 87
16 118
16 134
74 74
74 134
87 66
87 87
87 149
118 26
118 47
118 117
118 118
134 17
134 41
134 133
134 134
134 135
17 17
17 66
66 65
66 66
18 18
18 126
18 132
18 145
126 95
126 126
126 127
126 150
126 172
132 132
145 144
145 145
145 150
145 186
19 19
19 41
19 137
41 41
137 136
137 137
137 141
137 142
20 20
20 49
49 49
49 162
21 21
21 22
22 22
22 23
22 91
23 23
23 24
23 61
23 151
23 152
91 28
91 91
24 24
24 161
61 58
61 60
61 61
61 62
61 557
61 571
61 1402
151 150
151 151
152 150
152 152
161 161
161 162
161 164
25 25
25 26
25 46
25 117
26 26
46 40
46 45
46 46
46 47
46 48
46 76
46 117
117 117
33 33
33 119
28 28
28 198
198 153
198 198
29 29
29 30
29 31
29 32
30 30
30 32
30 42
30 128
30 136
31 31
32 32
32 102
42 42
42 43
128 128
128 164
128 171
128 188
136 136
102 101
102 102
102 144
102 186
119 119
119 188
34 34
34 68
34 95
34 180
68 44
68 68
95 95
95 138
180 150
180 180
35 35
35 36
36 36
36 75
36 99
36 135
75 75
75 155
99 78
99 99
99 100
99 450
99 457
99 1206
135 135
135 1180
37 37
37 38
37 39
37 83
37 191
38 38
39 39
83 82
83 83
83 84
191 191
191 192
40 40
40 76
40 147
76 76
147 147
147 148
147 149
43 43
43 162
162 162
162 163
162 166
162 171
44 44
45 45
47 47
47 149
48 48
149 149
149 204
50 50
50 53
50 54
50 113
50 182
50 193
53 53
54 51
54 52
54 54
113 113
113 116
113 156
182 182
182 183
182 193
193 82
193 193
193 197
51 51
52 52
55 55
55 60
60 56
60 57
60 60
60 63
60 513
60 1330
56 56
57 57
58 58
59 59
59 62
62 62
62 105
63 63
513 513
513 544
1330 1301
1330 1317
1330 1329
1330 1330
557 98
557 536
557 557
557 562
557 563
557 571
571 507
571 559
571 569
571 571
1402 1385
1402 1402
105 105
105 110
105 201
105 1174
64 64
64 79
64 106
79 69
79 79
79 80
79 81
79 109
79 158
106 106
106 143
106 158
65 65
65 206
206 203
206 206
67 67
67 92
92 92
92 94
69 69
69 70
69 109
69 181
70 70
70 186
109 108
109 109
181 146
181 154
181 181
181 187
186 168
186 186
71 71
71 72
71 196
71 523
72 72
72 98
196 196
523 522
523 523
98 98
98 573
107 107
107 154
155 153
155 155
77 77
77 78
78 78
78 462
462 462
462 463
462 497
80 80
81 81
158 158
158 159
82 82
82 85
82 120
82 173
82 189
85 85
120 120
120 123
120 156
120 166
120 167
120 189
173 173
173 178
173 179
189 189
189 192
84 84
86 86
86 130
130 130
89 89
89 90
168 168
168 169
90 90
94 93
94 94
93 93
93 100
100 100
138 138
138 140
96 96
96 164
96 188
164 160
164 164
164 165
164 167
188 188
172 172
172 184
573 504
573 573
450 450
450 453
450 497
457 457
457 459
457 469
457 493
457 496
1206 1164
1206 1173
1206 1185
1206 1187
1206 1206
101 101
101 103
103 103
144 144
144 150
144 153
144 1324
104 104
104 143
104 146
143 124
143 143
146 146
110 110
110 111
110 112
110 201
110 353
201 201
201 202
1174 353
1174 1173
1174 1174
1174 1202
1174 1211
154 154
108 108
111 111
112 112
353 352
353 353
353 396
116 114
116 115
116 116
156 156
156 157
114 114
115 115
123 121
123 122
123 123
166 166
167 167
121 121
122 122
124 124
124 187
187 187
125 125
125 127
127 127
150 150
171 171
133 133
1180 1164
1180 1180
141 139
141 140
141 141
142 140
142 142
140 140
139 139
153 153
1324 1303
1324 1324
148 148
204 203
204 204
157 157
159 159
160 160
160 184
184 184
163 163
165 165
169 169
169 170
170 170
178 174
178 177
178 178
179 175
179 176
179 179
174 174
174 202
202 202
175 175
176 176
177 177
183 183
192 190
192 192
190 190
197 194
197 197
194 194
203 203
203 205
205 205
207 207
207 208
207 277
208 208
208 240
208 251
277 226
277 227
277 234
277 236
277 243
277 277
277 278
240 218
240 239
240 240
240 241
240 242
240 255
240 281
251 218
251 219
251 251
209 209
209 246
209 266
209 276
246 246
246 247
246 263
246 1444
266 265
266 266
266 267
276 275
276 276
276 1435
210 210
210 215
210 241
215 214
215 215
215 216
241 241
211 211
211 271
211 284
271 248
271 271
284 284
284 285
284 286
212 212
212 238
212 256
238 237
238 238
238 280
256 217
256 256
256 257
256 260
256 264
256 268
213 213
213 217
213 264
217 217
217 260
217 280
264 219
264 264
214 214
214 222
214 248
222 220
222 222
222 224
222 280
248 248
248 249
248 250
248 270
216 216
260 255
260 260
280 224
280 280
218 218
219 219
220 220
220 221
221 221
224 224
223 223
223 252
223 262
252 252
252 263
252 1429
262 261
262 262
225 225
225 243
225 273
243 227
243 243
273 273
273 274
226 226
226 234
226 236
234 234
234 236
234 244
236 236
227 227
227 228
228 228
229 229
229 285
285 230
285 249
285 285
230 230
230 231
230 232
230 233
231 231
232 232
233 233
244 244
244 245
235 235
235 265
235 269
265 265
269 269
269 270
269 272
237 237
237 253
253 239
253 253
253 254
239 239
242 242
242 249
242 257
242 267
242 642
255 255
281 268
281 281
249 249
249 257
257 257
257 267
267 259
267 267
642 641
642 642
642 742
245 245
247 247
263 263
263 603
1444 1425
1444 1441
1444 1444
1444 1445
1444 1446
250 250
270 270
1429 1429
254 254
268 268
258 258
258 259
259 259
261 261
603 603
603 604
603 640
603 793
603 1447
272 272
272 275
275 275
275 282
275 1434
274 274
282 282
282 283
282 1440
1434 1423
1434 1433
1434 1434
1435 1433
1435 1435
278 278
278 279
279 279
283 283
1440 1440
1440 1442
286 286
287 287
287 288
287 289
287 314
287 326
287 327
288 288
288 297
288 325
289 289
289 290
289 299
289 308
289 327
289 1388
314 314
314 315
314 316
314 326
314 338
326 326
327 327
297 297
297 299
297 301
325 324
325 325
290 290
299 299
299 319
299 1353
299 1419
308 308
308 309
308 319
308 333
1388 1388
1388 1421
291 291
291 328
328 295
328 317
328 328
328 336
292 292
292 333
292 1377
333 333
1377 1354
1377 1358
1377 1375
1377 1376
1377 1377
1377 1379
1377 1404
1377 1409
293 293
293 317
317 317
317 318
317 323
317 338
317 339
294 294
294 295
295 295
295 296
295 298
295 310
296 296
296 304
296 307
296 324
298 298
298 306
298 336
310 310
310 329
304 304
304 305
304 311
304 331
304 335
307 306
307 307
324 315
324 324
301 300
301 301
301 302
301 303
301 320
301 1375
306 306
306 329
336 336
336 337
319 319
319 320
1353 403
1353 1353
1353 1354
1419 1392
1419 1418
1419 1419
300 300
300 1020
1020 1019
1020 1020
1020 1023
302 302
303 303
320 320
320 1375
1375 1375
305 305
311 311
311 312
311 664
331 331
331 332
331 710
335 321
335 334
335 335
329 329
329 330
329 334
309 309
312 312
664 664
664 828
313 313
313 334
313 681
334 334
681 681
681 776
315 315
316 316
338 338
318 318
323 323
339 339
321 321
321 322
322 322
322 791
791 735
791 791
330 330
332 332
710 649
710 683
710 709
710 710
337 337
340 340
340 341
340 355
340 362
341 341
355 354
355 355
355 362
362 356
362 362
362 376
362 383
362 392
342 342
342 351
342 369
342 375
351 343
351 351
351 373
369 369
369 370
369 371
369 372
369 373
375 375
375 380
375 385
375 386
343 343
344 344
344 345
344 374
345 345
374 373
374 374
346 346
346 387
387 373
387 387
347 347
347 348
347 363
347 368
347 376
347 378
348 348
363 363
363 368
363 378
368 368
368 379
376 376
376 377
376 379
376 381
376 392
378 371
378 378
378 379
349 349
349 350
349 352
349 395
350 350
352 352
352 458
395 370
395 372
395 395
395 396
373 373
458 454
458 458
396 377
396 396
396 1202
354 354
354 360
354 361
360 358
360 360
360 361
361 359
361 361
356 356
356 357
357 357
358 358
359 359
383 383
383 389
392 391
392 392
364 364
364 367
364 386
367 367
386 386
365 365
365 366
365 384
366 366
384 384
384 385
384 389
379 379
370 370
371 371
372 372
380 380
380 382
385 385
385 388
377 377
381 381
381 382
382 382
382 391
391 391
391 393
391 394
389 388
389 389
388 388
1228 1171
1228 1182
1228 1219
1228 1228
393 393
394 394
1202 1201
1202 1202
1202 1208
1202 1211
1202 1235
397 397
397 398
397 406
397 415
398 398
398 407
398 410
398 416
406 405
406 406
406 1030
415 415
415 416
415 423
415 445
407 405
407 407
407 410
407 420
407 1031
410 409
410 410
410 420
410 429
416 403
416 416
399 399
399 400
399 403
400 400
403 402
403 403
403 439
403 686
401 401
401 402
401 411
401 425
402 402
402 412
402 423
402 441
411 411
411 412
411 414
411 424
425 425
425 431
425 437
412 412
412 445
423 423
423 433
441 435
441 437
441 441
439 429
439 439
439 686
686 666
686 686
686 687
686 749
404 404
404 426
426 414
426 417
426 426
426 427
426 428
426 429
426 430
426 431
426 438
426 440
426 442
405 405
405 408
405 422
408 408
422 422
1030 1030
1030 1031
420 418
420 419
420 420
1031 1009
1031 1011
1031 1031
1031 1352
409 409
409 430
430 424
430 430
429 429
414 413
414 414
424 424
424 431
424 445
445 445
413 413
417 417
418 418
419 419
421 421
421 427
421 1338
427 427
1338 1337
1338 1338
1338 1346
433 433
433 1386
431 431
431 432
437 437
437 443
428 428
428 1343
438 438
440 440
442 442
1343 1341
1343 1342
1343 1343
432 432
1386 1358
1386 1386
434 434
434 435
434 436
434 443
434 696
435 435
436 436
443 443
443 444
443 607
696 624
696 696
444 444
607 607
607 762
446 446
446 491
446 498
491 468
491 475
491 491
498 469
498 485
498 493
498 498
498 499
447 447
447 467
447 478
467 467
467 472
478 478
478 497
448 448
448 449
448 471
448 476
448 477
449 449
449 454
449 482
471 461
471 471
471 489
476 452
476 474
476 476
477 477
477 483
454 454
454 455
454 456
454 492
482 475
482 482
482 484
482 499
453 453
453 464
453 479
453 480
453 481
453 500
497 497
451 451
451 466
451 499
466 466
466 472
499 455
499 499
452 452
452 500
500 464
500 483
500 489
500 494
500 500
464 464
464 465
479 460
479 479
480 480
480 490
481 481
481 489
455 455
456 456
492 460
492 490
492 492
459 459
459 470
469 469
493 493
496 460
496 496
470 470
470 490
460 460
461 461
461 468
468 468
463 463
465 465
472 472
490 490
489 489
473 473
473 485
473 495
485 485
495 474
495 495
474 474
474 475
475 475
483 483
484 484
484 486
484 487
484 488
486 486
487 487
488 488
494 494
501 501
501 516
516 515
516 516
516 518
516 526
502 502
502 503
502 534
502 569
502 572
503 503
534 520
534 521
534 534
534 575
569 504
569 512
569 538
569 546
569 548
569 549
569 569
569 570
572 572
504 504
504 505
505 505
505 544
505 570
544 544
570 570
506 506
506 507
506 526
506 530
507 507
507 531
526 526
526 556
530 511
530 517
530 525
530 530
530 531
530 532
530 533
530 555
530 556
530 568
531 531
508 508
508 509
508 524
508 543
508 555
509 509
509 511
509 525
509 556
524 524
524 525
524 560
543 543
543 560
555 517
555 552
555 553
555 555
555 556
511 510
511 511
511 556
525 525
525 568
556 554
556 556
510 510
510 517
517 517
512 512
512 564
564 518
564 564
514 514
514 515
514 522
514 528
515 515
515 518
522 522
522 528
528 528
528 529
518 518
519 519
519 548
519 549
519 558
548 546
548 548
548 551
548 575
549 520
549 549
549 550
558 538
558 558
558 559
520 520
520 527
527 527
521 521
521 535
521 565
535 535
535 536
565 565
565 566
560 560
560 561
568 561
568 568
529 529
532 532
533 533
575 566
575 574
575 575
536 536
537 537
537 538
537 539
537 540
538 538
538 541
538 542
539 539
540 540
541 541
542 542
545 545
545 546
545 547
546 546
547 547
551 551
550 550
552 552
553 553
554 554
562 562
563 563
559 559
561 561
566 566
566 567
567 567
574 574
574 576
576 576
577 577
577 739
577 835
739 597
739 631
739 738
739 739
739 758
739 767
739 768
739 770
739 822
739 824
835 834
835 835
578 578
578 594
578 834
594 594
594 667
594 738
594 797
834 779
834 834
579 579
579 580
579 588
579 713
579 818
580 580
580 698
580 759
588 587
588 588
588 589
713 614
713 703
713 713
818 780
818 808
818 817
818 818
698 697
698 698
698 754
759 613
759 753
759 759
759 775
581 581
581 582
581 583
581 655
581 665
581 700
581 795
582 582
582 725
583 583
583 651
583 655
655 654
655 655
655 670
655 680
655 778
665 665
665 778
700 700
700 701
795 595
795 735
795 795
795 796
725 694
725 701
725 725
725 754
725 796
651 610
651 651
584 584
584 667
584 734
584 779
667 667
667 668
667 691
667 827
734 734
734 735
734 736
779 673
779 779
585 585
585 586
585 590
585 702
585 766
585 773
586 586
586 591
586 593
586 774
590 590
590 591
590 630
702 702
702 743
702 762
766 766
766 773
773 762
773 773
773 774
591 591
591 631
591 640
591 749
591 793
591 833
593 593
593 744
593 763
774 608
774 774
587 587
589 589
630 630
630 631
630 633
631 618
631 626
631 631
631 632
631 634
631 752
631 767
631 833
640 640
749 608
749 704
749 749
749 750
749 763
793 793
833 833
592 592
592 641
592 798
641 641
798 748
798 798
798 799
744 683
744 743
744 744
763 762
763 763
738 673
738 738
738 747
738 797
797 797
595 595
595 617
595 669
595 740
595 788
617 597
617 617
669 610
669 669
740 732
740 740
788 760
788 777
788 788
788 789
788 790
596 596
596 597
596 643
597 597
597 598
597 644
597 645
597 646
597 682
597 727
597 732
597 819
643 643
598 598
598 694
644 644
645 645
646 646
682 682
682 685
727 647
727 727
727 777
732 676
732 732
732 733
732 800
819 600
819 676
819 706
819 819
819 820
694 677
694 679
694 694
694 695
694 717
694 756
599 599
599 647
599 735
647 647
735 668
735 685
735 735
735 737
735 785
735 828
600 600
600 601
600 785
600 802
601 601
785 780
785 785
785 802
785 807
785 838
802 802
602 602
602 652
602 803
602 805
652 652
652 653
652 672
652 786
803 618
803 672
803 748
803 799
803 803
805 723
805 804
805 805
604 604
1447 1447
1447 1448
1447 1450
605 605
605 606
605 629
605 699
606 606
629 628
629 629
629 712
699 623
699 699
699 721
762 762
608 608
608 609
609 609
610 610
611 611
611 784
611 836
784 626
784 657
784 723
784 731
784 782
784 783
784 784
784 792
836 636
836 815
836 836
613 613
614 614
614 728
614 745
614 752
614 814
728 728
728 729
728 745
745 745
745 746
752 752
752 753
752 815
814 636
814 639
814 814
615 615
615 616
616 616
616 783
783 730
783 783
618 618
618 619
618 620
618 621
619 619
619 622
619 632
619 742
619 801
620 620
621 621
622 622
632 632
632 635
632 679
632 775
742 724
742 741
742 742
801 657
801 775
801 801
623 623
623 761
761 761
761 777
624 624
624 688
688 688
688 690
625 625
625 626
625 747
625 823
626 626
626 636
626 731
626 824
747 747
747 821
823 730
823 823
636 636
636 637
636 638
636 658
636 723
636 806
636 812
731 731
824 765
824 768
824 824
824 825
824 828
824 829
824 830
627 627
627 666
627 689
627 704
666 666
689 689
689 690
704 704
704 705
628 628
712 711
712 712
712 811
633 633
634 634
767 767
635 635
679 678
679 679
679 717
679 756
679 825
775 637
775 638
775 724
775 775
775 813
775 825
637 637
638 638
658 650
658 658
658 663
658 723
723 723
723 724
723 726
723 794
723 816
806 650
806 663
806 726
806 806
806 816
812 812
812 813
639 639
639 815
815 815
648 648
648 654
648 772
654 654
772 714
772 772
649 649
649 828
828 826
828 828
650 650
653 653
672 671
672 672
786 786
786 787
670 670
670 675
680 680
680 811
778 778
656 656
656 657
657 657
657 831
831 831
831 832
663 663
659 659
659 660
659 662
660 660
660 661
660 662
662 662
662 684
662 687
661 661
661 755
755 709
755 743
755 755
684 683
684 684
684 715
687 687
668 668
691 691
691 692
691 693
827 826
827 827
675 674
675 675
675 811
671 671
673 673
673 757
757 757
757 758
757 821
674 674
674 837
837 711
837 837
811 811
676 676
676 706
706 706
677 677
677 720
677 789
720 720
720 722
720 969
789 789
678 678
717 707
717 717
717 718
756 733
756 754
756 756
756 820
825 825
776 776
776 777
685 685
683 683
715 707
715 715
715 716
690 690
692 692
693 693
695 695
697 697
697 780
697 808
780 780
808 800
808 808
754 754
721 719
721 721
701 701
743 743
703 703
703 838
838 809
838 838
705 705
707 707
707 708
708 708
709 709
711 711
711 714
714 714
716 716
718 718
719 719
719 722
722 722
969 968
969 969
969 979
724 724
726 726
794 794
794 804
816 751
816 816
796 796
777 777
729 729
730 730
730 781
781 781
733 733
800 800
736 736
737 737
758 758
768 768
768 769
770 770
770 771
822 765
822 821
822 822
741 741
741 799
741 804
799 799
804 804
746 746
821 764
821 821
748 748
750 750
751 751
753 753
820 820
760 760
764 764
764 765
765 765
769 769
771 771
813 813
782 782
792 792
807 807
787 787
790 790
809 809
809 810
810 810
817 817
829 829
830 830
826 826
832 832
839 839
839 914
839 970
914 877
914 914
914 915
914 923
970 877
970 923
970 970
970 971
840 840
840 963
840 992
963 847
963 875
963 878
963 944
963 963
963 964
992 849
992 992
841 841
841 887
841 921
887 851
887 887
887 888
887 892
887 895
887 930
887 943
921 892
921 906
921 921
921 922
921 930
842 842
842 851
842 896
851 851
896 848
896 896
896 905
896 993
843 843
843 927
843 990
927 857
927 927
927 951
927 971
927 975
990 858
990 864
990 865
990 867
990 889
990 900
990 910
990 988
990 990
990 991
844 844
844 845
845 845
845 856
845 978
856 854
856 855
856 856
978 898
978 942
978 964
978 977
978 978
978 979
978 983
846 846
846 850
846 880
846 965
846 980
846 984
846 993
846 997
850 849
850 850
850 964
880 879
880 880
880 984
965 964
965 965
965 966
965 976
965 994
980 868
980 893
980 924
980 938
980 951
980 962
980 976
980 980
980 981
980 986
980 994
984 984
984 985
993 860
993 993
997 848
997 997
847 847
847 941
941 939
941 941
941 942
941 944
848 848
849 849
964 863
964 866
964 897
964 940
964 964
964 967
852 852
852 853
853 853
853 893
853 902
853 996
893 891
893 893
893 953
893 996
902 901
902 902
902 996
996 953
996 995
996 996
854 854
855 855
857 857
857 972
972 951
972 972
858 858
858 867
867 867
867 868
867 870
867 913
867 938
859 859
859 890
890 883
890 890
890 891
890 952
860 860
861 861
861 936
861 943
936 917
936 931
936 933
936 935
936 936
936 937
936 943
943 876
943 894
943 911
943 943
862 862
862 863
863 863
863 942
942 942
864 864
864 865
865 865
865 881
865 889
865 908
865 945
865 968
865 974
865 986
881 881
881 884
881 897
881 908
881 986
889 889
908 904
908 907
908 908
908 974
908 987
945 945
945 968
968 947
968 948
968 949
968 968
974 973
974 974
974 986
986 897
986 986
866 866
868 868
868 869
868 938
870 870
913 913
913 938
938 917
938 938
938 971
869 869
871 871
871 872
871 873
871 888
871 922
872 872
873 873
888 888
888 912
888 922
922 912
922 922
922 1235
874 874
874 875
874 1142
875 875
875 952
875 1140
875 1141
1142 1142
1142 1148
952 952
1140 1122
1140 1140
1141 1122
1141 1141
876 876
876 911
911 911
911 912
911 989
877 877
878 878
878 939
939 939
879 879
884 883
884 884
884 886
897 897
882 882
882 951
882 971
951 950
951 951
951 955
951 956
951 957
951 958
951 975
971 915
971 962
971 971
883 883
883 885
885 885
886 886
892 892
895 895
895 916
930 928
930 929
930 930
912 912
912 937
912 981
891 891
891 940
891 961
940 940
961 920
961 960
961 961
953 953
894 894
894 959
959 905
959 916
959 959
916 909
916 916
905 905
898 898
898 899
898 983
899 899
983 982
983 983
900 900
900 975
975 975
901 901
903 903
903 947
947 946
947 947
904 904
906 906
907 907
987 987
909 909
910 910
910 988
988 988
989 924
989 989
937 918
937 934
937 937
981 918
981 926
981 979
981 981
915 915
923 923
917 917
917 918
917 925
918 918
925 925
919 919
919 920
920 920
1235 1234
1235 1235
924 924
926 926
926 991
991 979
991 991
928 928
929 929
931 931
931 932
931 935
932 932
935 935
933 933
934 934
944 944
946 946
948 948
949 949
950 950
950 954
954 954
955 955
956 956
957 957
958 958
960 960
962 962
967 967
966 966
976 976
994 994
979 979
973 973
977 977
982 982
985 985
995 995
998 998
998 1023
998 1029
1023 1008
1023 1013
1023 1023
1029 1022
1029 1029
999 999
999 1027
999 1392
1027 1013
1027 1027
1392 1357
1392 1392
1392 1393
1392 1394
1392 1395
1000 1000
1000 1015
1000 1024
1000 1028
1015 1015
1015 1016
1024 1011
1024 1024
1028 1025
1028 1028
1001 1001
1001 1003
1001 1252
1003 1003
1003 1004
1003 1005
1003 1257
1252 1252
1252 1279
1252 1280
1002 1002
1002 1004
1002 1016
1002 1022
1004 1004
1004 1006
1004 1007
1004 1017
1004 1284
1016 1016
1022 1022
1022 1026
1005 1005
1257 1257
1257 1283
1006 1006
1007 1007
1017 1017
1017 1019
1284 1014
1284 1240
1284 1283
1284 1284
1284 1347
1008 1008
1008 1305
1305 1304
1305 1305
1305 1333
1009 1009
1009 1010
1010 1010
1010 1018
1018 1012
1018 1018
1011 1011
1012 1012
1012 1026
1026 1026
1026 1286
1013 1013
1014 1014
1014 1021
1021 1021
1021 1025
1019 1019
1025 1025
1286 1243
1286 1286
1286 1288
1352 1350
1352 1351
1352 1352
1032 1032
1032 1074
1074 1043
1074 1068
1074 1074
1074 1312
1033 1033
1033 1085
1085 1057
1085 1067
1085 1085
1034 1034
1034 1062
1034 1068
1062 1062
1062 1063
1068 1050
1068 1068
1068 1069
1035 1035
1035 1081
1035 1242
1035 1291
1081 1079
1081 1080
1081 1081
1081 1084
1081 1087
1242 1242
1242 1255
1242 1264
1242 1275
1242 1285
1242 1292
1291 1289
1291 1291
1036 1036
1036 1037
1036 1064
1036 1071
1037 1037
1037 1055
1037 1066
1064 1064
1064 1065
1071 1071
1071 1072
1071 1075
1055 1054
1055 1055
1055 1056
1055 1072
1066 1065
1066 1066
1038 1038
1038 1040
1038 1073
1040 1039
1040 1040
1040 1059
1040 1067
1073 1058
1073 1073
1039 1039
1059 1058
1059 1059
1067 1067
1067 1077
1067 1084
1041 1041
1041 1042
1042 1042
1042 1078
1078 1063
1078 1078
1078 1298
1078 1301
1043 1043
1043 1075
1075 1054
1075 1075
1044 1044
1044 1045
1044 1047
1044 1048
1044 1049
1044 1060
1044 1076
1044 1082
1044 1248
1045 1045
1047 1046
1047 1047
1047 1077
1047 1079
1048 1048
1049 1049
1060 1060
1060 1061
1060 1082
1076 1076
1076 1077
1076 1082
1076 1088
1082 1082
1082 1083
1082 1248
1248 1248
1248 1264
1248 1272
1046 1046
1077 1077
1079 1057
1079 1079
1050 1050
1050 1058
1050 1261
1058 1058
1261 1261
1261 1262
1261 1263
1051 1051
1051 1052
1051 1053
1051 1070
1052 1052
1053 1053
1053 1057
1053 1072
1070 1070
1070 1072
1057 1057
1057 1069
1057 1072
1072 1072
1072 1271
1072 1325
1054 1054
1056 1056
1069 1063
1069 1069
1061 1061
1061 1086
1086 1086
1086 1087
1086 1273
1086 1278
1063 1063
1065 1065
1084 1084
1271 1246
1271 1270
1271 1271
1325 1301
1325 1325
1312 1296
1312 1312
1088 1088
1298 1298
1298 1315
1301 1299
1301 1300
1301 1301
1080 1080
1087 1087
1087 1241
1083 1083
1273 1251
1273 1253
1273 1272
1273 1273
1278 1255
1278 1278
1241 1240
1241 1241
1241 1254
1089 1089
1089 1090
1089 1092
1090 1090
1090 1104
1092 1092
1092 1093
1092 1094
1092 1096
1092 1098
1092 1106
1092 1107
1092 1109
1104 1091
1104 1104
1104 1105
1104 1106
1104 1113
1091 1091
1091 1099
1099 1099
1099 1103
1093 1093
1094 1094
1096 1095
1096 1096
1098 1095
1098 1098
1106 1106
1107 1107
1109 1109
1109 1111
1095 1095
1095 1097
1097 1097
1097 1105
1105 1105
1105 1230
1103 1103
1103 1113
1100 1100
1100 1101
1100 1102
1100 1108
1101 1101
1101 1113
1102 1102
1102 1113
1108 1108
1108 1110
1113 1112
1113 1113
1113 1115
1113 1116
1113 1117
1230 1111
1230 1166
1230 1226
1230 1230
1230 1231
1110 1110
1111 1111
1112 1112
1112 1114
1114 1114
1115 1115
1116 1116
1117 1117
1118 1118
1118 1129
1118 1133
1129 1127
1129 1129
1133 1130
1133 1133
1119 1119
1119 1120
1119 1124
1119 1128
1119 1131
1119 1144
1120 1120
1120 1128
1124 1123
1124 1124
1124 1135
1128 1125
1128 1126
1128 1127
1128 1128
1128 1139
1131 1131
1144 1134
1144 1138
1144 1144
1144 1145
1144 1146
1144 1147
1121 1121
1121 1122
1121 1153
1122 1122
1122 1135
1122 1136
1153 1152
1153 1153
1153 1154
1135 1135
1135 1139
1136 1136
1136 1151
1123 1123
1125 1125
1126 1126
1127 1127
1139 1134
1139 1139
1130 1130
1130 1149
1149 1149
1149 1401
1132 1132
1132 1143
1132 1148
1143 1143
1143 1148
1148 1148
1148 1152
1148 1154
1134 1134
1151 1138
1151 1150
1151 1151
1137 1137
1137 1154
1154 1150
1154 1154
1138 1138
1145 1145
1146 1146
1147 1147
1152 1152
1401 1401
1401 1406
1150 1150
1155 1155
1155 1158
1158 1158
1158 1161
1158 1207
1156 1156
1156 1157
1157 1157
1157 1161
1157 1165
1161 1161
1161 1175
1161 1199
1161 1233
1165 1165
1165 1167
1165 1207
1165 1215
1207 1159
1207 1171
1207 1200
1207 1207
1207 1224
1207 1237
1159 1159
1159 1203
1159 1234
1203 1163
1203 1203
1203 1220
1203 1227
1203 1232
1234 1182
1234 1219
1234 1224
1234 1234
1160 1160
1160 1219
1160 1220
1219 1171
1219 1214
1219 1219
1219 1220
1219 1229
1220 1220
1175 1167
1175 1175
1175 1188
1175 1226
1199 1199
1199 1233
1233 1166
1233 1209
1233 1226
1233 1233
1162 1162
1162 1163
1163 1163
1163 1221
1163 1227
1221 1221
1221 1232
1227 1227
1164 1164
1164 1192
1192 1170
1192 1191
1192 1192
1167 1167
1167 1197
1167 1200
1215 1210
1215 1215
1215 1237
1166 1166
1166 1209
1166 1210
1209 1178
1209 1208
1209 1209
1209 1218
1209 1236
1210 1208
1210 1210
1210 1236
1210 1237
1197 1181
1197 1196
1197 1197
1197 1224
1200 1183
1200 1200
1200 1222
1168 1168
1168 1194
1168 1225
1168 1236
1194 1170
1194 1193
1194 1194
1225 1178
1225 1225
1225 1236
1236 1178
1236 1236
1169 1169
1169 1170
1170 1170
1171 1171
1172 1172
1172 1176
1172 1196
1172 1198
1176 1176
1176 1177
1196 1183
1196 1196
1196 1198
1196 1222
1198 1198
1173 1173
1173 1201
1201 1195
1201 1201
1211 1211
1211 1212
1211 1213
1188 1188
1188 1189
1188 1190
1226 1226
1177 1177
1178 1178
1178 1179
1178 1218
1179 1179
1218 1218
1181 1181
1181 1182
1182 1182
1183 1183
1184 1184
1184 1185
1185 1185
1186 1186
1186 1187
1187 1187
1189 1189
1190 1190
1191 1191
1193 1193
1195 1195
1222 1222
1222 1223
1224 1224
1208 1208
1232 1232
1204 1204
1204 1205
1205 1205
1205 1229
1229 1214
1229 1229
1237 1237
1212 1212
1213 1213
1214 1214
1214 1216
1216 1216
1216 1217
1217 1217
1223 1223
1231 1231
1238 1238
1238 1268
1238 1289
1268 1268
1289 1265
1289 1289
1289 1290
1289 1292
1239 1239
1239 1240
1239 1247
1239 1256
1239 1266
1240 1240
1240 1315
1247 1247
1247 1253
1247 1269
1247 1282
1256 1244
1256 1256
1256 1283
1266 1266
1266 1281
1315 1313
1315 1314
1315 1315
1315 1316
1315 1334
1254 1253
1254 1254
1255 1255
1264 1264
1275 1270
1275 1275
1285 1281
1285 1285
1292 1292
1243 1243
1243 1279
1279 1279
1244 1244
1244 1281
1281 1281
1245 1245
1245 1246
1245 1265
1246 1246
1265 1265
1253 1251
1253 1253
1269 1269
1269 1276
1282 1280
1282 1282
1272 1251
1272 1272
1249 1249
1249 1250
1249 1251
1250 1250
1250 1260
1251 1251
1260 1260
1260 1287
1280 1276
1280 1280
1283 1283
1258 1258
1258 1259
1258 1262
1258 1313
1259 1259
1259 1277
1262 1262
1313 1293
1313 1294
1313 1313
1277 1277
1287 1267
1287 1287
1263 1263
1263 1267
1267 1267
1276 1276
1270 1270
1274 1274
1274 1288
1274 1351
1288 1288
1351 1349
1351 1351
1347 1347
1290 1290
1293 1293
1293 1326
1293 1333
1326 1319
1326 1326
1333 1333
1333 1355
1294 1294
1294 1319
1319 1319
1319 1328
1295 1295
1295 1332
1295 1335
1332 1332
1335 1335
1335 1336
1296 1296
1296 1299
1296 1318
1299 1299
1299 1321
1318 1318
1297 1297
1297 1302
1297 1323
1302 1302
1302 1329
1323 1321
1323 1323
1321 1311
1321 1321
1300 1300
1329 1329
1303 1303
1303 1308
1308 1307
1308 1308
1308 1310
1304 1304
1306 1306
1306 1307
1306 1322
1307 1307
1307 1309
1307 1406
1322 1317
1322 1322
1309 1309
1406 1406
1406 1407
1310 1310
1311 1311
1311 1320
1320 1320
1320 1327
1314 1314
1316 1316
1334 1331
1334 1334
1334 1336
1317 1317
1328 1327
1328 1328
1327 1327
1331 1331
1355 1355
1355 1420
1336 1336
1337 1337
1346 1346
1346 1348
1339 1339
1339 1340
1339 1344
1340 1340
1344 1341
1344 1344
1341 1341
1342 1342
1342 1345
1345 1345
1345 1348
1348 1348
1349 1349
1350 1350
1354 1354
1420 1365
1420 1420
1356 1356
1356 1357
1356 1360
1356 1405
1356 1411
1356 1421
1357 1357
1357 1414
1360 1360
1360 1382
1405 1405
1405 1413
1411 1359
1411 1411
1421 1382
1421 1418
1421 1421
1414 1361
1414 1413
1414 1414
1358 1358
1359 1359
1359 1413
1413 1368
1413 1387
1413 1403
1413 1413
1413 1415
1413 1416
1413 1417
1382 1382
1361 1361
1361 1362
1362 1362
1362 1385
1362 1397
1362 1407
1362 1415
1385 1367
1385 1383
1385 1384
1385 1385
1397 1396
1397 1397
1397 1415
1407 1367
1407 1407
1415 1415
1363 1363
1363 1365
1365 1364
1365 1365
1365 1380
1365 1408
1364 1364
1380 1373
1380 1380
1380 1381
1380 1396
1380 1412
1408 1408
1408 1412
1366 1366
1366 1389
1366 1396
1389 1368
1389 1389
1389 1417
1396 1391
1396 1396
1367 1367
1368 1368
1368 1369
1368 1372
1369 1369
1369 1370
1369 1371
1369 1416
1372 1372
1370 1370
1371 1371
1416 1416
1373 1373
1373 1374
1373 1387
1374 1374
1387 1387
1376 1376
1376 1400
1376 1410
1400 1399
1400 1400
1400 1410
1410 1410
1379 1378
1379 1379
1404 1404
1404 1409
1409 1409
1378 1378
1378 1390
1378 1398
1378 1418
1390 1390
1398 1398
1398 1418
1418 1418
1381 1381
1412 1412
1383 1383
1384 1384
1417 1391
1417 1403
1417 1417
1391 1391
1393 1393
1394 1394
1395 1395
1399 1399
1403 1403
1422 1422
1422 1423
1422 1424
1423 1423
1424 1424
1424 1439
1439 1437
1439 1438
1439 1439
1425 1425
1425 1426
1425 1446
1425 1452
1426 1426
1446 1446
1446 1448
1452 1450
1452 1452
1452 1453
1427 1427
1427 1428
1428 1428
1428 1431
1428 1441
1431 1430
1431 1431
1441 1441
1430 1430
1430 1432
1432 1432
1433 1433
1436 1436
1436 1437
1437 1437
1437 1453
1453 1453
1438 1438
1442 1442
1442 1443
1443 1443
1445 1445
1448 1448
1448 1449
1450 1450
1450 1451
1449 1449
1451 1451
