822 4017
0 0
0 13
0 15
0 16
0 17
0 20
0 21
0 27
0 29
0 49
0 59
0 62
0 75
0 76
0 79
0 80
0 89
0 90
0 98
0 113
0 115
0 117
0 131
0 133
0 135
0 140
0 160
0 166
0 172
0 176
0 208
0 211
0 212
0 216
0 219
0 223
0 238
0 251
0 254
0 269
0 286
0 306
0 307
0 308
0 309
0 312
0 313
0 314
0 315
0 316
0 317
0 320
0 321
0 322
0 323
0 324
0 325
0 327
0 328
0 329
0 330
0 331
0 332
0 333
0 334
0 335
0 336
0 337
0 338
0 339
0 340
0 341
0 342
0 344
0 345
0 346
0 347
0 348
0 349
0 350
0 351
0 352
0 353
0 354
0 355
0 356
0 357
0 358
0 363
0 370
0 373
0 374
0 375
0 376
0 382
0 385
0 387
0 388
0 400
0 401
0 405
0 406
0 409
0 410
0 419
0 420
0 423
0 425
0 426
0 434
0 440
0 441
0 442
0 453
0 459
0 464
0 472
0 486
0 501
0 502
0 503
0 505
0 506
0 508
0 509
0 510
0 511
0 512
0 513
0 514
0 515
0 516
0 517
0 518
0 519
0 520
0 521
0 522
0 523
0 524
0 525
0 526
0 527
0 528
0 529
0 530
0 531
0 533
0 534
0 535
0 537
0 538
0 539
0 540
0 541
0 542
0 543
0 544
0 545
0 546
0 547
0 548
0 549
0 550
0 551
0 553
0 554
0 555
0 556
0 557
0 558
0 559
0 561
0 563
0 564
0 565
0 566
0 567
0 568
0 569
0 570
0 571
0 572
0 573
0 574
0 575
0 576
0 577
0 578
0 579
0 580
0 581
0 582
0 583
0 584
0 585
0 586
0 587
0 588
0 589
0 590
0 591
0 592
0 593
0 594
0 595
0 596
0 597
0 598
0 599
0 600
0 602
0 603
0 604
0 605
0 606
0 607
0 608
0 609
0 610
0 611
0 613
0 614
0 615
0 616
0 617
0 618
0 620
0 621
0 622
0 624
0 625
0 626
0 627
0 628
0 630
0 631
0 633
0 634
0 635
0 637
0 638
0 643
0 646
0 647
0 648
0 649
0 650
0 651
0 652
0 653
0 654
0 657
0 660
0 663
0 664
0 665
0 694
0 697
0 706
0 711
0 712
0 713
0 714
0 715
0 716
0 717
0 718
0 719
0 724
0 725
0 756
0 757
0 762
0 763
0 767
0 771
0 772
0 775
0 781
0 791
0 794
0 795
0 796
0 797
0 798
0 801
0 802
0 803
0 805
0 806
0 807
0 810
0 819
0 820
13 24
13 187
13 380
13 509
13 176
13 472
13 561
15 18
15 24
15 810
15 580
15 581
16 32
16 86
16 324
16 352
16 354
16 355
16 798
17 24
17 447
17 600
17 798
20 69
20 74
20 105
20 106
20 107
20 108
20 109
20 640
21 42
21 43
21 46
21 55
21 69
21 70
21 74
21 92
21 105
21 106
21 107
21 108
21 109
21 641
27 428
27 470
27 471
27 472
27 473
27 474
27 504
27 133
27 238
27 307
27 511
27 529
27 530
27 531
27 535
27 537
27 622
27 819
27 820
29 665
29 691
29 717
29 718
29 719
29 752
29 309
29 349
29 543
29 546
29 547
29 548
29 549
49 36
49 39
49 41
49 42
49 43
49 46
49 47
49 49
49 69
49 70
49 90
49 91
49 369
49 391
49 634
49 650
59 149
59 150
59 169
59 187
59 188
59 189
59 192
59 193
59 220
59 234
59 266
59 267
59 268
59 269
59 270
59 378
59 398
62 188
62 197
62 241
62 242
62 243
62 244
62 374
62 381
75 374
75 375
75 383
75 388
75 430
75 463
75 475
75 476
75 477
75 478
75 479
75 505
75 520
75 521
75 543
75 653
76 185
76 195
76 237
76 238
76 239
76 240
76 193
76 386
76 550
76 564
79 428
79 435
79 470
79 471
79 472
79 473
79 474
79 388
79 390
80 186
80 187
80 194
80 359
80 362
80 364
80 367
80 368
80 369
80 377
80 389
80 571
80 575
89 24
89 154
89 288
89 373
89 654
90 149
90 150
90 176
90 187
90 188
90 190
90 192
90 193
90 220
90 234
90 266
90 267
90 268
90 269
90 270
90 401
90 420
90 572
90 650
98 10
98 18
98 24
98 31
98 225
98 279
98 280
98 281
98 283
98 572
113 24
113 25
113 706
113 736
113 737
113 738
113 739
113 740
113 742
113 810
113 193
113 386
113 550
113 564
115 42
115 43
115 46
115 56
115 69
115 70
115 74
115 92
115 105
115 106
115 107
115 108
115 109
115 193
115 386
115 550
117 296
117 298
117 299
117 302
117 317
117 332
117 337
117 344
117 345
117 346
117 347
117 361
117 385
131 43
131 296
131 298
131 299
131 301
131 303
131 317
131 332
131 337
131 344
131 345
131 346
131 347
131 365
131 378
131 380
131 584
131 615
133 24
133 45
133 318
133 363
133 593
133 366
133 372
133 373
133 379
133 381
133 392
133 397
133 582
133 654
135 45
135 47
135 381
135 430
135 475
135 476
135 477
135 478
135 479
135 505
135 366
135 372
135 373
135 379
135 392
135 397
135 582
135 654
140 32
140 138
140 319
140 799
160 12
160 24
160 30
160 597
160 626
160 627
160 628
160 179
160 310
160 404
160 412
160 667
160 668
160 672
160 700
160 808
166 670
166 691
166 712
166 717
166 718
166 719
166 752
166 676
166 800
172 83
172 367
172 812
172 686
172 811
176 24
176 445
176 811
176 812
208 584
208 588
208 618
208 619
208 620
208 621
208 700
211 576
211 577
211 590
211 622
211 623
211 624
211 625
211 570
212 50
212 81
212 83
212 92
212 576
212 577
212 588
212 618
212 619
212 620
212 621
212 688
212 690
216 11
216 24
216 30
216 597
216 628
216 811
219 24
219 30
219 81
219 83
219 84
219 92
219 445
219 490
219 491
219 492
219 493
219 509
219 799
219 688
219 690
223 24
223 700
223 721
223 722
223 723
223 724
223 777
223 590
223 591
223 592
223 593
223 594
223 646
238 24
238 593
238 797
238 665
238 694
238 697
251 70
251 690
251 714
251 715
251 716
251 751
251 756
251 551
251 673
251 675
251 676
251 677
251 678
251 696
254 667
254 691
254 712
254 717
254 718
254 719
254 752
254 319
254 565
254 674
254 679
254 680
254 699
269 88
269 106
269 147
269 675
269 683
269 791
269 633
269 639
269 640
269 641
269 642
269 682
269 686
269 811
269 812
286 24
286 702
286 742
286 759
286 760
286 761
286 762
286 763
286 810
286 610
306 26
306 121
306 567
306 701
307 629
307 630
307 702
308 28
308 635
308 701
309 629
309 634
309 702
312 24
312 424
312 702
313 124
313 816
313 705
314 35
314 811
314 705
314 707
315 372
315 811
315 426
315 428
315 527
316 663
316 811
316 428
316 706
317 36
317 813
317 423
317 425
317 429
320 531
320 813
320 556
320 709
321 120
321 121
321 662
321 813
321 704
322 120
322 145
322 814
322 579
323 370
323 814
323 573
324 124
324 127
324 534
324 814
324 419
324 424
324 427
324 430
324 431
325 37
325 816
325 430
327 292
327 816
327 607
328 365
328 816
328 708
329 528
329 816
329 585
330 657
330 816
330 709
331 48
331 73
331 144
331 817
331 602
331 708
331 709
332 373
332 817
332 357
332 423
332 425
332 426
332 427
332 629
332 701
332 702
332 705
333 104
333 532
333 817
333 629
333 701
333 702
334 105
334 146
334 818
334 629
334 701
334 702
335 371
335 818
335 629
335 692
335 701
335 702
336 107
336 530
336 818
336 357
336 629
336 701
336 702
337 108
337 535
337 819
337 423
337 425
337 426
337 527
338 109
338 664
338 819
338 705
339 34
339 110
339 820
339 415
340 111
340 661
340 820
340 426
340 428
340 527
341 112
341 147
341 821
341 426
341 428
341 527
342 369
342 821
342 426
342 527
344 24
344 26
344 424
344 423
344 425
344 429
345 73
345 116
345 423
345 425
345 429
346 24
346 26
346 431
346 423
346 425
347 24
347 26
347 118
347 433
347 423
347 425
348 24
348 28
348 119
348 121
348 439
348 704
349 24
349 121
349 440
349 704
350 78
350 121
350 704
351 24
351 121
351 122
351 779
351 704
352 42
352 44
352 46
352 56
352 69
352 70
352 73
352 92
352 100
352 101
352 102
352 103
352 104
352 123
352 124
352 127
352 419
352 424
352 430
352 431
353 24
353 30
353 124
353 127
353 446
353 419
353 424
353 430
353 431
354 24
354 31
354 124
354 125
354 127
354 450
354 419
354 424
354 430
354 431
355 24
355 31
355 124
355 126
355 127
355 453
355 419
355 424
355 430
355 431
356 24
356 31
356 124
356 127
356 132
356 226
356 424
357 24
357 48
357 73
357 99
357 128
357 301
357 363
357 670
357 602
357 708
358 48
358 69
358 73
358 100
358 101
358 102
358 103
358 104
358 129
358 602
358 708
363 376
363 567
370 105
370 106
373 53
373 57
373 58
373 66
373 69
373 70
373 85
373 134
373 136
373 738
374 54
374 57
374 58
374 66
374 70
374 93
374 143
374 453
374 563
374 623
374 632
374 710
374 718
374 719
374 722
374 738
375 143
375 378
375 430
375 459
375 475
375 476
375 477
375 478
375 479
375 505
375 435
375 436
375 453
375 563
375 623
375 632
375 710
375 718
375 719
375 722
375 738
376 56
376 73
376 100
376 101
376 102
376 103
376 104
376 143
376 623
376 632
376 722
376 738
382 63
382 73
382 100
382 101
382 102
382 103
382 104
382 711
382 715
382 716
385 65
385 70
385 78
385 96
385 112
385 114
385 119
385 121
385 479
385 722
387 384
387 432
387 480
387 481
387 482
387 483
387 505
387 478
388 78
388 121
388 143
388 438
388 448
388 455
388 463
388 623
388 632
388 722
388 738
400 39
400 40
400 57
400 58
400 66
400 70
400 93
400 494
401 38
401 42
401 44
401 45
401 46
401 48
401 50
401 52
401 69
401 70
401 91
401 480
401 496
401 632
405 149
405 469
406 151
406 456
406 563
409 237
409 240
409 476
410 187
410 197
410 241
410 242
410 243
410 244
410 482
419 790
419 477
419 484
419 491
420 37
420 42
420 44
420 45
420 46
420 48
420 50
420 52
420 69
420 70
420 110
420 487
420 494
423 296
423 298
423 299
423 301
423 490
423 738
425 296
425 298
425 299
425 301
425 303
425 716
425 794
426 143
426 296
426 298
426 299
426 302
426 304
426 343
426 488
434 55
434 74
434 105
434 106
434 107
434 108
434 109
434 453
434 718
434 719
440 24
440 42
440 43
440 97
440 99
440 139
440 797
440 448
440 462
440 463
441 475
441 479
441 462
441 543
441 544
441 545
441 546
441 547
442 343
442 437
442 480
442 483
442 446
442 447
442 449
442 450
442 451
442 464
442 469
453 379
453 384
453 428
453 436
453 463
453 464
453 470
453 471
453 472
453 473
453 474
453 505
453 520
453 521
453 603
453 605
453 608
459 24
459 437
459 593
459 712
459 715
459 716
464 11
464 24
464 30
464 403
464 484
464 485
472 24
472 30
472 213
472 255
472 259
472 711
472 712
472 713
472 714
486 24
486 31
486 159
486 437
486 446
486 447
486 449
486 450
486 451
486 469
486 610
486 809
501 157
501 174
501 455
501 480
501 482
501 483
501 490
501 495
501 498
501 537
501 538
501 603
501 605
502 157
502 455
502 467
502 480
502 482
502 483
502 490
502 495
502 497
502 539
503 157
503 455
503 467
503 480
503 482
503 483
503 490
503 495
503 497
503 498
503 538
503 540
505 143
505 169
505 413
505 432
505 433
505 439
505 448
505 449
505 456
505 458
505 460
505 461
505 463
505 477
505 491
505 492
505 493
505 494
505 618
505 619
505 563
505 622
505 623
505 632
505 689
505 712
505 714
505 715
505 716
505 718
505 719
505 720
505 722
505 738
506 177
506 491
506 492
506 493
506 494
506 583
506 590
506 622
506 623
506 624
506 625
508 714
508 751
508 619
508 622
509 42
509 44
509 46
509 55
509 69
509 70
509 73
509 92
509 100
509 101
509 102
509 103
509 104
509 180
509 512
509 516
509 519
509 520
509 524
509 525
509 526
509 543
509 544
509 546
509 547
509 550
509 553
509 554
509 564
509 567
509 570
509 574
509 617
509 622
509 624
509 626
509 627
509 628
509 637
509 638
509 767
510 181
510 797
511 24
511 182
511 465
511 466
511 593
511 798
511 522
511 721
511 797
512 24
512 26
512 143
512 183
512 424
512 802
512 623
512 722
512 738
513 24
513 26
513 143
513 184
513 424
513 773
513 722
513 738
514 24
514 185
514 196
514 431
514 738
515 24
515 26
515 162
515 186
515 196
515 474
515 487
515 745
516 24
516 431
516 473
516 589
517 24
517 187
517 198
517 433
517 473
518 24
518 26
518 188
518 198
518 473
518 744
519 24
519 157
519 433
519 455
519 480
519 482
519 483
519 490
519 495
519 498
519 591
519 603
519 605
519 637
519 638
520 24
520 26
520 143
520 169
520 413
520 432
520 449
520 461
520 480
520 491
520 492
520 493
520 494
520 806
520 623
520 632
520 689
520 718
520 719
520 720
520 722
520 738
521 24
521 435
521 691
521 717
521 718
521 719
521 752
521 806
521 563
522 7
522 24
522 26
522 158
522 190
522 432
522 475
522 476
522 478
522 479
522 480
522 481
522 483
522 484
522 488
522 489
522 496
522 500
522 614
522 636
523 7
523 24
523 26
523 158
523 191
523 475
523 476
523 478
523 479
523 481
523 484
523 488
523 489
523 496
523 500
523 590
523 622
523 623
523 636
524 7
524 24
524 158
524 192
524 475
524 476
524 478
524 479
524 481
524 484
524 488
524 489
524 496
524 499
524 500
524 690
524 691
524 715
524 716
524 718
524 719
524 614
524 636
525 6
525 24
525 158
525 475
525 476
525 478
525 479
525 481
525 484
525 488
525 489
525 496
525 499
525 500
525 690
525 691
525 715
525 716
525 718
525 719
525 614
525 636
526 24
526 26
526 158
526 194
526 432
526 475
526 476
526 478
526 479
526 480
526 481
526 484
526 488
526 489
526 496
526 805
526 636
527 300
527 343
527 647
528 24
528 200
528 593
529 24
529 200
529 693
529 734
529 805
530 24
530 200
530 765
531 24
531 56
531 139
531 213
531 284
531 761
533 24
533 195
533 213
533 284
533 438
534 24
534 284
534 592
534 814
535 24
535 284
535 668
535 712
535 813
537 24
537 694
537 797
537 801
537 802
538 24
538 196
538 205
538 439
539 213
539 504
539 797
539 799
539 800
539 801
539 816
539 734
539 761
539 802
539 813
540 24
540 205
540 213
540 289
540 724
540 734
540 761
540 801
540 802
540 813
540 814
541 24
541 289
541 596
541 726
541 813
541 814
542 9
542 24
542 28
542 205
542 213
542 452
542 726
542 734
542 757
542 761
543 24
543 139
543 213
543 727
543 734
543 761
543 813
543 814
544 24
544 206
544 213
544 221
544 242
544 275
544 471
544 729
544 730
544 731
544 734
544 761
544 813
544 814
545 24
545 213
545 237
545 445
545 594
545 730
545 731
545 734
545 755
545 761
545 813
545 814
546 24
546 213
546 224
546 227
546 237
546 445
546 698
546 560
546 731
546 732
546 734
546 755
546 761
546 764
546 813
546 814
547 24
547 807
547 733
547 737
547 765
548 24
548 206
548 275
548 746
548 761
548 765
549 8
549 24
549 206
549 275
549 443
549 734
549 764
550 11
550 24
550 111
550 118
550 120
550 139
550 227
550 813
551 11
551 24
551 30
551 209
551 222
551 735
553 11
553 24
553 227
553 700
553 720
553 723
554 11
554 24
554 213
554 766
554 736
555 11
555 24
555 30
555 776
555 737
555 755
555 761
556 32
556 78
556 207
556 213
556 226
556 728
556 734
556 764
556 813
557 24
557 30
557 213
557 222
557 240
557 255
557 256
557 259
557 747
557 739
557 764
557 814
558 24
558 700
558 741
558 799
559 24
559 700
559 741
559 808
559 742
561 24
561 30
561 213
561 599
561 633
561 743
563 377
563 380
563 381
563 408
563 417
563 468
563 746
563 813
564 10
564 24
564 111
564 118
564 120
564 139
564 747
565 24
565 30
565 213
565 255
565 256
565 257
565 258
565 259
565 777
565 740
566 12
566 24
566 30
566 443
566 748
566 814
567 24
567 30
567 445
567 489
567 490
567 491
567 492
567 493
567 740
567 746
567 758
567 801
568 24
568 290
568 600
568 802
569 24
569 30
569 290
569 701
569 750
570 24
570 447
570 752
570 758
571 24
571 799
571 800
571 746
571 753
572 42
572 43
572 99
572 797
572 740
572 751
573 32
573 82
573 749
574 24
574 31
574 408
574 768
574 754
575 24
575 122
575 123
575 126
575 127
575 128
575 703
575 756
575 801
575 802
576 24
576 792
576 799
576 801
576 802
577 14
577 24
577 30
577 225
577 446
577 740
577 758
577 759
577 801
578 14
578 24
578 30
578 603
578 759
578 802
579 24
579 703
579 760
579 801
580 24
580 30
580 241
580 243
580 446
580 802
581 24
581 30
581 213
581 241
581 602
581 723
581 727
581 734
581 740
581 746
581 758
581 761
581 801
581 802
581 813
581 814
582 85
582 134
582 136
582 197
582 788
582 727
583 704
583 732
583 733
583 735
583 788
583 628
583 725
583 767
584 83
584 129
584 130
584 132
584 789
584 627
585 198
585 789
585 727
586 702
586 759
586 760
586 761
586 762
586 763
586 789
587 789
587 810
587 763
588 24
588 218
588 450
588 724
588 725
588 756
588 762
589 24
589 218
589 605
590 24
590 454
590 757
591 24
591 31
591 707
592 24
592 31
592 769
593 24
593 285
593 452
593 647
593 730
594 24
594 291
594 647
594 731
595 24
595 199
595 291
595 610
595 647
595 731
596 24
596 706
596 769
597 24
597 31
597 445
597 454
597 560
597 793
597 733
597 736
598 24
598 227
598 704
598 794
598 764
599 64
599 65
599 73
599 100
599 101
599 102
599 103
599 104
599 221
599 222
599 443
599 647
599 728
599 781
600 24
600 31
600 218
602 32
602 84
602 359
602 360
603 24
603 609
604 24
604 31
604 609
604 705
604 732
604 733
604 737
604 750
604 752
604 753
605 2
605 24
605 31
606 24
606 88
606 207
606 237
606 471
606 796
606 613
606 739
606 741
606 742
606 743
606 744
606 747
606 748
606 751
606 754
606 755
607 24
607 796
607 755
608 24
608 222
608 240
608 242
608 243
608 617
608 647
608 745
608 749
608 760
609 24
609 31
609 222
609 770
610 24
610 222
611 24
611 200
611 742
611 749
611 799
611 800
613 3
613 24
613 31
613 202
613 213
613 647
613 648
613 649
613 734
613 761
613 813
613 814
614 24
614 203
614 213
614 456
614 778
614 734
614 761
614 813
614 814
615 83
615 132
615 204
615 790
615 740
615 746
615 758
616 24
616 205
616 221
616 451
616 801
616 802
617 24
617 206
617 451
618 4
618 24
618 31
618 452
618 724
618 725
618 756
618 762
620 24
620 42
620 56
620 97
620 99
620 139
620 670
620 724
620 725
620 756
620 762
621 209
621 691
621 717
621 718
621 719
621 752
621 754
621 724
621 725
621 756
621 762
622 24
622 384
622 670
622 757
624 24
624 26
624 430
624 475
624 476
624 477
624 478
624 479
624 755
624 757
625 293
625 812
625 757
626 24
626 26
626 430
626 445
626 475
626 476
626 477
626 478
626 479
626 560
626 612
626 804
626 733
626 736
627 24
627 214
627 430
627 445
627 475
627 476
627 477
627 478
627 479
627 560
627 733
627 736
628 24
628 215
628 430
628 445
628 475
628 476
628 477
628 478
628 479
628 560
628 733
628 736
630 32
630 47
630 217
630 445
630 560
630 733
630 736
631 218
631 221
631 222
631 294
631 443
631 813
631 728
631 781
633 24
633 30
633 220
633 221
633 222
633 266
633 267
633 268
633 270
633 443
633 799
633 728
634 32
634 221
634 222
634 443
634 728
634 781
635 32
635 50
635 220
635 221
635 222
635 443
635 728
635 781
637 24
637 31
637 224
637 225
637 226
637 452
637 771
637 729
637 735
638 24
638 31
638 224
638 225
638 226
638 452
638 772
638 729
638 735
643 149
643 150
643 177
643 187
643 188
643 189
643 192
643 193
643 220
643 230
643 234
643 266
643 267
643 268
643 270
643 732
643 737
643 750
643 752
643 753
646 141
646 200
646 206
646 213
646 233
646 815
646 732
646 737
646 750
646 752
646 753
647 207
647 234
647 237
647 471
647 815
647 739
647 741
647 742
647 743
647 744
647 747
647 748
647 751
647 754
648 207
648 235
648 237
648 366
648 471
648 797
648 816
648 739
648 741
648 742
648 743
648 744
648 747
648 748
648 751
648 754
649 207
649 236
649 237
649 471
649 658
649 797
649 816
649 739
649 741
649 742
649 743
649 744
649 747
649 748
649 751
649 754
649 755
650 33
650 41
650 42
650 43
650 46
650 47
650 51
650 69
650 70
650 91
650 207
650 237
650 471
650 739
650 741
650 742
650 743
650 744
650 747
650 748
650 751
650 754
651 45
651 46
651 48
651 77
651 207
651 237
651 471
651 739
651 741
651 742
651 743
651 744
651 747
651 748
651 751
651 754
651 755
652 63
652 67
652 69
652 94
652 239
652 240
652 242
652 243
652 745
652 749
652 760
653 42
653 44
653 45
653 46
653 110
653 240
653 242
653 243
653 745
653 749
653 760
654 52
654 57
654 58
654 60
654 66
654 69
654 70
654 85
654 134
654 136
654 240
654 242
654 243
654 745
654 749
654 760
657 152
657 192
657 197
657 236
657 241
657 242
657 243
657 244
660 180
660 197
660 241
660 242
660 243
660 244
660 815
663 149
663 150
663 153
663 156
663 180
663 192
663 193
663 233
664 149
664 150
664 152
664 155
664 181
664 192
664 193
664 233
665 149
665 150
665 153
665 157
665 192
665 193
665 195
665 233
665 237
665 239
665 240
665 264
665 771
665 772
665 775
665 815
694 188
694 195
694 237
694 239
694 240
697 195
697 228
697 237
697 239
697 240
697 245
697 816
706 32
706 73
706 271
706 273
706 601
711 248
711 262
711 428
711 471
711 473
711 474
712 249
712 378
712 428
712 470
712 471
712 473
712 474
712 771
712 772
713 250
713 379
713 428
713 470
713 471
713 473
713 474
713 507
714 380
714 428
714 470
714 471
714 473
714 474
715 378
715 424
715 504
716 252
716 378
716 504
717 24
717 181
717 435
717 791
718 253
718 379
718 384
718 463
718 504
719 379
719 384
719 436
719 463
719 504
724 3
724 257
724 259
724 619
724 779
724 780
725 260
725 262
725 263
725 265
725 619
725 778
725 782
756 619
756 775
757 280
757 623
757 771
757 772
757 775
762 284
762 285
762 619
762 787
763 24
763 284
763 285
763 429
763 787
767 24
767 432
767 480
767 481
767 482
767 483
767 562
771 666
771 667
771 669
771 671
771 689
771 710
771 753
772 666
772 667
772 669
772 671
772 689
772 710
772 754
775 666
775 667
775 670
775 673
775 675
775 689
775 710
775 819
781 24
781 30
781 289
781 632
781 636
781 779
791 24
791 691
791 743
794 24
794 26
794 774
795 24
795 194
795 429
795 820
796 24
796 194
796 287
797 5
797 24
797 26
797 428
797 470
797 474
798 24
798 31
798 449
798 500
801 296
802 793
803 33
803 793
803 812
805 793
805 812
806 659
806 793
806 812
807 58
807 63
807 64
807 65
807 66
807 67
807 68
807 69
807 94
807 95
810 149
810 150
810 153
810 157
810 185
810 186
810 192
810 193
810 233
819 24
819 201
819 303
820 24
820 201
820 304
1 25
1 821
821 305
2 71
71 252
3 678
3 689
3 700
3 720
3 721
3 722
3 723
3 741
3 758
678 168
678 209
678 248
678 249
678 250
678 252
678 253
678 264
678 778
689 262
689 264
689 414
689 444
689 469
689 485
689 494
689 495
689 496
689 766
689 815
700 159
700 161
700 162
700 163
700 169
700 257
700 779
700 780
720 255
720 257
720 779
720 780
721 256
721 257
721 428
721 429
721 470
721 779
721 780
722 257
722 364
722 367
722 378
722 383
722 390
722 395
722 408
722 415
722 417
722 421
722 467
722 779
722 780
723 257
723 258
723 536
723 779
723 780
741 257
741 260
741 262
741 263
741 276
741 778
741 779
741 780
741 782
758 281
758 562
4 91
91 272
5 92
92 165
92 260
92 261
92 262
92 263
92 264
92 265
6 93
93 274
93 381
7 94
94 275
8 96
96 277
9 97
97 278
11 99
99 280
12 100
100 189
100 225
100 279
100 280
100 281
100 283
24 112
380 61
380 83
380 129
380 130
380 132
14 102
102 283
18 106
18 645
32 120
86 19
86 267
447 393
447 485
447 487
447 488
447 457
106 179
106 220
106 266
106 267
106 268
106 270
645 19
645 232
645 732
645 737
645 750
645 752
645 753
19 70
70 33
70 371
70 381
69 33
69 250
74 255
74 360
105 360
108 360
109 360
640 220
640 224
640 225
640 226
640 266
640 267
640 268
640 270
640 729
640 735
42 704
42 732
42 733
42 749
43 361
43 362
43 395
46 134
46 364
46 365
46 366
46 391
46 393
46 394
55 233
641 220
641 224
641 225
641 226
641 228
641 266
641 267
641 268
641 270
641 729
641 735
22 110
22 642
22 661
642 220
642 229
642 266
642 267
642 268
642 270
642 732
642 737
642 750
642 752
642 753
661 142
661 144
661 148
661 150
661 154
661 157
661 159
661 161
661 164
661 168
661 170
661 177
661 192
661 193
661 230
661 231
661 276
661 278
661 780
23 111
23 639
111 193
111 386
639 220
639 224
639 225
639 226
639 266
639 267
639 268
639 270
639 729
639 735
112 361
26 114
114 343
114 361
470 416
470 444
470 494
470 495
470 496
471 146
473 148
473 389
474 149
474 445
474 449
474 489
474 490
474 491
474 492
474 497
474 498
474 499
474 500
474 507
504 439
504 536
28 116
116 193
116 386
691 256
752 279
752 644
30 118
30 67
118 193
118 386
31 119
31 311
119 361
311 48
311 629
120 386
34 122
122 359
122 362
122 364
122 367
122 368
122 369
122 377
122 389
35 123
123 359
123 362
123 364
123 367
123 368
123 369
123 377
36 124
124 359
124 362
124 364
124 367
124 368
124 369
124 377
37 125
125 359
125 362
125 364
125 367
125 368
125 369
125 377
38 126
126 362
126 364
126 367
126 368
126 369
126 377
126 389
39 127
39 394
127 305
127 359
127 362
127 364
127 367
127 368
127 369
127 377
127 389
394 84
394 449
40 128
40 399
128 359
128 362
128 364
128 367
128 368
128 369
128 377
128 389
399 72
399 493
41 129
41 395
129 365
129 378
395 326
395 450
395 461
395 632
704 282
704 305
704 783
704 784
704 785
704 786
704 788
704 789
704 792
732 267
732 282
732 644
732 783
732 784
732 785
732 786
732 788
732 789
732 792
733 268
733 282
733 629
733 783
733 784
733 785
733 786
733 788
733 789
733 792
749 655
749 656
361 48
361 73
361 78
361 384
362 707
44 132
44 396
132 365
132 378
396 45
396 451
45 51
45 85
45 134
45 136
51 229
51 391
51 393
85 266
85 366
85 372
85 379
85 381
85 392
85 397
134 364
134 366
134 372
134 379
134 381
134 392
134 397
136 460
136 366
136 372
136 379
136 381
136 392
136 397
364 143
364 623
364 632
364 738
365 83
365 130
365 432
391 88
391 448
391 632
393 84
393 438
393 623
47 367
48 359
48 360
48 368
359 65
359 73
359 130
359 708
360 73
360 138
360 708
368 433
369 623
50 193
193 179
193 310
193 404
193 407
193 799
52 230
52 372
230 179
230 310
230 404
230 799
372 632
53 231
231 179
231 644
231 310
231 404
231 799
54 232
232 811
56 234
57 235
57 377
235 671
235 672
377 436
58 236
58 381
58 397
236 65
236 818
397 491
149 175
149 407
149 408
150 476
150 179
150 310
150 404
150 408
150 799
169 415
169 417
169 444
169 469
169 494
169 495
169 496
169 179
169 679
169 799
189 66
189 68
189 81
189 809
192 65
192 179
192 310
192 404
192 411
192 412
192 414
192 644
192 667
192 671
192 672
192 693
192 799
192 811
192 812
192 818
220 84
220 147
220 682
220 686
220 811
220 812
266 84
266 147
266 731
266 682
266 686
266 811
266 812
267 84
267 147
267 682
267 686
267 811
267 812
268 84
268 87
268 147
268 682
268 686
268 811
268 812
270 84
270 147
270 735
270 682
270 686
270 811
270 812
378 83
378 130
378 143
378 552
378 623
378 632
378 738
398 72
398 492
60 239
60 379
61 240
240 655
240 656
242 655
242 656
243 655
243 656
244 64
244 692
63 158
63 201
63 245
63 246
63 247
158 389
158 456
201 65
201 612
201 666
201 817
201 818
245 65
245 666
245 818
246 65
246 709
246 666
246 818
247 65
247 66
247 710
247 666
247 818
65 156
65 386
156 483
156 310
156 662
386 157
386 623
66 371
371 143
68 466
68 467
466 142
466 432
466 433
466 480
466 477
466 632
466 738
467 143
467 452
467 455
250 673
250 675
250 676
250 677
250 696
252 673
252 675
252 676
252 677
252 696
72 253
253 673
253 675
253 676
253 677
253 696
73 305
73 402
305 629
305 701
305 702
305 709
402 103
402 104
402 137
402 143
402 383
402 437
255 319
255 674
255 679
255 680
255 699
383 143
383 445
383 489
383 490
383 491
383 492
383 493
383 623
383 738
430 465
463 139
463 392
475 408
475 456
475 465
476 456
477 412
477 414
477 417
478 152
478 456
479 153
479 456
185 693
77 258
258 319
258 674
258 679
258 680
78 259
259 319
259 674
259 679
259 680
259 698
259 699
390 81
390 82
390 446
389 81
389 458
81 260
81 261
81 262
81 264
81 265
260 83
260 681
260 703
260 726
260 727
260 728
260 729
260 730
260 688
260 690
261 83
261 726
261 688
261 690
262 83
262 84
262 671
262 675
262 692
262 699
262 703
262 726
262 727
262 728
262 729
262 730
262 688
262 690
264 83
264 659
264 666
264 667
264 669
264 672
264 675
264 679
264 684
264 709
264 688
264 690
265 83
265 84
265 688
265 690
82 263
263 83
263 679
263 703
263 726
263 727
263 728
263 729
263 730
263 688
263 690
84 218
392 87
392 143
392 154
392 413
392 738
154 445
154 489
154 490
154 491
154 492
154 493
154 655
288 780
190 318
190 696
190 811
272 738
272 302
272 532
272 670
272 684
165 492
165 404
165 675
274 739
274 302
274 532
274 670
274 684
275 740
95 276
276 655
277 742
278 179
278 751
278 310
278 404
278 411
278 799
225 601
225 681
225 685
225 687
225 695
279 681
279 685
279 687
279 695
280 681
280 685
280 687
280 695
281 681
281 685
281 687
281 695
283 760
283 681
283 685
283 687
283 695
101 282
101 422
282 687
282 731
282 734
282 735
282 681
282 685
282 695
422 492
422 632
422 636
103 295
295 787
179 143
179 148
179 152
179 155
179 162
179 164
179 175
179 690
179 811
736 271
736 273
736 601
736 629
737 271
737 273
737 601
737 644
738 271
738 273
738 403
738 408
738 413
738 416
738 418
738 601
739 273
739 601
740 271
740 273
740 601
343 407
343 484
343 485
343 487
343 488
296 415
296 416
296 417
296 629
296 701
296 702
296 703
298 813
298 416
298 629
298 701
298 702
298 703
299 814
299 417
299 629
299 701
299 702
302 184
302 224
302 271
302 273
302 629
302 702
301 817
301 701
303 418
303 701
318 191
318 421
460 452
137 461
461 444
461 469
461 494
461 495
461 496
138 462
319 167
319 213
319 256
319 257
319 429
799 148
799 152
799 155
799 159
799 161
799 163
799 171
141 465
465 431
142 411
411 143
411 481
143 408
143 415
143 418
408 151
408 623
408 632
415 454
418 304
418 495
144 468
144 310
468 403
468 445
468 489
468 490
468 491
468 492
468 493
310 146
310 153
310 162
310 167
310 168
310 177
310 184
310 701
310 705
145 469
469 413
469 449
469 484
469 485
469 487
469 488
147 162
147 404
162 421
162 449
162 497
162 498
162 499
162 500
162 507
162 404
162 667
162 671
162 672
162 800
404 148
404 153
404 155
404 174
404 438
404 623
148 175
175 684
407 438
407 444
151 674
151 675
674 164
674 213
674 256
674 257
674 776
674 815
674 816
675 209
675 248
675 249
675 257
675 284
675 790
675 815
152 656
152 658
152 659
152 662
152 818
656 153
656 745
656 760
658 199
658 780
659 157
659 199
659 780
662 199
662 780
153 655
655 780
655 745
655 760
445 326
445 444
445 629
445 454
445 457
489 326
489 427
489 444
489 454
489 456
489 457
490 163
490 326
490 444
490 452
490 454
490 457
491 164
491 326
491 454
491 457
492 326
492 444
492 454
492 457
493 326
493 421
493 444
493 454
493 536
155 482
155 668
482 452
668 159
668 161
668 206
668 768
668 815
483 413
483 452
157 452
452 780
452 455
452 480
452 495
452 497
452 498
456 481
456 484
456 488
456 496
456 499
456 500
456 636
159 666
159 800
159 808
666 507
666 766
666 815
800 161
800 170
800 210
808 161
808 163
808 204
667 202
667 768
667 769
672 202
672 203
672 774
161 488
161 670
161 812
488 437
488 446
488 449
488 450
488 451
670 224
670 271
670 273
670 769
670 770
670 815
812 174
812 177
812 217
421 300
449 484
449 485
449 487
497 170
497 451
497 487
498 171
498 454
498 487
499 458
499 487
500 173
500 457
507 178
507 487
671 205
671 207
671 285
671 770
671 773
671 774
671 782
671 816
163 673
673 209
673 248
673 249
673 773
673 776
673 815
676 209
676 248
676 249
676 485
676 601
676 790
676 815
676 816
167 494
167 677
494 413
677 209
677 248
677 249
677 780
677 815
168 495
495 413
417 632
444 413
496 413
679 213
679 256
679 257
679 273
170 680
680 213
680 256
680 257
680 779
171 685
685 785
685 815
686 786
811 178
811 297
173 687
687 787
174 532
174 681
174 688
532 213
532 224
532 271
532 273
688 788
684 224
684 271
684 273
684 784
178 644
178 695
644 750
644 753
695 769
695 770
182 669
669 227
183 682
682 789
184 683
683 227
683 783
683 790
809 191
809 793
696 209
696 248
696 249
696 816
414 213
414 632
612 213
612 734
612 761
612 813
612 814
210 623
213 536
213 698
213 699
536 734
536 761
536 813
536 814
698 214
698 256
698 257
698 776
699 215
699 256
699 257
221 632
221 636
632 222
632 384
632 443
632 448
632 728
777 734
224 601
601 226
601 729
601 735
692 776
692 816
709 815
703 297
703 778
703 782
726 778
726 782
727 778
727 782
728 778
728 782
728 804
729 778
729 782
730 780
730 778
730 782
731 783
731 784
731 785
731 786
731 788
731 789
731 792
735 783
735 784
735 785
735 786
735 788
735 789
735 792
271 748
734 560
734 783
734 784
734 785
734 786
734 788
734 789
760 284
760 285
760 787
284 702
284 759
284 761
702 285
702 294
702 300
702 304
702 787
759 285
759 787
761 285
761 562
761 787
287 764
764 552
780 552
290 782
291 783
292 784
292 701
701 300
293 785
293 629
629 300
629 304
629 560
294 786
814 552
300 815
431 326
708 790
484 437
484 446
484 450
484 451
485 437
485 446
485 450
485 451
487 437
487 446
487 450
487 451
552 437
438 443
745 562
744 560
766 562
562 768
750 792
793 804
