822 3261
0 0
0 306
0 307
0 308
0 309
0 312
0 313
0 314
0 315
0 316
0 317
0 318
0 319
0 320
0 321
0 322
0 323
0 324
0 325
0 326
0 327
0 328
0 329
0 330
0 331
0 332
0 333
0 334
0 335
0 336
0 337
0 338
0 339
0 340
0 341
0 342
0 343
0 344
0 345
0 346
0 347
0 348
0 349
0 350
0 351
0 352
0 353
0 354
0 355
0 356
0 357
0 358
0 359
0 360
0 375
0 376
0 382
0 383
0 384
0 385
0 388
0 400
0 401
0 404
0 405
0 406
0 409
0 410
0 418
0 419
0 420
0 423
0 424
0 425
0 426
0 434
0 440
0 441
0 442
0 501
0 502
0 503
0 505
0 506
0 508
0 509
0 510
0 511
0 512
0 513
0 514
0 515
0 516
0 517
0 518
0 519
0 520
0 521
0 522
0 523
0 524
0 525
0 526
0 527
0 528
0 529
0 530
0 531
0 532
0 533
0 534
0 535
0 536
0 537
0 538
0 539
0 540
0 541
0 542
0 543
0 544
0 545
0 546
0 547
0 548
0 549
0 550
0 551
0 552
0 553
0 554
0 555
0 556
0 557
0 558
0 559
0 560
0 561
0 562
0 563
0 564
0 565
0 566
0 567
0 568
0 569
0 570
0 571
0 572
0 573
0 574
0 575
0 576
0 577
0 578
0 579
0 580
0 581
0 582
0 583
0 584
0 585
0 586
0 587
0 588
0 589
0 590
0 591
0 592
0 593
0 594
0 595
0 596
0 597
0 598
0 599
0 600
0 601
0 602
0 603
0 604
0 605
0 606
0 607
0 608
0 609
0 610
0 611
0 612
0 613
0 614
0 615
0 616
0 617
0 618
0 619
0 620
0 621
0 622
0 623
0 624
0 625
0 626
0 627
0 628
0 629
0 630
0 631
0 632
0 633
0 634
0 635
0 636
0 637
0 638
0 646
0 647
0 648
0 649
0 650
0 651
0 652
0 653
0 654
0 657
0 660
0 663
0 664
0 665
0 666
0 692
0 693
0 694
0 697
0 711
0 712
0 713
0 714
0 715
0 716
0 717
0 718
0 719
0 724
0 756
0 757
0 762
0 763
0 767
0 771
0 772
0 775
0 791
0 794
0 795
0 796
0 797
0 798
0 803
0 804
0 805
0 806
0 807
0 810
0 819
0 820
306 26
306 631
306 701
307 27
307 630
307 702
308 28
308 635
308 701
309 29
309 634
309 702
312 24
312 702
313 816
313 636
313 705
314 35
314 811
314 705
314 707
315 372
315 811
315 418
315 420
315 423
315 424
315 425
315 426
315 428
316 663
316 811
316 428
317 36
317 813
317 419
317 429
318 143
318 813
318 421
319 294
319 813
319 429
320 531
320 813
320 556
320 709
321 662
321 813
321 704
322 145
322 814
322 579
323 370
323 814
323 573
324 534
324 814
324 427
324 430
324 431
324 706
325 37
325 816
325 430
326 142
326 816
326 431
327 292
327 816
327 607
328 365
328 816
328 708
329 528
329 816
329 585
330 657
330 816
330 709
331 144
331 817
331 602
331 708
331 709
332 373
332 817
332 422
332 423
332 424
332 425
332 426
332 427
332 701
332 702
332 705
333 104
333 532
333 817
333 701
333 702
334 105
334 146
334 818
334 701
334 702
335 106
335 371
335 818
335 701
335 702
336 107
336 530
336 818
336 701
336 702
337 108
337 535
337 819
337 420
337 423
337 424
337 425
337 426
338 109
338 664
338 819
338 705
339 34
339 110
339 820
339 415
340 111
340 661
340 820
340 418
340 420
340 423
340 424
340 425
340 426
340 428
341 112
341 147
341 821
341 418
341 420
341 423
341 424
341 425
341 426
341 428
342 113
342 369
342 821
342 418
342 420
342 423
342 424
342 425
342 426
343 114
343 376
343 418
343 420
343 423
343 424
343 425
343 426
344 24
344 26
344 115
344 424
344 419
344 429
345 73
345 116
345 419
345 429
346 24
346 26
346 117
346 431
346 419
347 24
347 26
347 118
347 433
347 419
348 24
348 28
348 119
348 439
348 704
349 24
349 29
349 120
349 440
349 704
350 78
350 121
350 704
351 24
351 122
351 779
351 704
352 24
352 30
352 123
352 442
352 486
352 430
352 431
352 706
353 24
353 30
353 124
353 446
353 430
353 431
353 706
354 24
354 31
354 125
354 450
354 430
354 431
354 706
355 24
355 31
355 126
355 453
355 430
355 431
355 706
356 24
356 31
356 127
356 226
356 706
357 32
357 128
357 602
357 708
358 69
358 73
358 100
358 101
358 102
358 103
358 104
358 129
358 602
358 708
359 69
359 74
359 105
359 106
359 107
359 108
359 109
359 130
359 602
359 708
360 42
360 74
360 105
360 106
360 107
360 108
360 109
360 131
360 602
360 708
375 55
375 73
375 100
375 101
375 102
375 103
375 104
375 435
375 436
375 710
375 711
375 717
375 718
375 719
375 722
376 56
376 73
376 100
376 101
376 102
376 103
376 104
376 434
376 722
382 63
382 73
382 100
382 101
382 102
382 103
382 104
382 715
382 716
383 64
383 73
383 100
383 101
383 102
383 103
383 104
383 623
383 722
384 64
384 65
384 73
384 100
384 101
384 102
384 103
384 104
384 622
384 717
384 718
384 719
385 65
385 70
385 78
385 96
385 112
385 114
385 117
385 119
385 121
385 479
385 722
388 78
388 79
388 121
388 463
388 471
388 472
388 722
400 39
400 40
400 57
400 58
400 66
400 70
400 93
400 494
401 38
401 42
401 44
401 45
401 46
401 48
401 50
401 52
401 69
401 70
401 90
401 91
401 496
401 720
404 148
404 452
404 471
405 149
405 469
406 151
406 456
409 237
409 240
409 476
409 720
410 241
410 244
410 482
418 299
418 495
419 299
419 484
419 491
419 720
420 300
420 487
420 494
423 296
423 298
423 299
423 301
423 490
424 296
424 298
424 299
424 302
424 512
424 513
424 715
425 296
425 298
425 299
425 301
425 303
425 716
425 794
426 296
426 298
426 299
426 302
426 304
426 488
434 461
434 521
434 718
434 719
440 470
440 474
440 462
440 463
441 475
441 479
441 462
441 543
441 544
441 545
441 546
441 547
442 437
442 480
442 483
442 443
442 445
442 446
442 447
442 448
442 449
442 450
442 451
442 452
442 456
501 174
501 498
501 537
501 538
501 603
501 605
501 612
502 175
502 467
502 497
502 539
502 612
503 176
503 467
503 497
503 498
503 538
503 540
503 612
505 432
505 433
505 439
505 449
505 458
505 459
505 460
505 461
505 463
505 491
505 492
505 493
505 494
505 618
505 619
505 622
505 623
505 711
505 712
505 714
505 715
505 716
505 717
505 718
505 719
505 720
505 722
506 177
506 491
506 492
506 493
506 494
506 622
506 623
508 179
508 714
508 751
508 622
508 623
509 180
509 717
509 752
509 512
509 516
509 519
509 520
509 524
509 525
509 526
509 543
509 544
509 546
509 547
509 550
509 553
509 554
509 560
509 562
509 564
509 570
509 574
509 617
509 622
509 623
509 624
509 625
509 626
509 627
509 628
509 637
509 638
510 181
510 797
511 182
511 465
511 466
511 798
511 522
511 721
511 797
512 24
512 26
512 183
512 802
512 722
513 24
513 26
513 184
513 773
513 722
514 24
514 185
514 196
514 431
515 24
515 26
515 186
515 196
515 474
515 480
515 484
515 485
515 486
515 487
515 745
516 24
516 431
516 473
516 589
517 24
517 187
517 198
517 433
517 473
518 24
518 26
518 188
518 198
518 473
518 744
519 24
519 189
519 433
519 498
519 591
519 603
519 605
519 612
519 637
519 638
520 24
520 26
520 432
520 449
520 480
520 491
520 492
520 493
520 494
520 806
520 717
520 718
520 719
520 722
521 24
521 435
521 691
521 717
521 718
521 719
521 752
521 806
522 7
522 24
522 26
522 190
522 432
522 472
522 475
522 476
522 477
522 478
522 479
522 480
522 481
522 482
522 483
522 488
522 489
522 490
522 495
522 496
522 500
522 614
523 7
523 24
523 26
523 191
523 472
523 475
523 476
523 477
523 478
523 479
523 481
523 482
523 483
523 488
523 489
523 490
523 495
523 496
523 500
523 590
523 622
523 623
524 7
524 24
524 192
524 472
524 475
524 476
524 477
524 478
524 479
524 481
524 482
524 483
524 488
524 489
524 490
524 495
524 496
524 499
524 500
524 690
524 691
524 715
524 716
524 718
524 719
524 614
525 6
525 24
525 193
525 472
525 475
525 476
525 477
525 478
525 479
525 481
525 482
525 483
525 488
525 489
525 490
525 495
525 496
525 499
525 500
525 690
525 691
525 715
525 716
525 718
525 719
525 614
526 24
526 26
526 194
526 432
526 472
526 475
526 476
526 477
526 478
526 479
526 480
526 481
526 482
526 483
526 488
526 489
526 490
526 495
526 496
526 805
527 24
527 27
527 56
527 139
527 200
527 647
528 24
528 200
528 593
529 24
529 27
529 200
529 693
529 805
530 24
530 27
530 200
530 765
530 814
531 24
531 27
531 56
531 139
531 284
532 24
532 154
532 284
533 24
533 195
533 284
533 438
534 24
534 284
534 592
535 24
535 27
535 284
535 668
535 712
535 813
536 24
536 27
536 56
536 139
536 288
536 504
536 723
536 813
536 814
537 24
537 27
537 694
537 797
538 24
538 196
538 205
538 439
539 24
539 28
539 205
539 504
539 699
539 813
539 814
540 24
540 205
540 289
540 724
540 813
540 814
541 24
541 289
541 596
541 726
541 813
541 814
542 9
542 24
542 28
542 205
542 725
542 726
543 24
543 29
543 75
543 139
543 727
543 813
543 814
544 24
544 206
544 275
544 728
544 729
544 730
544 731
544 813
544 814
545 24
545 594
545 730
545 731
545 755
545 813
545 814
546 24
546 29
546 698
546 731
546 732
546 755
546 764
546 765
546 813
546 814
547 24
547 29
547 807
547 733
547 737
548 24
548 29
548 206
548 275
548 746
548 765
549 8
549 24
549 29
549 206
549 275
549 734
549 738
549 764
550 11
550 24
550 76
550 111
550 113
550 115
550 118
550 120
550 139
550 813
551 11
551 24
551 30
551 209
551 251
551 735
552 11
552 24
552 30
552 597
552 628
552 764
552 765
553 11
553 24
553 700
553 720
553 723
553 814
554 11
554 24
554 766
554 736
555 11
555 24
555 30
555 776
555 737
555 755
556 32
556 78
556 738
556 764
556 813
557 24
557 30
557 213
557 255
557 256
557 259
557 747
557 739
557 764
557 814
558 24
558 700
558 741
558 799
559 24
559 700
559 741
559 808
559 742
560 13
560 24
560 76
560 115
560 120
560 139
560 744
561 13
561 24
561 30
561 599
561 633
561 743
562 13
562 24
562 767
562 745
563 24
563 444
563 598
563 746
563 813
564 10
564 24
564 76
564 111
564 113
564 118
564 120
564 139
564 747
564 814
565 24
565 30
565 213
565 254
565 255
565 256
565 257
565 258
565 259
565 777
565 740
566 12
566 24
566 30
566 443
566 748
567 24
567 290
567 447
567 801
568 24
568 290
568 600
568 802
569 24
569 30
569 290
569 701
569 750
570 24
570 211
570 447
570 752
571 24
571 80
571 799
571 800
571 753
572 24
572 80
572 808
572 809
572 751
573 32
573 82
573 749
574 24
574 31
574 408
574 768
574 754
575 24
575 80
575 122
575 123
575 126
575 127
575 128
575 703
575 756
575 763
576 24
576 703
576 792
576 757
577 14
577 24
577 30
577 446
577 758
578 14
578 24
578 30
578 603
578 759
579 24
579 703
579 760
580 15
580 24
580 30
580 446
580 761
581 15
581 24
581 30
581 602
581 723
581 725
581 727
581 801
581 802
581 813
581 814
582 85
582 133
582 134
582 135
582 136
582 197
582 788
582 725
582 727
583 704
583 732
583 733
583 735
583 788
583 628
583 763
584 83
584 129
584 130
584 131
584 132
584 789
584 627
585 198
585 789
585 725
585 727
586 702
586 759
586 760
586 761
586 762
586 763
586 789
587 789
587 810
587 763
588 24
588 218
588 450
588 724
588 756
588 757
588 762
589 24
589 218
589 605
590 24
590 223
590 454
591 24
591 31
591 223
591 707
592 24
592 31
592 223
592 769
593 24
593 223
593 285
593 647
593 728
593 730
594 24
594 223
594 291
594 647
594 731
595 24
595 199
595 291
595 610
595 647
595 731
596 24
596 706
596 769
597 24
597 31
597 454
597 793
597 733
597 734
597 735
597 736
597 758
597 759
598 24
598 704
598 794
598 764
598 765
599 18
599 24
599 31
599 458
599 647
599 739
600 17
600 24
600 31
600 218
601 24
601 748
601 809
601 729
602 32
602 84
603 24
603 453
603 609
604 24
604 31
604 609
604 705
604 732
604 733
604 737
604 738
604 750
604 752
605 2
605 24
605 31
605 453
606 24
606 88
606 796
606 613
606 740
606 741
606 742
606 743
606 744
606 745
606 746
606 747
606 748
606 749
606 751
606 753
606 754
606 755
607 24
607 796
607 755
608 24
608 222
608 453
608 617
608 647
608 760
608 761
609 24
609 31
609 222
609 770
610 24
610 222
610 286
611 24
611 200
611 742
611 749
611 799
611 800
612 3
612 24
612 31
612 201
612 452
612 813
612 814
613 3
613 24
613 31
613 202
613 647
613 648
613 649
613 813
613 814
614 24
614 203
614 456
614 778
614 813
614 814
615 83
615 131
615 132
615 204
615 790
616 24
616 205
616 221
616 451
617 24
617 206
617 451
618 4
618 24
618 31
618 452
618 724
618 756
618 757
618 762
619 85
619 133
619 134
619 135
619 136
619 207
619 791
619 724
619 756
619 757
619 762
620 24
620 42
620 56
620 97
620 99
620 139
620 208
620 670
620 724
620 756
620 757
620 762
621 24
621 42
621 56
621 97
621 99
621 139
621 209
621 669
621 724
621 756
621 757
621 762
622 24
622 27
622 670
623 24
623 27
623 210
623 669
624 24
624 26
624 211
624 430
624 475
624 476
624 477
624 478
624 479
624 755
625 24
625 26
625 212
625 430
625 475
625 476
625 477
625 478
625 479
625 755
625 756
626 24
626 26
626 213
626 430
626 475
626 476
626 477
626 478
626 479
626 804
626 733
626 734
626 735
626 736
626 758
626 759
627 24
627 214
627 430
627 475
627 476
627 477
627 478
627 479
627 733
627 734
627 735
627 736
627 758
627 759
628 24
628 215
628 430
628 475
628 476
628 477
628 478
628 479
628 733
628 734
628 735
628 736
628 758
628 759
629 32
629 46
629 216
629 305
629 733
629 734
629 735
629 736
629 758
629 759
630 32
630 47
630 217
630 733
630 734
630 735
630 736
630 758
630 759
631 32
631 48
631 218
631 739
632 24
632 30
632 212
632 219
632 260
632 262
632 263
632 264
632 265
632 799
632 739
633 24
633 30
633 220
633 266
633 267
633 268
633 269
633 270
633 799
633 739
634 32
634 49
634 221
634 739
635 32
635 50
635 222
635 739
636 32
636 58
636 223
637 24
637 31
637 224
637 452
637 771
637 729
638 24
638 31
638 225
638 452
638 772
638 729
646 141
646 200
646 206
646 213
646 223
646 233
646 815
646 732
646 737
646 738
646 750
646 752
647 234
647 815
647 740
647 741
647 742
647 743
647 744
647 745
647 746
647 747
647 748
647 749
647 751
647 753
647 754
648 235
648 366
648 797
648 816
648 740
648 741
648 742
648 743
648 744
648 745
648 746
648 747
648 748
648 749
648 751
648 753
648 754
649 236
649 658
649 797
649 816
649 740
649 741
649 742
649 743
649 744
649 745
649 746
649 747
649 748
649 749
649 751
649 753
649 754
649 755
650 33
650 41
650 42
650 43
650 46
650 47
650 49
650 51
650 69
650 70
650 90
650 91
650 237
650 740
650 741
650 742
650 743
650 744
650 745
650 746
650 747
650 748
650 749
650 751
650 753
650 754
651 45
651 46
651 48
651 77
651 238
651 740
651 741
651 742
651 743
651 744
651 745
651 746
651 747
651 748
651 749
651 751
651 753
651 754
651 755
652 63
652 67
652 69
652 94
652 239
652 760
652 761
653 63
653 64
653 68
653 69
653 94
653 240
653 760
653 761
654 52
654 57
654 58
654 60
654 66
654 69
654 70
654 85
654 89
654 133
654 134
654 135
654 136
654 241
654 760
654 761
657 152
657 192
657 197
657 236
657 241
657 242
657 243
657 244
660 158
660 197
660 241
660 242
660 243
660 244
660 815
663 149
663 150
663 152
663 155
663 180
663 192
663 193
663 233
664 149
664 150
664 152
664 155
664 181
664 192
664 193
664 233
665 149
665 150
665 153
665 157
665 192
665 193
665 195
665 233
665 237
665 238
665 239
665 240
665 767
665 771
665 772
665 775
665 815
666 149
666 150
666 152
666 155
666 159
666 192
666 193
666 195
666 233
666 237
666 238
666 239
666 240
666 507
666 766
666 771
666 772
666 775
666 815
692 187
692 195
692 237
692 238
692 239
692 240
692 244
692 776
692 816
693 185
693 195
693 237
693 238
693 239
693 240
694 188
694 195
694 237
694 238
694 239
694 240
697 195
697 228
697 237
697 238
697 239
697 240
697 245
697 816
711 248
711 428
711 470
711 471
711 472
711 473
711 474
712 249
712 378
712 428
712 459
712 470
712 471
712 472
712 473
712 474
712 771
712 772
713 250
713 379
713 428
713 470
713 471
713 472
713 473
713 474
713 507
714 380
714 428
714 470
714 471
714 472
714 473
714 474
714 767
715 251
715 378
715 459
715 504
715 767
716 252
716 378
716 459
716 504
716 767
717 374
717 378
717 435
717 463
717 791
718 253
718 374
718 379
718 463
718 504
719 254
719 374
719 379
719 436
719 463
719 504
724 259
724 777
724 778
724 779
724 780
724 781
724 782
756 775
757 280
757 771
757 772
757 775
762 285
763 286
767 690
767 751
771 667
771 669
771 671
771 689
771 710
771 753
772 667
772 669
772 671
772 689
772 710
772 754
775 667
775 670
775 673
775 675
775 689
775 710
775 819
791 24
791 691
791 743
794 24
794 26
794 774
795 24
795 194
795 429
795 820
796 24
796 194
796 287
797 5
797 24
797 26
797 428
797 470
797 474
798 16
798 17
798 24
798 31
798 449
798 500
803 33
803 793
803 812
804 293
804 793
804 812
805 793
805 812
806 659
806 793
806 812
807 58
807 63
807 64
807 65
807 66
807 67
807 68
807 69
807 94
807 95
810 149
810 150
810 153
810 157
810 185
810 186
810 192
810 193
810 233
819 24
819 27
819 201
819 303
820 24
820 27
820 201
820 304
1 25
1 821
25 113
821 305
2 71
71 252
3 90
90 271
4 91
91 272
5 92
92 273
6 93
93 274
7 94
94 275
8 96
96 277
9 97
97 278
10 98
98 279
11 99
99 280
12 100
100 281
13 101
101 282
14 102
102 283
15 103
103 295
103 402
16 104
104 402
17 105
105 403
18 106
18 645
645 19
645 232
645 732
645 737
645 738
645 750
645 752
19 107
20 108
20 640
20 799
108 403
640 220
640 227
640 266
640 267
640 268
640 269
640 270
640 729
799 140
799 144
799 148
799 150
799 152
799 155
799 156
799 159
799 161
799 163
799 168
799 169
799 177
799 192
799 193
799 230
799 231
799 278
21 109
21 641
109 403
641 220
641 228
641 266
641 267
641 268
641 269
641 270
641 729
22 110
22 642
642 220
642 229
642 266
642 267
642 268
642 269
642 270
642 732
642 737
642 738
642 750
642 752
23 111
23 639
111 386
639 220
639 226
639 266
639 267
639 268
639 269
639 270
639 729
24 112
112 361
112 363
113 386
26 114
114 361
114 363
27 115
115 386
28 116
116 386
29 117
117 361
117 363
30 118
30 310
118 386
310 701
310 705
31 119
31 311
119 361
119 363
311 706
32 120
120 386
33 121
34 122
122 362
122 364
122 367
122 368
122 369
122 370
122 377
122 389
35 123
123 362
123 364
123 367
123 368
123 369
123 370
123 377
36 124
124 362
124 364
124 367
124 368
124 369
124 370
124 377
37 125
125 362
125 364
125 367
125 368
125 369
125 370
125 377
38 126
126 362
126 364
126 367
126 368
126 369
126 370
126 377
126 389
39 127
39 394
127 362
127 364
127 367
127 368
127 369
127 370
127 377
127 389
394 46
394 84
394 448
394 449
40 128
40 399
128 362
128 364
128 367
128 368
128 369
128 370
128 377
128 389
399 72
399 493
41 129
41 395
129 365
129 371
129 373
129 374
129 378
129 380
129 381
395 43
395 450
395 722
42 130
130 365
130 371
130 373
130 374
130 378
130 380
130 381
43 131
43 361
43 362
131 365
131 371
131 373
131 374
131 378
131 380
131 381
361 78
361 132
362 80
362 707
44 132
44 363
44 396
132 365
132 371
132 373
132 374
132 378
132 380
132 381
363 78
363 133
396 45
396 451
45 133
133 366
133 372
133 379
133 392
133 397
46 134
46 364
46 365
46 366
46 391
46 393
134 364
134 366
134 372
134 379
134 392
134 397
364 80
364 722
365 83
365 432
366 85
366 135
366 136
391 49
391 51
391 88
391 464
393 51
393 84
393 447
393 471
47 135
47 367
135 459
135 372
135 379
135 392
135 397
367 80
367 722
48 136
48 368
136 460
136 372
136 379
136 392
136 397
368 80
368 433
49 139
49 369
139 463
369 80
50 212
50 370
212 688
212 690
370 80
51 229
51 371
371 83
52 230
52 372
230 643
372 85
53 231
53 373
231 644
373 83
54 232
54 374
232 811
374 83
374 710
374 722
55 233
56 234
57 235
57 377
235 671
235 672
377 80
377 436
58 236
58 397
236 818
397 85
397 491
59 238
59 378
59 398
378 83
378 722
398 72
398 492
60 239
60 379
379 85
61 240
61 380
380 83
62 242
62 381
242 655
381 83
381 461
63 243
243 656
64 244
65 245
65 386
245 818
386 76
386 480
66 247
247 710
247 818
67 248
248 673
248 674
248 675
248 676
248 677
248 678
248 695
248 696
68 249
249 673
249 674
249 675
249 676
249 677
249 678
249 695
249 696
69 250
250 673
250 674
250 675
250 676
250 677
250 678
250 695
250 696
70 251
70 387
251 673
251 674
251 675
251 676
251 677
251 678
251 695
251 696
387 86
387 478
252 673
252 674
252 675
252 676
252 677
252 678
252 695
252 696
72 253
253 673
253 674
253 675
253 676
253 677
253 678
253 695
253 696
73 254
73 402
254 679
254 680
254 699
402 137
402 437
402 438
74 255
74 403
255 720
255 679
255 680
255 699
403 138
403 468
75 256
256 721
256 679
256 680
256 698
256 699
76 257
257 722
257 679
257 680
257 698
257 699
77 258
258 723
258 679
258 680
78 259
259 679
259 680
259 698
259 699
79 260
79 390
260 725
260 688
260 690
390 81
390 82
390 446
390 464
390 722
80 261
80 389
261 726
261 688
261 690
389 81
389 458
389 473
81 262
262 727
262 688
262 690
82 263
263 728
263 688
263 690
83 264
264 729
264 688
264 690
84 265
265 730
265 688
265 690
85 266
85 392
266 731
266 681
266 683
266 685
266 686
266 687
266 811
266 812
392 87
392 445
392 463
86 267
267 732
267 681
267 683
267 685
267 686
267 687
267 811
267 812
87 268
268 733
268 681
268 683
268 685
268 686
268 687
268 811
268 812
88 269
269 734
269 681
269 683
269 685
269 686
269 687
269 811
269 812
89 270
270 735
270 681
270 683
270 685
270 686
270 687
270 811
270 812
271 736
271 670
271 684
272 737
272 670
272 682
272 684
273 738
273 670
273 682
273 684
274 739
274 670
274 682
274 684
275 740
95 276
276 741
276 655
277 742
278 751
278 411
279 752
279 669
279 689
280 669
280 689
281 758
281 669
281 689
282 759
282 669
282 689
283 760
283 669
283 689
295 787
459 437
459 780
460 452
137 461
138 462
140 464
141 465
465 430
465 431
465 475
142 466
142 411
466 432
466 433
466 480
466 720
411 192
411 481
143 467
467 452
467 455
467 722
144 468
468 444
468 494
468 495
468 496
145 469
469 438
469 444
469 449
469 494
469 495
469 496
146 471
471 407
471 443
147 472
472 456
148 473
149 474
149 407
149 408
474 445
474 449
474 489
474 490
474 491
474 492
474 497
474 498
474 499
474 500
474 507
407 193
407 443
407 444
408 150
408 151
408 475
408 722
150 476
476 456
151 477
477 412
477 456
152 478
152 656
152 658
152 659
152 661
152 662
152 818
478 456
656 153
656 760
656 761
658 199
658 780
659 157
659 199
659 780
661 155
661 199
661 780
662 156
662 199
662 780
818 192
818 201
818 246
818 302
153 479
153 655
479 456
655 154
655 780
655 760
655 761
154 481
481 456
155 482
155 668
482 456
668 159
668 160
668 161
668 206
668 768
668 815
156 483
483 413
483 456
157 484
484 437
484 443
484 445
484 446
484 448
484 449
484 450
484 451
484 452
484 456
484 497
484 498
484 499
484 500
484 507
158 485
485 422
485 437
485 443
485 445
485 446
485 447
485 448
485 449
485 450
485 451
485 452
485 456
485 497
485 499
485 500
485 507
159 486
159 669
159 670
159 700
159 800
159 808
486 421
486 437
486 445
486 446
486 447
486 448
486 449
486 450
486 451
486 452
486 456
486 497
486 498
486 499
486 500
486 507
669 161
669 225
670 161
670 224
670 769
670 770
670 815
700 160
700 161
700 162
700 163
700 169
700 208
700 777
700 778
700 779
700 780
700 781
700 782
800 161
800 162
800 166
800 170
800 210
808 160
808 161
808 163
808 204
160 487
160 412
160 667
160 672
487 437
487 443
487 445
487 446
487 447
487 448
487 449
487 450
487 451
487 456
487 497
487 498
487 499
487 507
412 192
667 162
667 192
667 202
667 768
667 769
672 162
672 192
672 202
672 203
672 774
161 488
161 812
488 437
488 443
488 445
488 446
488 447
488 448
488 449
488 450
488 451
488 452
488 456
812 174
812 176
812 177
812 192
812 217
812 220
162 489
162 413
162 671
489 427
489 444
489 453
489 454
489 455
489 456
489 457
413 192
671 192
671 205
671 207
671 770
671 773
671 774
671 816
163 490
163 673
490 444
490 453
490 454
490 455
490 456
490 457
673 209
673 773
673 776
673 815
164 491
164 674
491 453
491 454
491 455
491 457
674 209
674 776
674 815
674 816
165 492
165 675
492 422
492 444
492 453
492 454
492 455
492 457
675 209
675 790
675 815
166 493
166 676
493 421
493 444
493 453
493 454
493 455
676 209
676 777
676 790
676 815
676 816
167 494
167 677
494 438
494 470
677 209
677 780
677 815
168 495
168 678
495 438
495 456
495 470
678 209
678 778
169 496
169 679
496 438
496 456
496 470
679 213
679 781
170 497
170 680
497 451
497 452
497 480
680 213
680 779
171 498
171 685
498 452
498 454
498 480
685 220
685 785
685 815
172 499
172 686
172 811
499 456
499 458
499 480
686 220
686 786
811 176
811 178
811 179
811 190
811 192
811 216
811 220
811 297
173 500
173 687
500 456
500 457
500 480
687 220
687 787
174 688
688 219
688 788
175 684
684 224
684 784
176 689
689 225
689 766
689 815
177 643
643 192
643 732
643 737
643 738
643 750
643 752
178 507
178 644
507 480
644 192
644 732
644 737
644 738
644 750
644 752
179 690
690 219
182 681
681 220
681 782
183 682
682 224
682 789
184 683
683 220
683 783
683 790
189 695
189 809
695 209
695 769
695 770
809 191
809 793
190 696
696 209
696 816
192 414
414 213
414 453
414 720
201 817
817 301
213 698
213 699
698 214
698 776
699 215
224 691
691 226
691 227
246 709
709 305
709 815
720 417
720 448
720 777
720 778
720 779
720 780
720 781
720 782
721 428
721 429
721 470
721 777
721 778
721 779
721 780
721 781
721 782
722 415
722 417
722 421
722 777
722 778
722 779
722 780
722 781
722 782
723 777
723 778
723 779
723 780
723 781
723 782
728 780
730 780
731 783
731 784
731 785
731 786
731 787
731 788
731 789
731 792
732 783
732 784
732 785
732 786
732 787
732 788
732 789
732 792
733 783
733 784
733 785
733 786
733 787
733 788
733 789
733 792
734 783
734 784
734 785
734 786
734 787
734 788
734 789
735 783
735 784
735 785
735 786
735 787
735 788
735 789
735 792
741 777
741 778
741 779
741 780
741 781
741 782
284 761
287 764
288 780
289 781
290 782
291 783
783 704
292 784
292 701
784 704
701 296
701 298
701 299
701 300
701 301
701 303
701 305
293 785
785 704
294 786
294 702
786 704
702 296
702 298
702 299
702 300
702 302
702 304
702 305
787 704
296 801
296 415
296 416
296 417
296 703
415 454
415 455
416 298
416 470
417 299
417 455
703 297
703 298
298 813
299 814
300 815
300 421
300 422
305 704
704 788
704 789
704 792
708 790
439 504
453 445
480 449
445 444
445 454
445 455
445 457
447 457
438 444
456 475
444 470
802 793
750 792
