492 1824
0 0
0 1
0 3
0 4
0 10
0 11
1 1
1 2
1 4
3 3
3 4
3 6
3 10
3 11
3 12
4 2
4 4
4 5
4 6
4 7
10 10
10 11
11 6
11 11
11 12
2 2
2 5
2 146
2 147
5 5
5 7
5 61
5 77
5 146
146 61
146 146
146 147
146 159
146 160
147 147
147 148
147 159
147 160
6 6
6 7
6 8
6 9
6 12
6 13
12 8
12 12
12 13
7 7
7 8
7 9
7 77
7 95
7 104
61 61
61 62
61 77
61 78
61 131
61 153
61 159
77 62
77 77
77 78
77 95
8 8
8 9
8 13
9 9
9 95
9 104
13 13
95 78
95 95
95 96
95 104
95 105
104 96
104 104
104 105
14 14
14 115
14 265
14 266
115 40
115 115
115 266
265 265
265 266
265 271
266 40
266 41
266 266
266 271
266 272
266 273
15 15
15 16
15 40
15 41
16 16
16 17
16 40
16 41
16 42
40 40
40 41
41 17
41 41
41 42
41 116
41 272
41 280
17 17
17 18
17 42
17 43
42 18
42 42
42 43
42 116
42 117
42 282
42 288
42 296
18 18
18 19
18 43
18 44
43 19
43 43
43 44
43 117
43 118
43 298
43 304
43 310
19 19
19 20
19 44
19 45
44 20
44 44
44 45
44 118
44 119
44 311
44 315
44 320
20 20
20 21
20 45
20 46
45 21
45 45
45 46
45 119
45 120
45 321
45 325
45 330
21 21
21 22
21 46
21 47
46 22
46 46
46 47
46 120
46 121
46 331
46 335
46 340
22 22
22 23
22 47
22 48
47 23
47 47
47 48
47 121
47 122
47 341
47 345
47 350
23 23
23 24
23 48
23 49
48 24
48 48
48 49
48 122
48 123
48 351
48 355
48 360
24 24
24 25
24 49
24 50
49 25
49 49
49 50
49 123
49 124
49 361
49 365
49 370
25 25
25 26
25 50
25 51
50 26
50 50
50 51
50 124
50 125
50 371
50 375
50 430
26 26
26 27
26 51
26 52
51 27
51 51
51 52
51 125
51 126
51 431
51 435
51 440
27 27
27 28
27 52
27 53
52 28
52 52
52 53
52 126
52 127
52 441
52 445
52 450
28 28
28 29
28 53
53 29
53 53
53 54
53 127
53 128
53 451
53 455
53 460
29 29
29 30
29 34
29 54
30 30
30 31
30 34
30 38
30 54
30 55
30 60
34 34
34 35
34 37
34 38
54 54
54 60
54 128
54 461
54 465
54 470
31 31
31 32
31 38
31 39
31 55
31 56
31 57
38 32
38 35
38 37
38 38
38 39
55 55
55 56
55 60
55 484
55 486
55 490
60 60
60 470
60 471
60 484
32 32
32 33
32 39
32 56
32 57
32 58
39 33
39 37
39 39
56 56
56 57
56 486
56 490
57 33
57 57
57 58
57 129
57 490
33 33
33 58
33 59
58 58
58 59
58 129
58 130
59 59
59 130
35 35
35 36
35 37
37 36
37 37
36 36
116 116
116 280
116 282
272 271
272 272
272 273
272 279
272 280
280 273
280 279
280 280
280 281
280 282
117 117
117 296
117 298
282 281
282 282
282 287
282 288
282 289
288 287
288 288
288 289
288 295
288 296
296 289
296 295
296 296
296 297
296 298
118 118
118 310
118 311
298 297
298 298
298 303
298 304
298 305
304 303
304 304
304 305
304 309
304 310
310 305
310 309
310 310
310 311
310 314
119 119
119 320
119 321
311 309
311 311
311 314
311 315
311 316
315 314
315 315
315 316
315 319
315 320
320 316
320 319
320 320
320 321
320 324
120 120
120 330
120 331
321 319
321 321
321 324
321 325
321 326
325 324
325 325
325 326
325 329
325 330
330 326
330 329
330 330
330 331
330 334
121 121
121 340
121 341
331 329
331 331
331 334
331 335
331 336
335 334
335 335
335 336
335 339
335 340
340 336
340 339
340 340
340 341
340 344
122 122
122 350
122 351
341 339
341 341
341 344
341 345
341 346
345 344
345 345
345 346
345 349
345 350
350 346
350 349
350 350
350 351
350 354
123 123
123 360
123 361
351 349
351 351
351 354
351 355
351 356
355 354
355 355
355 356
355 359
355 360
360 356
360 359
360 360
360 361
360 364
124 124
124 370
124 371
361 359
361 361
361 364
361 365
361 366
365 364
365 365
365 366
365 369
365 370
370 366
370 369
370 370
370 371
370 374
125 125
125 430
125 431
371 369
371 371
371 374
371 375
371 376
375 374
375 375
375 376
375 429
375 430
430 376
430 429
430 430
430 431
430 434
126 126
126 440
126 441
431 429
431 431
431 434
431 435
431 436
435 434
435 435
435 436
435 439
435 440
440 436
440 439
440 440
440 441
440 444
127 127
127 450
127 451
441 439
441 441
441 444
441 445
441 446
445 444
445 445
445 446
445 449
445 450
450 446
450 449
450 450
450 451
450 454
128 128
128 460
128 461
451 449
451 451
451 454
451 455
451 456
455 454
455 455
455 456
455 459
455 460
460 456
460 459
460 460
460 461
460 464
461 459
461 461
461 464
461 465
461 466
465 464
465 465
465 466
465 469
465 470
470 466
470 469
470 470
470 471
470 472
484 471
484 483
484 484
484 485
484 486
486 485
486 486
486 487
486 489
486 490
486 491
490 129
490 489
490 490
490 491
129 76
129 93
129 94
129 129
129 130
129 491
130 93
130 94
130 130
471 469
471 471
471 472
471 483
62 62
62 63
62 78
62 79
62 131
62 132
62 162
62 169
62 175
78 63
78 78
78 79
78 96
131 131
131 153
131 162
153 145
153 153
153 154
153 159
153 160
153 162
159 154
159 159
159 160
63 63
63 64
63 79
63 80
63 132
63 133
63 178
63 185
63 191
79 64
79 79
79 80
79 96
132 132
132 169
132 178
162 145
162 162
162 163
162 175
162 176
169 161
169 169
169 170
169 175
169 176
169 178
175 163
175 170
175 175
175 176
64 64
64 65
64 80
64 81
64 133
64 134
64 193
64 198
64 202
80 65
80 80
80 81
80 96
80 97
133 133
133 185
133 193
178 161
178 178
178 179
178 191
178 192
185 177
185 185
185 186
185 191
185 192
185 193
191 179
191 186
191 191
191 192
65 65
65 66
65 81
65 82
65 134
65 135
65 204
65 208
65 212
81 66
81 81
81 82
81 97
134 134
134 198
134 204
193 177
193 193
193 194
193 202
193 203
198 198
198 199
198 202
198 203
198 204
198 205
202 194
202 199
202 202
202 203
66 66
66 67
66 82
66 83
66 135
66 136
66 214
66 218
66 222
82 67
82 82
82 83
82 97
82 98
135 135
135 208
135 214
204 199
204 204
204 205
204 212
204 213
208 208
208 209
208 212
208 213
208 214
208 215
212 205
212 209
212 212
212 213
67 67
67 68
67 83
67 84
67 136
67 137
67 224
67 228
67 232
83 68
83 83
83 84
83 98
136 136
136 218
136 224
214 209
214 214
214 215
214 222
214 223
218 218
218 219
218 222
218 223
218 224
218 225
222 215
222 219
222 222
222 223
68 68
68 69
68 84
68 85
68 137
68 138
68 234
68 238
68 242
84 69
84 84
84 85
84 98
84 99
137 137
137 228
137 234
224 219
224 224
224 225
224 232
224 233
228 228
228 229
228 232
228 233
228 234
228 235
232 225
232 229
232 232
232 233
69 69
69 70
69 85
69 86
69 138
69 139
69 244
69 248
69 252
85 70
85 85
85 86
85 99
138 138
138 238
138 244
234 229
234 234
234 235
234 242
234 243
238 238
238 239
238 242
238 243
238 244
238 245
242 235
242 239
242 242
242 243
70 70
70 71
70 86
70 87
70 139
70 140
70 254
70 258
70 262
86 71
86 86
86 87
86 99
86 100
139 139
139 248
139 254
244 239
244 244
244 245
244 252
244 253
248 248
248 249
248 252
248 253
248 254
248 255
252 245
252 249
252 252
252 253
71 71
71 72
71 87
71 88
71 140
71 141
71 377
71 381
71 385
87 72
87 87
87 88
87 100
140 140
140 258
140 377
254 249
254 254
254 255
254 262
254 263
258 258
258 259
258 262
258 263
258 377
258 378
262 255
262 259
262 262
262 263
72 72
72 73
72 88
72 89
72 141
72 142
72 387
72 391
72 395
88 73
88 88
88 89
88 100
88 101
141 141
141 381
141 387
377 259
377 377
377 378
377 385
377 386
381 381
381 382
381 385
381 386
381 387
381 388
385 378
385 382
385 385
385 386
73 73
73 74
73 89
73 90
73 142
73 143
73 397
73 401
73 405
89 74
89 89
89 90
89 101
142 142
142 391
142 397
387 382
387 387
387 388
387 395
387 396
391 391
391 392
391 395
391 396
391 397
391 398
395 388
395 392
395 395
395 396
74 74
74 75
74 90
74 91
74 143
74 144
74 407
74 411
74 415
90 75
90 90
90 91
90 101
90 102
143 143
143 401
143 407
397 392
397 397
397 398
397 405
397 406
401 401
401 402
401 405
401 406
401 407
401 408
405 398
405 402
405 405
405 406
75 75
75 91
75 144
75 417
75 421
75 425
75 473
75 474
91 91
91 102
91 473
91 474
91 475
144 144
144 411
144 417
407 402
407 407
407 408
407 415
407 416
411 411
411 412
411 415
411 416
411 417
411 418
415 408
415 412
415 415
415 416
417 412
417 417
417 418
417 425
417 426
421 421
421 422
421 425
421 426
421 473
421 478
425 418
425 422
425 425
425 426
473 473
473 474
473 478
474 102
474 474
474 475
76 76
76 92
76 93
76 479
76 480
76 489
76 491
92 92
92 93
92 103
92 479
92 480
92 481
93 93
93 94
93 103
93 113
93 114
479 479
479 480
479 488
479 489
480 103
480 480
480 481
489 487
489 488
489 489
489 491
491 491
96 96
96 97
96 105
96 106
97 97
97 98
97 105
97 106
97 107
98 98
98 99
98 106
98 107
98 108
99 99
99 100
99 107
99 108
99 109
100 100
100 101
100 108
100 109
100 110
101 101
101 102
101 109
101 110
101 111
102 102
102 110
102 111
102 475
102 476
475 111
475 475
475 476
103 103
103 112
103 113
103 481
103 482
481 112
481 481
481 482
94 94
94 113
94 114
113 112
113 113
113 114
114 114
105 105
105 106
106 106
106 107
107 107
107 108
108 108
108 109
109 109
109 110
110 110
110 111
111 111
111 476
476 476
112 112
112 482
482 482
145 145
145 154
145 163
154 154
154 155
154 160
163 163
163 164
163 176
160 148
160 149
160 155
160 156
160 160
148 148
148 149
149 149
149 150
149 156
150 150
150 151
150 156
150 157
156 155
156 156
156 157
151 151
151 152
151 157
151 158
157 157
157 158
152 152
152 158
158 158
155 155
161 161
161 170
161 179
170 170
170 171
170 176
179 179
179 180
179 192
176 164
176 165
176 171
176 172
176 176
164 164
164 165
165 165
165 166
165 172
166 166
166 167
166 172
166 173
172 171
172 172
172 173
167 167
167 168
167 173
167 174
173 173
173 174
168 168
168 174
174 174
171 171
177 177
177 186
177 194
186 186
186 187
186 192
194 194
194 195
194 203
192 180
192 181
192 187
192 188
192 192
180 180
180 181
181 181
181 182
181 188
182 182
182 183
182 188
182 189
188 187
188 188
188 189
183 183
183 184
183 189
183 190
189 189
189 190
184 184
184 190
190 190
187 187
203 195
203 196
203 199
203 200
203 203
195 195
195 196
196 196
196 197
196 200
197 197
197 200
197 201
200 199
200 200
200 201
201 201
199 199
199 205
205 205
205 206
205 213
213 206
213 209
213 210
213 213
206 206
206 207
206 210
207 207
207 210
207 211
210 209
210 210
210 211
211 211
209 209
209 215
215 215
215 216
215 223
223 216
223 219
223 220
223 223
216 216
216 217
216 220
217 217
217 220
217 221
220 219
220 220
220 221
221 221
219 219
219 225
225 225
225 226
225 233
233 226
233 229
233 230
233 233
226 226
226 227
226 230
227 227
227 230
227 231
230 229
230 230
230 231
231 231
229 229
229 235
235 235
235 236
235 243
243 236
243 239
243 240
243 243
236 236
236 237
236 240
237 237
237 240
237 241
240 239
240 240
240 241
241 241
239 239
239 245
245 245
245 246
245 253
253 246
253 249
253 250
253 253
246 246
246 247
246 250
247 247
247 250
247 251
250 249
250 250
250 251
251 251
249 249
249 255
255 255
255 256
255 263
263 256
263 259
263 260
263 263
256 256
256 257
256 260
257 257
257 260
257 261
260 259
260 260
260 261
261 261
259 259
259 378
378 378
378 379
378 386
264 264
264 267
264 275
267 267
267 268
267 275
275 268
275 275
275 276
271 270
271 271
271 273
273 269
273 270
273 273
273 277
273 278
273 279
268 268
268 269
268 276
269 269
269 270
269 276
269 277
276 276
276 277
270 270
277 277
277 278
279 278
279 279
279 281
278 278
274 274
274 283
274 291
283 283
283 284
283 291
291 284
291 291
291 292
281 281
281 287
287 286
287 287
287 289
289 285
289 286
289 289
289 293
289 294
289 295
284 284
284 285
284 292
285 285
285 286
285 292
285 293
292 292
292 293
286 286
293 293
293 294
295 294
295 295
295 297
294 294
290 290
290 299
290 306
299 299
299 300
299 306
306 300
306 306
306 307
297 297
297 303
303 302
303 303
303 305
305 301
305 302
305 305
305 308
305 309
300 300
300 301
300 307
301 301
301 302
301 307
301 308
307 307
307 308
302 302
308 308
308 309
309 309
309 314
314 313
314 314
314 316
316 313
316 316
316 318
316 319
312 312
312 313
312 317
313 313
313 317
313 318
317 317
317 318
318 318
318 319
319 319
319 324
324 323
324 324
324 326
326 323
326 326
326 328
326 329
322 322
322 323
322 327
323 323
323 327
323 328
327 327
327 328
328 328
328 329
329 329
329 334
334 333
334 334
334 336
336 333
336 336
336 338
336 339
332 332
332 333
332 337
333 333
333 337
333 338
337 337
337 338
338 338
338 339
339 339
339 344
344 343
344 344
344 346
346 343
346 346
346 348
346 349
342 342
342 343
342 347
343 343
343 347
343 348
347 347
347 348
348 348
348 349
349 349
349 354
354 353
354 354
354 356
356 353
356 356
356 358
356 359
352 352
352 353
352 357
353 353
353 357
353 358
357 357
357 358
358 358
358 359
359 359
359 364
364 363
364 364
364 366
366 363
366 366
366 368
366 369
362 362
362 363
362 367
363 363
363 367
363 368
367 367
367 368
368 368
368 369
369 369
369 374
374 373
374 374
374 376
376 373
376 376
376 428
376 429
372 372
372 373
372 427
373 373
373 427
373 428
427 427
427 428
428 428
428 429
429 429
429 434
386 379
386 382
386 383
386 386
379 379
379 380
379 383
380 380
380 383
380 384
383 382
383 383
383 384
384 384
382 382
382 388
388 388
388 389
388 396
396 389
396 392
396 393
396 396
389 389
389 390
389 393
390 390
390 393
390 394
393 392
393 393
393 394
394 394
392 392
392 398
398 398
398 399
398 406
406 399
406 402
406 403
406 406
399 399
399 400
399 403
400 400
400 403
400 404
403 402
403 403
403 404
404 404
402 402
402 408
408 408
408 409
408 416
416 409
416 412
416 413
416 416
409 409
409 410
409 413
410 410
410 413
410 414
413 412
413 413
413 414
414 414
412 412
412 418
418 418
418 419
418 426
426 419
426 422
426 423
426 426
419 419
419 420
419 423
420 420
420 423
420 424
423 422
423 423
423 424
424 424
422 422
422 477
422 478
478 477
478 478
477 477
434 433
434 434
434 436
436 433
436 436
436 438
436 439
432 432
432 433
432 437
433 433
433 437
433 438
437 437
437 438
438 438
438 439
439 439
439 444
444 443
444 444
444 446
446 443
446 446
446 448
446 449
442 442
442 443
442 447
443 443
443 447
443 448
447 447
447 448
448 448
448 449
449 449
449 454
454 453
454 454
454 456
456 453
456 456
456 458
456 459
452 452
452 453
452 457
453 453
453 457
453 458
457 457
457 458
458 458
458 459
459 459
459 464
464 463
464 464
464 466
466 463
466 466
466 468
466 469
462 462
462 463
462 467
463 463
463 467
463 468
467 467
467 468
468 468
468 469
469 469
469 472
472 472
472 483
483 483
483 485
488 487
488 488
485 485
485 487
487 487
