221 925
0 0
0 1
0 5
0 6
0 155
0 156
0 159
1 1
1 2
1 5
1 6
1 7
1 8
1 154
1 155
1 156
5 5
5 6
5 10
5 11
5 156
5 159
5 160
6 6
6 7
6 8
6 10
6 11
6 17
155 2
155 154
155 155
155 156
156 156
156 159
159 10
159 159
159 160
2 2
2 3
2 8
2 12
2 153
2 154
7 7
7 8
7 11
7 17
8 3
8 8
8 12
154 3
154 153
154 154
3 3
3 4
3 12
3 152
3 153
12 4
12 9
12 12
12 13
153 4
153 152
153 153
4 4
4 9
4 13
4 151
4 152
152 9
152 151
152 152
9 9
9 13
9 14
9 16
9 150
9 151
13 13
13 14
13 16
151 14
151 150
151 151
10 10
10 11
10 15
10 160
10 161
11 11
11 15
11 17
11 18
11 23
11 25
160 15
160 160
160 161
17 16
17 17
17 18
17 23
17 24
14 14
14 16
14 19
14 24
14 34
14 35
14 149
14 150
16 16
16 23
16 24
150 19
150 149
150 150
15 15
15 18
15 22
15 25
15 43
15 161
15 162
161 22
161 161
161 162
18 18
18 23
18 25
18 28
18 33
23 23
23 24
23 33
23 34
25 22
25 25
25 28
25 33
25 42
25 43
19 19
19 20
19 21
19 35
19 36
19 148
19 149
24 24
24 33
24 34
34 33
34 34
34 35
35 20
35 35
35 36
149 21
149 148
149 149
22 22
22 32
22 43
22 44
22 162
22 163
22 209
43 28
43 42
43 43
43 44
162 32
162 162
162 163
28 28
28 33
28 42
33 33
20 20
20 21
20 26
20 27
20 36
20 53
21 21
21 26
21 27
21 29
21 147
21 148
36 26
36 36
36 37
36 53
148 29
148 147
148 148
26 26
26 27
26 53
26 198
26 199
26 200
27 27
27 29
27 30
27 199
27 200
27 201
53 37
53 44
53 52
53 53
53 198
53 199
29 29
29 30
29 31
29 146
29 147
147 31
147 146
147 147
32 32
32 39
32 44
32 163
32 164
32 209
44 37
44 42
44 44
44 52
44 208
44 209
163 39
163 163
163 164
209 39
209 40
209 52
209 207
209 208
209 209
42 37
42 42
198 52
198 198
198 199
199 199
199 200
200 30
200 200
200 201
30 30
30 31
30 201
201 31
201 38
201 201
201 202
31 31
31 38
31 145
31 146
31 202
146 38
146 145
146 146
38 38
38 45
38 144
38 145
38 202
38 203
145 45
145 144
145 145
202 45
202 202
202 203
39 39
39 40
39 46
39 164
39 165
164 46
164 164
164 165
37 37
37 52
52 52
52 208
45 45
45 54
45 143
45 144
45 203
45 212
45 213
45 214
144 54
144 143
144 144
203 203
203 204
203 211
203 212
40 40
40 41
40 46
40 47
40 48
40 206
40 207
40 208
46 46
46 47
46 49
46 165
46 166
165 49
165 165
165 166
41 41
41 47
41 48
41 205
41 206
41 207
41 210
41 218
41 219
47 47
47 48
47 49
47 50
48 48
48 49
48 50
48 217
48 218
48 219
206 205
206 206
206 207
206 210
207 207
207 208
208 208
205 204
205 205
205 210
205 211
210 204
210 210
210 211
210 219
210 220
218 50
218 217
218 218
218 219
219 211
219 219
219 220
54 54
54 58
54 142
54 143
54 213
54 214
54 215
143 58
143 142
143 143
212 204
212 211
212 212
212 213
212 220
213 211
213 213
213 214
213 220
214 58
214 214
214 215
49 49
49 50
49 51
49 166
49 167
166 51
166 166
166 167
50 50
50 51
50 55
50 59
50 217
217 55
217 56
217 216
217 217
51 51
51 55
51 59
51 63
51 167
51 168
167 167
167 168
167 169
55 55
55 56
55 59
55 60
55 216
59 56
59 59
59 60
59 63
59 64
59 65
63 63
63 64
63 70
63 168
63 170
168 70
168 168
168 169
168 170
168 171
58 57
58 58
58 61
58 62
58 141
58 142
58 215
142 62
142 141
142 142
215 56
215 57
215 215
215 216
56 56
56 57
56 60
56 61
56 216
60 57
60 60
60 61
60 65
60 66
60 67
216 57
216 216
57 57
57 61
57 62
61 61
61 62
61 67
61 68
61 69
62 62
62 69
62 76
62 140
62 141
141 76
141 140
141 141
64 64
64 65
64 70
64 71
65 65
65 66
65 70
65 71
65 72
66 66
66 67
66 71
66 72
66 73
67 67
67 68
67 72
67 73
67 74
68 68
68 69
68 73
68 74
68 75
69 69
69 74
69 75
69 76
76 75
76 76
76 81
76 86
76 100
76 139
76 140
76 157
140 75
140 86
140 139
140 140
140 157
70 70
70 71
70 77
70 170
70 172
170 77
170 169
170 170
170 171
170 172
170 173
71 71
71 72
71 77
71 78
72 72
72 73
72 77
72 78
72 79
73 73
73 74
73 78
73 79
73 80
74 74
74 75
74 79
74 80
74 81
74 157
74 158
75 75
75 80
75 81
75 157
75 158
77 77
77 78
77 82
77 172
77 174
172 82
172 171
172 172
172 173
172 174
172 175
78 78
78 79
78 82
78 83
79 79
79 80
79 82
79 83
79 84
80 80
80 81
80 83
80 84
80 85
81 81
81 84
81 85
81 86
157 157
157 158
158 158
86 85
86 86
86 89
86 92
86 98
86 99
86 100
86 137
86 139
100 99
100 100
100 104
139 137
139 138
139 139
82 82
82 83
82 87
82 174
82 176
174 87
174 173
174 174
174 175
174 176
174 177
83 83
83 84
83 87
83 88
84 84
84 85
84 87
84 88
84 89
85 85
85 88
85 89
87 87
87 88
87 90
87 176
87 178
176 90
176 175
176 176
176 177
176 178
176 179
88 88
88 89
88 90
88 91
89 89
89 90
89 91
89 92
92 91
92 92
92 93
92 94
92 98
92 99
92 131
92 137
98 94
98 97
98 98
98 99
98 102
98 103
99 99
99 103
99 104
137 131
137 133
137 134
137 137
137 138
90 90
90 91
90 93
90 178
90 180
178 93
178 177
178 178
178 179
178 180
178 181
91 91
91 93
91 94
93 93
93 94
93 95
93 132
93 180
180 95
180 132
180 135
180 179
180 180
180 181
94 94
94 95
94 97
94 131
131 95
131 131
131 132
131 133
95 95
95 96
95 97
95 132
95 182
132 96
132 132
132 133
132 134
132 135
132 181
132 182
132 183
97 96
97 97
97 102
96 96
96 101
96 102
96 182
96 184
182 101
182 135
182 182
182 183
182 184
182 185
101 101
101 102
101 105
101 108
101 184
102 102
102 103
102 108
102 109
184 105
184 183
184 184
184 185
184 186
103 103
103 104
103 106
103 108
103 109
104 104
104 106
105 105
105 107
105 108
105 186
105 187
108 107
108 108
108 109
108 110
108 112
109 106
109 109
109 110
106 106
107 107
107 111
107 112
107 186
107 187
107 188
186 185
186 186
186 187
187 111
187 187
187 188
111 111
111 112
111 113
111 114
111 188
111 189
112 110
112 112
112 114
188 113
188 188
188 189
110 110
113 113
113 114
113 115
113 116
113 189
113 190
114 114
114 115
114 116
189 115
189 189
189 190
115 115
115 116
115 117
115 118
115 190
115 191
116 116
116 117
116 118
190 117
190 190
190 191
117 117
117 118
117 119
117 120
117 191
117 192
118 118
118 119
118 120
191 119
191 191
191 192
119 119
119 120
119 121
119 122
119 192
119 193
120 120
120 121
120 122
192 121
192 192
192 193
121 121
121 122
121 123
121 124
121 193
121 194
122 122
122 123
122 124
193 123
193 193
193 194
123 123
123 124
123 125
123 126
123 194
123 195
124 124
124 125
124 126
194 125
194 194
194 195
125 125
125 126
125 127
125 128
125 195
125 196
126 126
126 127
126 128
195 127
195 195
195 196
127 127
127 128
127 129
127 130
127 196
127 197
128 128
128 129
128 130
196 129
196 196
196 197
129 129
129 130
129 197
130 130
197 197
133 133
133 134
134 134
134 135
134 136
134 138
135 135
135 136
135 181
135 183
181 179
181 181
183 183
183 185
136 136
136 138
138 138
169 169
169 171
171 171
171 173
173 173
173 175
175 175
175 177
177 177
177 179
179 179
185 185
204 204
204 211
211 211
211 220
220 220
