245 853
0 0
0 1
0 2
0 3
1 1
1 2
2 2
2 3
2 4
3 3
3 4
3 5
4 4
4 5
4 6
4 24
4 26
4 27
4 28
4 29
5 5
5 6
5 7
5 25
5 27
5 28
5 29
6 6
6 7
6 8
24 24
24 26
24 27
26 26
26 27
26 28
26 29
26 46
26 53
27 25
27 27
27 28
27 29
27 46
27 53
28 7
28 8
28 10
28 11
28 28
28 29
28 30
28 31
28 32
29 7
29 8
29 10
29 11
29 29
29 31
29 32
7 7
7 8
7 9
7 11
25 25
8 8
8 9
9 9
9 10
9 11
11 10
11 11
11 12
11 13
11 32
11 34
10 10
10 12
10 31
10 32
10 33
12 12
12 13
12 14
31 31
31 32
31 33
31 47
31 57
32 32
32 33
32 34
32 47
32 57
33 16
33 33
33 35
33 36
13 13
13 14
13 15
13 17
34 17
34 34
34 36
14 14
14 15
15 15
15 16
15 17
17 16
17 17
17 18
17 20
17 36
17 37
17 38
16 16
16 18
16 35
16 36
16 37
16 38
18 18
18 19
18 20
35 35
35 36
35 37
35 38
35 48
35 63
36 36
36 37
36 38
36 48
36 63
37 19
37 20
37 22
37 23
37 37
37 38
37 39
37 40
37 41
38 19
38 20
38 22
38 23
38 38
38 40
38 41
20 19
20 20
20 21
20 23
19 19
19 21
21 21
21 22
21 23
23 22
23 23
23 41
23 45
22 22
22 40
22 41
22 44
40 40
40 41
40 42
40 43
40 44
41 41
41 42
41 43
41 45
44 42
44 43
44 44
44 45
44 67
44 89
45 42
45 43
45 45
45 49
45 67
45 68
45 90
45 129
46 46
46 47
46 53
46 54
46 77
53 52
53 53
53 54
53 55
53 56
53 72
53 73
30 30
47 47
47 57
47 58
57 55
57 56
57 57
57 58
57 59
57 76
57 77
48 48
48 49
48 63
48 64
48 90
63 62
63 63
63 64
63 65
63 66
63 84
63 85
39 39
42 42
42 43
42 49
42 67
43 43
43 49
43 67
49 49
49 67
49 68
67 65
67 66
67 67
67 68
67 89
67 90
89 87
89 88
89 89
89 90
89 91
89 92
68 65
68 66
68 68
68 90
90 87
90 88
90 90
90 91
129 129
54 51
54 52
54 54
54 55
54 56
54 73
77 58
77 61
77 74
77 75
77 76
77 77
77 78
77 79
77 81
58 55
58 56
58 58
58 59
58 61
64 61
64 62
64 64
64 65
64 66
64 85
50 50
50 51
50 52
50 72
51 51
51 52
51 73
52 52
72 71
72 72
72 73
72 74
72 75
72 93
72 95
73 70
73 71
73 73
73 74
73 75
73 94
73 96
55 55
55 56
55 74
55 75
56 56
56 74
56 75
74 74
74 75
74 76
75 75
75 76
59 59
59 60
59 61
76 60
76 76
76 78
76 79
76 80
61 60
61 61
61 62
61 85
60 60
60 62
60 84
62 62
84 83
84 84
84 85
84 86
84 87
84 88
84 95
84 97
85 81
85 83
85 85
85 86
85 87
85 88
85 96
65 65
65 66
65 87
65 88
66 66
66 87
66 88
87 87
87 88
88 88
69 69
69 71
71 70
71 71
70 70
93 93
93 94
93 95
95 80
95 94
95 95
95 96
95 97
95 106
95 132
95 137
94 94
94 96
96 79
96 80
96 96
96 97
96 98
96 132
96 134
96 136
78 78
78 81
78 82
79 79
79 80
80 80
81 81
81 82
81 83
82 82
82 83
83 83
86 86
86 98
97 92
97 97
97 98
97 99
97 101
97 102
97 108
98 91
98 92
98 98
98 100
98 102
98 136
98 137
91 91
91 92
92 92
106 105
106 106
106 107
132 131
132 132
132 133
132 135
132 142
137 99
137 101
137 137
137 138
137 146
137 159
137 190
137 192
134 131
134 133
134 134
134 135
134 136
134 157
136 100
136 136
136 138
99 99
99 101
101 101
101 102
101 119
101 138
101 139
101 159
102 100
102 102
102 115
102 138
102 139
102 160
108 103
108 107
108 108
108 109
108 110
108 144
108 216
108 217
100 100
100 138
138 138
138 158
138 159
138 160
138 192
138 193
119 118
119 119
119 120
139 139
139 159
139 160
159 159
159 160
159 178
159 192
159 194
115 114
115 115
115 116
160 160
160 174
160 193
160 194
160 195
103 103
103 104
103 109
103 110
103 218
104 104
104 105
104 141
109 109
109 110
109 216
109 217
109 218
110 110
110 209
110 217
110 218
218 209
218 216
218 217
218 218
105 105
105 142
141 140
141 141
141 142
142 142
142 165
107 107
107 143
143 143
143 144
143 146
144 144
144 169
216 208
216 209
216 215
216 216
216 217
217 209
217 217
209 209
209 210
111 111
111 112
112 112
112 113
113 113
113 114
113 172
113 176
114 114
172 117
172 171
172 172
172 173
176 117
176 175
176 176
176 177
116 116
116 117
116 147
116 148
116 149
116 175
117 117
117 118
147 147
147 148
147 149
147 151
147 152
147 175
148 148
148 150
148 151
148 152
148 175
149 122
149 149
149 150
149 151
149 152
149 181
175 150
175 174
175 175
118 118
120 120
120 121
121 121
121 122
121 180
121 183
122 122
122 123
122 150
122 181
180 124
180 179
180 180
180 181
183 124
183 182
183 183
183 184
123 123
123 124
150 150
150 151
150 152
150 181
181 181
181 182
124 124
124 125
125 125
125 126
126 126
126 127
127 127
127 128
128 128
128 145
145 145
145 187
130 130
130 131
131 131
131 133
133 133
135 135
135 156
135 157
157 155
157 156
157 157
157 158
157 190
157 191
156 154
156 156
156 164
156 190
146 146
146 168
190 188
190 190
190 191
190 192
190 193
190 196
190 198
190 202
190 227
190 228
192 192
192 193
192 194
192 195
192 198
192 205
158 158
158 191
158 193
193 191
193 193
193 195
193 198
193 199
140 140
165 164
165 165
165 166
169 168
169 169
169 208
187 186
187 187
168 167
168 168
168 207
151 151
151 152
152 152
152 153
153 153
154 154
155 155
164 163
164 164
191 188
191 189
191 191
191 196
191 197
191 229
178 177
178 178
178 179
194 194
194 195
174 173
174 174
195 195
161 161
161 162
161 200
162 162
162 163
162 201
200 200
200 201
163 163
163 202
201 201
201 203
201 210
202 202
202 203
166 166
166 167
166 204
167 167
167 205
204 203
204 204
204 206
205 205
205 206
207 206
207 207
207 208
207 215
208 208
170 170
170 171
171 171
173 173
177 177
179 179
182 182
184 184
184 185
185 185
185 186
186 186
188 188
189 189
196 196
196 197
196 211
196 221
196 223
196 227
198 198
198 199
198 213
198 228
227 223
227 226
227 227
227 228
227 229
228 199
228 228
228 229
228 242
197 197
197 221
197 222
229 199
229 226
229 229
229 242
229 243
199 199
211 210
211 211
211 212
221 219
221 220
221 221
221 222
221 223
221 233
221 242
223 222
223 223
223 226
222 220
222 222
222 225
222 233
222 234
222 243
213 212
213 213
213 214
203 203
203 212
210 210
212 212
206 206
206 214
214 214
214 215
215 215
219 219
220 220
233 230
233 231
233 233
233 234
233 235
242 241
242 242
242 243
225 224
225 225
225 226
234 230
234 231
234 232
234 234
234 235
234 236
243 240
243 241
243 243
226 226
224 224
224 238
238 237
238 238
238 239
238 244
230 230
230 231
231 231
232 232
235 235
235 236
235 237
236 236
236 237
236 239
236 240
237 237
237 239
237 240
239 239
239 240
239 241
240 240
240 241
244 244
241 241
