419 1991
0 0
0 1
0 3
0 4
0 5
0 6
0 11
1 1
1 2
1 3
1 5
1 6
1 7
1 8
1 212
1 214
1 216
1 219
3 2
3 3
3 4
3 9
3 10
3 11
3 212
3 214
3 215
3 220
4 4
4 5
4 11
4 15
4 19
4 185
4 214
4 215
4 226
5 5
5 6
5 15
5 19
5 185
5 212
5 216
5 230
6 6
6 7
6 30
6 31
6 185
11 10
11 11
11 106
11 107
11 185
2 2
2 7
2 8
2 9
2 10
7 7
7 8
7 30
7 31
7 185
8 8
8 9
8 20
8 24
8 185
8 212
8 219
8 231
212 211
212 212
212 213
212 214
212 216
212 217
212 218
212 219
214 9
214 211
214 213
214 214
214 215
214 220
214 221
214 222
216 19
216 211
216 215
216 216
216 217
216 226
216 230
219 20
219 213
219 218
219 219
219 220
219 231
219 235
9 9
9 10
9 20
9 24
9 185
9 220
9 235
10 10
10 106
10 107
10 185
215 15
215 211
215 215
215 222
215 226
215 230
220 24
220 213
220 220
220 221
220 231
220 235
15 14
15 15
15 18
15 19
15 225
15 226
19 14
19 18
19 19
19 229
19 230
185 185
226 14
226 225
226 226
226 229
226 230
230 18
230 225
230 229
230 230
30 30
30 31
30 38
30 39
31 31
31 39
31 40
20 20
20 21
20 24
20 25
20 231
20 232
24 21
24 24
24 25
24 235
24 236
231 21
231 231
231 232
231 235
231 236
235 25
235 232
235 235
235 236
106 106
106 107
106 114
106 115
107 107
107 115
107 116
12 12
12 13
12 16
12 17
12 104
12 105
12 223
12 224
12 227
12 315
13 13
13 14
13 16
13 17
13 18
13 104
13 105
13 223
13 224
13 225
16 16
16 17
16 28
16 29
16 223
16 227
16 228
16 239
17 14
17 17
17 18
17 28
17 29
17 227
17 228
17 229
104 104
104 105
104 110
104 111
104 223
104 315
104 321
105 105
105 110
105 111
223 223
223 224
223 227
223 228
223 315
223 316
224 14
224 224
224 225
224 227
224 228
224 229
224 315
224 316
227 28
227 227
227 228
227 239
227 240
315 110
315 315
315 316
315 321
315 322
14 14
14 18
14 225
18 18
18 228
18 229
225 225
225 228
225 229
28 28
28 29
28 34
28 35
28 239
28 245
29 29
29 34
29 35
228 228
228 229
228 239
228 240
239 34
239 239
239 240
239 245
239 246
229 229
21 21
21 22
21 25
21 26
21 232
21 233
25 22
25 25
25 26
25 236
25 237
232 22
232 232
232 233
232 236
232 237
22 22
22 23
22 26
22 27
22 32
22 33
22 233
22 234
26 23
26 26
26 27
26 108
26 109
26 236
26 237
26 238
233 23
233 233
233 234
233 236
233 237
233 238
233 243
233 244
23 23
23 27
23 32
23 33
23 234
23 238
23 244
27 27
27 108
27 109
27 234
27 237
27 238
27 320
32 32
32 33
32 43
32 44
33 33
33 43
33 44
33 234
33 244
33 255
234 234
234 237
234 238
234 243
234 244
238 109
238 237
238 238
238 319
238 320
244 44
244 243
244 244
244 254
244 255
236 236
236 237
237 237
237 319
237 320
108 108
108 109
108 119
108 120
109 109
109 119
109 120
109 320
109 331
320 120
320 319
320 320
320 330
320 331
34 34
34 35
34 45
34 46
34 245
34 246
34 256
35 35
35 36
35 45
35 46
35 245
35 246
35 247
245 45
245 240
245 245
245 246
245 256
245 257
38 37
38 38
38 39
38 47
38 248
38 249
38 250
39 39
39 40
39 47
39 48
39 187
39 249
39 250
39 251
39 395
40 40
40 41
40 48
40 250
40 251
40 252
43 42
43 43
43 44
43 49
43 50
43 253
43 254
43 255
44 44
44 49
44 50
44 254
44 255
44 261
255 50
255 243
255 254
255 255
255 260
255 261
45 45
45 46
45 51
45 52
45 256
45 262
46 46
46 51
46 52
246 36
246 240
246 246
246 247
246 256
246 257
256 51
256 256
256 257
256 262
256 263
36 36
36 37
36 247
36 248
247 37
247 247
247 248
37 37
37 248
37 249
248 248
248 249
249 241
249 249
249 250
249 258
47 47
47 56
47 187
47 188
250 187
250 241
250 242
250 250
250 251
250 258
250 259
250 395
48 48
48 57
48 187
48 188
187 56
187 57
187 187
187 188
187 395
187 396
251 41
251 242
251 251
251 252
251 259
395 188
395 258
395 259
395 267
395 268
395 395
395 396
41 41
41 42
41 252
41 253
252 42
252 252
252 253
42 42
42 253
42 254
253 253
253 254
254 243
254 254
254 260
254 261
49 49
49 50
49 61
49 62
50 50
50 61
50 62
50 261
50 273
261 62
261 260
261 261
261 272
261 273
51 51
51 52
51 63
51 262
51 274
52 52
52 53
52 63
52 65
52 189
52 190
262 63
262 257
262 262
262 263
262 274
56 55
56 56
56 78
56 79
56 182
56 188
188 57
188 182
188 188
188 393
188 396
57 57
57 58
57 80
57 81
57 182
61 60
61 61
61 62
61 74
61 76
61 197
61 198
62 62
62 76
62 273
62 287
273 76
273 260
273 272
273 273
273 287
63 63
63 64
63 65
63 189
63 274
63 275
63 397
274 64
274 189
274 263
274 274
274 275
274 276
274 397
53 53
53 54
53 66
53 189
53 190
53 191
53 264
65 64
65 65
65 66
65 87
65 88
65 189
65 190
65 276
189 66
189 189
189 190
189 397
189 398
190 54
190 66
190 67
190 190
190 191
190 397
190 398
190 399
54 54
54 55
54 67
54 191
54 192
66 66
66 67
66 191
191 55
191 67
191 68
191 191
191 192
191 398
191 399
191 400
264 263
264 264
264 265
264 277
264 397
264 398
264 399
55 55
55 77
55 78
55 79
55 192
67 67
67 68
67 192
67 278
192 68
192 77
192 192
192 288
192 399
192 400
77 68
77 77
77 78
77 86
77 186
77 288
77 289
77 297
77 400
78 78
78 79
78 186
78 288
78 289
78 290
79 79
79 182
79 186
79 289
79 290
79 393
182 80
182 182
182 186
182 290
182 291
182 393
182 396
58 58
58 59
58 80
58 81
58 83
58 195
58 196
80 80
80 81
80 186
80 291
80 292
80 393
81 81
81 83
81 186
81 291
81 292
81 294
59 59
59 60
59 72
59 195
59 196
59 197
83 71
83 82
83 83
83 186
83 195
83 292
83 293
83 294
83 403
195 71
195 72
195 195
195 196
195 294
195 403
195 404
196 60
196 71
196 72
196 73
196 196
196 197
196 403
196 404
196 405
60 60
60 73
60 197
60 198
60 271
72 71
72 72
72 73
72 197
72 283
197 73
197 74
197 197
197 198
197 404
197 405
197 406
73 73
73 74
73 198
198 74
198 76
198 198
198 287
198 405
198 406
271 270
271 271
271 272
271 284
271 404
271 405
271 406
74 74
74 75
74 76
74 91
74 92
74 285
76 75
76 76
76 286
76 287
76 406
287 75
287 272
287 285
287 286
287 287
287 406
64 64
64 87
64 88
64 275
64 298
275 87
275 275
275 276
275 298
275 299
397 263
397 276
397 277
397 397
397 398
87 87
87 88
87 93
87 94
87 298
87 304
88 88
88 93
88 94
298 93
298 276
298 298
298 299
298 304
298 305
276 263
276 276
276 277
276 299
276 398
68 68
68 69
68 85
68 86
278 265
278 277
278 278
278 279
278 398
278 399
278 400
69 69
69 85
69 86
69 89
69 181
69 193
69 194
85 85
85 86
85 181
85 186
85 296
85 297
85 392
86 86
86 186
86 288
86 296
86 297
89 89
89 90
89 97
89 98
89 193
89 194
181 70
181 84
181 181
181 186
181 193
181 295
181 296
181 392
181 401
193 70
193 90
193 193
193 194
193 392
193 401
193 402
194 70
194 90
194 98
194 194
194 309
194 401
194 402
70 70
70 71
70 82
70 84
70 90
71 71
71 82
71 84
82 82
82 84
82 186
82 293
82 294
82 295
84 84
84 186
84 293
84 295
84 392
90 90
90 98
90 99
283 270
283 282
283 283
283 284
283 403
283 404
283 405
75 75
75 91
75 92
75 286
75 303
91 91
91 92
91 102
91 103
92 92
92 102
92 103
92 286
92 303
92 314
285 272
285 284
285 285
285 286
285 302
285 303
285 405
285 406
286 286
286 302
286 303
303 103
303 302
303 303
303 313
303 314
406 272
406 284
406 405
406 406
186 186
288 266
288 279
288 288
288 289
288 297
288 400
289 266
289 267
289 289
289 290
297 279
297 280
297 296
297 297
400 265
400 266
400 279
400 399
400 400
290 266
290 267
290 290
290 393
393 267
393 268
393 291
393 393
393 396
291 268
291 269
291 291
291 292
292 268
292 269
292 292
292 294
294 269
294 282
294 293
294 294
294 403
293 281
293 282
293 293
293 295
295 281
295 282
295 295
295 392
403 269
403 270
403 282
403 403
403 404
392 280
392 281
392 296
392 392
392 401
296 279
296 280
296 296
93 93
93 94
93 304
93 305
94 94
94 95
94 304
94 305
94 306
304 299
304 304
304 305
97 96
97 97
97 98
97 307
97 308
97 309
98 98
98 99
98 308
98 309
98 310
98 402
99 99
99 100
99 309
99 310
99 311
102 101
102 102
102 103
102 312
102 313
102 314
103 103
103 313
103 314
314 302
314 313
314 314
305 95
305 299
305 305
305 306
95 95
95 96
95 306
95 307
306 96
306 306
306 307
96 96
96 307
96 308
307 307
307 308
308 300
308 308
308 309
309 300
309 301
309 309
309 310
309 402
310 100
310 301
310 310
310 311
402 280
402 281
402 300
402 301
402 401
402 402
100 100
100 101
100 311
100 312
311 101
311 311
311 312
101 101
101 312
101 313
312 312
312 313
313 302
313 313
110 110
110 111
110 121
110 122
110 321
110 322
110 332
111 111
111 112
111 121
111 122
111 321
111 322
111 323
321 121
321 316
321 321
321 322
321 332
321 333
114 113
114 114
114 115
114 123
114 324
114 325
114 326
115 115
115 116
115 123
115 124
115 206
115 325
115 326
115 327
115 414
116 116
116 117
116 124
116 326
116 327
116 328
119 118
119 119
119 120
119 125
119 126
119 329
119 330
119 331
120 120
120 125
120 126
120 330
120 331
120 337
331 126
331 319
331 330
331 331
331 336
331 337
121 121
121 122
121 127
121 130
121 332
121 338
122 122
122 127
122 130
322 112
322 316
322 322
322 323
322 332
322 333
332 127
332 332
332 333
332 338
332 341
112 112
112 113
112 323
112 324
323 113
323 323
323 324
113 113
113 324
113 325
324 324
324 325
325 317
325 325
325 326
325 334
123 123
123 134
123 205
123 206
326 206
326 317
326 318
326 326
326 327
326 334
326 335
326 414
124 124
124 135
124 205
124 206
206 134
206 135
206 205
206 206
206 413
206 414
327 117
327 318
327 327
327 328
327 335
414 205
414 334
414 335
414 345
414 346
414 413
414 414
117 117
117 118
117 328
117 329
328 118
328 328
328 329
118 118
118 329
118 330
329 329
329 330
330 319
330 330
330 336
330 337
125 125
125 126
125 139
125 140
126 126
126 139
126 140
126 337
126 351
337 140
337 336
337 337
337 350
337 351
127 127
127 128
127 130
127 338
127 339
130 128
130 130
130 131
130 141
130 203
130 204
338 128
338 333
338 338
338 339
338 341
134 133
134 134
134 154
134 155
134 156
134 205
205 135
205 156
205 205
205 367
205 413
135 135
135 136
135 156
135 157
135 158
139 138
139 139
139 140
139 150
139 152
139 209
139 210
140 140
140 152
140 351
140 363
351 152
351 336
351 350
351 351
351 363
128 128
128 129
128 141
128 204
128 339
128 340
128 412
339 129
339 204
339 339
339 340
339 341
339 352
339 412
129 129
129 141
129 164
129 165
129 340
129 375
141 141
141 142
141 164
141 165
141 203
141 204
141 352
204 131
204 142
204 203
204 204
204 411
204 412
340 164
340 340
340 352
340 375
340 376
412 203
412 341
412 342
412 352
412 353
412 411
412 412
164 164
164 165
164 170
164 171
164 375
164 381
165 165
165 170
165 171
375 170
375 352
375 375
375 376
375 381
375 382
131 131
131 132
131 142
131 202
131 203
131 342
203 132
203 142
203 143
203 202
203 203
203 410
203 411
132 132
132 133
132 143
132 201
132 202
142 142
142 143
142 202
202 133
202 143
202 144
202 201
202 202
202 409
202 410
202 411
342 341
342 342
342 343
342 353
342 410
342 411
133 133
133 153
133 154
133 155
133 201
143 143
143 144
143 201
143 354
201 144
201 153
201 201
201 364
201 409
201 410
153 144
153 153
153 154
153 163
153 184
153 364
153 365
153 374
153 409
154 154
154 155
154 184
154 364
154 365
154 366
155 155
155 156
155 184
155 365
155 366
155 367
156 156
156 157
156 184
156 366
156 367
156 368
156 413
136 136
136 137
136 157
136 158
136 159
136 207
136 208
157 157
157 158
157 184
157 367
157 368
157 369
158 158
158 159
158 184
158 368
158 369
158 370
137 137
137 138
137 148
137 207
137 208
137 209
159 147
159 159
159 160
159 184
159 207
159 369
159 370
159 371
159 415
207 147
207 148
207 207
207 208
207 370
207 415
207 416
208 138
208 147
208 148
208 149
208 208
208 209
208 415
208 416
208 417
138 138
138 149
138 209
138 210
138 349
148 147
148 148
148 149
148 209
148 359
209 149
209 150
209 209
209 210
209 416
209 417
209 418
149 149
149 150
149 210
210 150
210 152
210 210
210 363
210 417
210 418
349 348
349 349
349 350
349 360
349 416
349 417
349 418
150 150
150 151
150 152
150 168
150 169
150 361
152 151
152 152
152 362
152 363
152 418
363 151
363 350
363 361
363 362
363 363
363 418
352 341
352 352
352 353
352 376
352 411
144 144
144 145
144 162
144 163
354 343
354 353
354 354
354 355
354 409
354 410
354 411
145 145
145 162
145 163
145 166
145 183
145 199
145 200
162 162
162 163
162 183
162 184
162 373
162 374
162 394
163 163
163 184
163 364
163 373
163 374
166 166
166 174
166 175
166 199
166 200
183 146
183 161
183 183
183 184
183 200
183 372
183 373
183 394
183 408
199 146
199 167
199 175
199 199
199 200
199 386
199 407
199 408
200 146
200 167
200 200
200 394
200 407
200 408
146 146
146 147
146 160
146 161
146 167
147 147
147 160
147 161
160 160
160 161
160 184
160 370
160 371
160 372
161 161
161 184
161 371
161 372
161 394
167 167
167 175
167 176
359 348
359 358
359 359
359 360
359 415
359 416
359 417
151 151
151 168
151 169
151 362
151 380
168 168
168 169
168 179
168 180
169 169
169 179
169 180
169 362
169 380
169 391
361 350
361 360
361 361
361 362
361 379
361 380
361 417
361 418
362 362
362 379
362 380
380 180
380 379
380 380
380 390
380 391
418 350
418 360
418 417
418 418
184 184
364 344
364 355
364 364
364 365
364 374
364 409
365 344
365 345
365 365
365 366
374 355
374 356
374 373
374 374
409 343
409 344
409 355
409 409
409 410
366 344
366 345
366 366
366 367
367 345
367 346
367 367
367 368
367 413
368 346
368 347
368 368
368 369
413 334
413 335
413 345
413 346
413 413
369 346
369 347
369 369
369 370
370 347
370 358
370 370
370 371
370 415
371 357
371 358
371 371
371 372
415 347
415 348
415 358
415 415
415 416
372 357
372 358
372 372
372 394
394 356
394 357
394 373
394 394
394 408
373 355
373 356
373 373
170 170
170 171
170 381
170 382
171 171
171 172
171 381
171 382
171 383
381 376
381 381
381 382
174 173
174 174
174 175
174 384
174 385
174 386
175 175
175 176
175 385
175 386
175 387
175 407
176 176
176 177
176 386
176 387
176 388
179 178
179 179
179 180
179 389
179 390
179 391
180 180
180 390
180 391
391 379
391 390
391 391
382 172
382 376
382 382
382 383
172 172
172 173
172 383
172 384
383 173
383 383
383 384
173 173
173 384
173 385
384 384
384 385
385 377
385 385
385 386
386 377
386 378
386 386
386 387
386 407
387 177
387 378
387 387
387 388
407 356
407 357
407 377
407 378
407 407
407 408
177 177
177 178
177 388
177 389
388 178
388 388
388 389
178 178
178 389
178 390
389 389
389 390
390 379
390 390
401 280
401 281
401 300
401 301
401 401
396 258
396 259
396 267
396 268
396 396
408 356
408 357
408 377
408 378
408 408
398 263
398 265
398 277
398 398
398 399
399 265
399 266
399 277
399 279
399 399
404 269
404 270
404 282
404 284
404 404
404 405
405 270
405 272
405 284
405 405
410 343
410 344
410 353
410 355
410 410
410 411
411 341
411 343
411 353
411 411
416 347
416 348
416 358
416 360
416 416
416 417
417 348
417 350
417 360
417 417
211 211
211 217
211 222
217 217
217 218
217 241
217 242
222 221
222 222
222 317
222 318
213 213
213 218
213 221
218 218
218 241
218 242
221 221
221 317
221 318
241 241
241 242
242 242
317 317
317 318
318 318
316 316
240 240
243 243
319 319
257 257
257 263
258 258
258 267
259 259
259 268
260 260
260 272
263 263
267 266
267 267
268 268
268 269
272 272
265 265
265 266
277 277
266 266
269 269
269 270
270 270
284 284
299 299
279 279
279 280
280 280
280 300
300 300
300 301
281 281
281 282
281 301
282 282
301 301
302 302
333 333
333 341
334 334
334 345
335 335
335 346
336 336
336 350
341 341
345 344
345 345
346 346
346 347
350 350
376 376
343 343
343 344
353 353
344 344
347 347
347 348
348 348
360 360
355 355
355 356
356 356
356 377
377 377
357 357
357 358
357 378
358 358
378 378
379 379
