27 153
0 0
0 1
0 9
0 10
0 18
0 19
1 1
1 2
1 3
1 9
1 10
1 11
1 12
1 18
1 19
1 20
1 21
9 9
9 10
9 18
9 19
10 2
10 3
10 10
10 11
10 12
10 18
10 19
10 20
10 21
18 18
18 19
19 2
19 3
19 11
19 12
19 19
19 20
19 21
2 2
2 3
2 11
2 12
2 20
2 21
3 3
3 4
3 5
3 11
3 12
3 13
3 14
3 20
3 21
3 22
3 23
11 11
11 12
11 20
11 21
12 4
12 5
12 12
12 13
12 14
12 20
12 21
12 22
12 23
20 20
20 21
21 4
21 5
21 13
21 14
21 21
21 22
21 23
4 4
4 5
4 13
4 14
4 22
4 23
5 5
5 6
5 7
5 13
5 14
5 15
5 16
5 22
5 23
5 24
5 25
13 13
13 14
13 22
13 23
14 6
14 7
14 14
14 15
14 16
14 22
14 23
14 24
14 25
22 22
22 23
23 6
23 7
23 15
23 16
23 23
23 24
23 25
6 6
6 7
6 15
6 16
6 24
6 25
7 7
7 8
7 15
7 16
7 17
7 24
7 25
7 26
15 15
15 16
15 24
15 25
16 8
16 16
16 17
16 24
16 25
16 26
24 24
24 25
25 8
25 17
25 25
25 26
8 8
8 17
8 26
17 17
17 26
26 26
