541 3007
0 0
0 1
0 3
0 54
0 270
0 324
0 378
0 540
1 1
1 2
1 4
1 55
1 271
1 325
1 379
1 540
3 3
3 4
3 6
3 57
3 273
3 327
3 381
3 540
54 54
54 55
54 57
54 270
54 324
54 378
54 486
54 540
270 270
270 271
270 273
270 324
270 378
270 432
270 486
270 540
324 108
324 162
324 216
324 324
324 378
324 432
324 486
324 540
378 162
378 216
378 378
378 486
378 432
378 540
540 2
540 4
540 5
540 6
540 7
540 8
540 9
540 10
540 11
540 12
540 13
540 14
540 15
540 16
540 17
540 18
540 19
540 20
540 21
540 22
540 23
540 24
540 25
540 26
540 27
540 28
540 29
540 30
540 31
540 32
540 33
540 34
540 35
540 36
540 37
540 38
540 39
540 40
540 41
540 42
540 43
540 44
540 45
540 46
540 47
540 48
540 49
540 50
540 51
540 52
540 53
540 55
540 56
540 57
540 58
540 59
540 60
540 61
540 62
540 63
540 64
540 65
540 66
540 67
540 68
540 69
540 70
540 71
540 72
540 73
540 74
540 75
540 76
540 77
540 78
540 79
540 80
540 81
540 82
540 83
540 84
540 85
540 86
540 87
540 88
540 89
540 90
540 91
540 92
540 93
540 94
540 95
540 96
540 97
540 98
540 99
540 100
540 101
540 102
540 103
540 104
540 105
540 106
540 107
540 108
540 109
540 110
540 111
540 112
540 113
540 114
540 115
540 116
540 117
540 118
540 119
540 120
540 121
540 122
540 123
540 124
540 125
540 126
540 127
540 128
540 129
540 130
540 131
540 132
540 133
540 134
540 135
540 136
540 137
540 138
540 139
540 140
540 141
540 142
540 143
540 144
540 145
540 146
540 147
540 148
540 149
540 150
540 151
540 152
540 153
540 154
540 155
540 156
540 157
540 158
540 159
540 160
540 161
540 162
540 163
540 164
540 165
540 166
540 167
540 168
540 169
540 170
540 171
540 172
540 173
540 174
540 175
540 176
540 177
540 178
540 179
540 180
540 181
540 182
540 183
540 184
540 185
540 186
540 187
540 188
540 189
540 190
540 191
540 192
540 193
540 194
540 195
540 196
540 197
540 198
540 199
540 200
540 201
540 202
540 203
540 204
540 205
540 206
540 207
540 208
540 209
540 210
540 211
540 212
540 213
540 214
540 215
540 216
540 217
540 218
540 219
540 220
540 221
540 222
540 223
540 224
540 225
540 226
540 227
540 228
540 229
540 230
540 231
540 232
540 233
540 234
540 235
540 236
540 237
540 238
540 239
540 240
540 241
540 242
540 243
540 244
540 245
540 246
540 247
540 248
540 249
540 250
540 251
540 252
540 253
540 254
540 255
540 256
540 257
540 258
540 259
540 260
540 261
540 262
540 263
540 264
540 265
540 266
540 267
540 268
540 269
540 271
540 272
540 273
540 274
540 275
540 276
540 277
540 278
540 279
540 280
540 281
540 282
540 283
540 284
540 285
540 286
540 287
540 288
540 289
540 290
540 291
540 292
540 293
540 294
540 295
540 296
540 297
540 298
540 299
540 300
540 301
540 302
540 303
540 304
540 305
540 306
540 307
540 308
540 309
540 310
540 311
540 312
540 313
540 314
540 315
540 316
540 317
540 318
540 319
540 320
540 321
540 322
540 323
540 325
540 326
540 327
540 328
540 329
540 330
540 331
540 332
540 333
540 334
540 335
540 336
540 337
540 338
540 339
540 340
540 341
540 342
540 343
540 344
540 345
540 346
540 347
540 348
540 349
540 350
540 351
540 352
540 353
540 354
540 355
540 356
540 357
540 358
540 359
540 360
540 361
540 362
540 363
540 364
540 365
540 366
540 367
540 368
540 369
540 370
540 371
540 372
540 373
540 374
540 375
540 376
540 377
540 379
540 380
540 381
540 382
540 383
540 384
540 385
540 386
540 387
540 388
540 389
540 390
540 391
540 392
540 393
540 394
540 395
540 396
540 397
540 398
540 399
540 400
540 401
540 402
540 403
540 404
540 405
540 406
540 407
540 408
540 409
540 410
540 411
540 412
540 413
540 414
540 415
540 416
540 417
540 418
540 419
540 420
540 421
540 422
540 423
540 424
540 425
540 426
540 427
540 428
540 429
540 430
540 431
540 432
540 433
540 434
540 435
540 436
540 437
540 438
540 439
540 440
540 441
540 442
540 443
540 444
540 445
540 446
540 447
540 448
540 449
540 450
540 451
540 452
540 453
540 454
540 455
540 456
540 457
540 458
540 459
540 460
540 461
540 462
540 463
540 464
540 465
540 466
540 467
540 468
540 469
540 470
540 471
540 472
540 473
540 474
540 475
540 476
540 477
540 478
540 479
540 480
540 481
540 482
540 483
540 484
540 485
540 486
540 487
540 488
540 489
540 490
540 491
540 492
540 493
540 494
540 495
540 496
540 497
540 498
540 499
540 500
540 501
540 502
540 503
540 504
540 505
540 506
540 507
540 508
540 509
540 510
540 511
540 512
540 513
540 514
540 515
540 516
540 517
540 518
540 519
540 520
540 521
540 522
540 523
540 524
540 525
540 526
540 527
540 528
540 529
540 530
540 531
540 532
540 533
540 534
540 535
540 536
540 537
540 538
540 539
540 540
2 2
2 5
2 56
2 272
2 326
2 380
4 4
4 5
4 7
4 58
4 274
4 328
4 382
55 55
55 56
55 58
55 271
55 325
55 379
55 487
271 271
271 272
271 274
271 325
271 379
271 433
271 487
325 109
325 163
325 217
325 325
325 379
325 433
325 487
379 163
379 217
379 379
379 487
379 433
5 5
5 8
5 59
5 275
5 329
5 383
56 56
56 59
56 272
56 326
56 380
56 488
272 272
272 275
272 326
272 380
272 434
272 488
326 110
326 164
326 218
326 326
326 380
326 434
326 488
380 164
380 218
380 380
380 488
380 434
6 6
6 7
6 9
6 60
6 276
6 330
6 384
57 57
57 58
57 60
57 273
57 327
57 381
57 489
273 273
273 274
273 276
273 327
273 381
273 435
273 489
327 111
327 165
327 219
327 327
327 381
327 435
327 489
381 165
381 219
381 381
381 489
381 435
7 7
7 8
7 10
7 61
7 277
7 331
7 385
58 58
58 59
58 61
58 274
58 328
58 382
58 490
274 274
274 275
274 277
274 328
274 382
274 436
274 490
328 112
328 166
328 220
328 328
328 382
328 436
328 490
382 166
382 220
382 382
382 490
382 436
8 8
8 11
8 62
8 278
8 332
8 386
59 59
59 62
59 275
59 329
59 383
59 491
275 275
275 278
275 329
275 383
275 437
275 491
329 113
329 167
329 221
329 329
329 383
329 437
329 491
383 167
383 221
383 383
383 491
383 437
9 9
9 10
9 12
9 63
9 279
9 333
9 387
60 60
60 61
60 63
60 276
60 330
60 384
60 492
276 276
276 277
276 279
276 330
276 384
276 438
276 492
330 114
330 168
330 222
330 330
330 384
330 438
330 492
384 168
384 222
384 384
384 492
384 438
10 10
10 11
10 13
10 64
10 280
10 334
10 388
61 61
61 62
61 64
61 277
61 331
61 385
61 493
277 277
277 278
277 280
277 331
277 385
277 439
277 493
331 115
331 169
331 223
331 331
331 385
331 439
331 493
385 169
385 223
385 385
385 493
385 439
11 11
11 14
11 65
11 281
11 335
11 389
62 62
62 65
62 278
62 332
62 386
62 494
278 278
278 281
278 332
278 386
278 440
278 494
332 116
332 170
332 224
332 332
332 386
332 440
332 494
386 170
386 224
386 386
386 494
386 440
12 12
12 13
12 15
12 66
12 282
12 336
12 390
63 63
63 64
63 66
63 279
63 333
63 387
63 495
279 279
279 280
279 282
279 333
279 387
279 441
279 495
333 117
333 171
333 225
333 333
333 387
333 441
333 495
387 171
387 225
387 387
387 495
387 441
13 13
13 14
13 16
13 67
13 283
13 337
13 391
64 64
64 65
64 67
64 280
64 334
64 388
64 496
280 280
280 281
280 283
280 334
280 388
280 442
280 496
334 118
334 172
334 226
334 334
334 388
334 442
334 496
388 172
388 226
388 388
388 496
388 442
14 14
14 17
14 68
14 284
14 338
14 392
65 65
65 68
65 281
65 335
65 389
65 497
281 281
281 284
281 335
281 389
281 443
281 497
335 119
335 173
335 227
335 335
335 389
335 443
335 497
389 173
389 227
389 389
389 497
389 443
15 15
15 16
15 18
15 69
15 285
15 339
15 393
66 66
66 67
66 69
66 282
66 336
66 390
66 498
282 282
282 283
282 285
282 336
282 390
282 444
282 498
336 120
336 174
336 228
336 336
336 390
336 444
336 498
390 174
390 228
390 390
390 498
390 444
16 16
16 17
16 19
16 70
16 286
16 340
16 394
67 67
67 68
67 70
67 283
67 337
67 391
67 499
283 283
283 284
283 286
283 337
283 391
283 445
283 499
337 121
337 175
337 229
337 337
337 391
337 445
337 499
391 175
391 229
391 391
391 499
391 445
17 17
17 20
17 71
17 287
17 341
17 395
68 68
68 71
68 284
68 338
68 392
68 500
284 284
284 287
284 338
284 392
284 446
284 500
338 122
338 176
338 230
338 338
338 392
338 446
338 500
392 176
392 230
392 392
392 500
392 446
18 18
18 19
18 21
18 72
18 288
18 342
18 396
69 69
69 70
69 72
69 285
69 339
69 393
69 501
285 285
285 286
285 288
285 339
285 393
285 447
285 501
339 123
339 177
339 231
339 339
339 393
339 447
339 501
393 177
393 231
393 393
393 501
393 447
19 19
19 20
19 22
19 73
19 289
19 343
19 397
70 70
70 71
70 73
70 286
70 340
70 394
70 502
286 286
286 287
286 289
286 340
286 394
286 448
286 502
340 124
340 178
340 232
340 340
340 394
340 448
340 502
394 178
394 232
394 394
394 502
394 448
20 20
20 23
20 74
20 290
20 344
20 398
71 71
71 74
71 287
71 341
71 395
71 503
287 287
287 290
287 341
287 395
287 449
287 503
341 125
341 179
341 233
341 341
341 395
341 449
341 503
395 179
395 233
395 395
395 503
395 449
21 21
21 22
21 24
21 75
21 291
21 345
21 399
72 72
72 73
72 75
72 288
72 342
72 396
72 504
288 288
288 289
288 291
288 342
288 396
288 450
288 504
342 126
342 180
342 234
342 342
342 396
342 450
342 504
396 180
396 234
396 396
396 504
396 450
22 22
22 23
22 25
22 76
22 292
22 346
22 400
73 73
73 74
73 76
73 289
73 343
73 397
73 505
289 289
289 290
289 292
289 343
289 397
289 451
289 505
343 127
343 181
343 235
343 343
343 397
343 451
343 505
397 181
397 235
397 397
397 505
397 451
23 23
23 26
23 77
23 293
23 347
23 401
74 74
74 77
74 290
74 344
74 398
74 506
290 290
290 293
290 344
290 398
290 452
290 506
344 128
344 182
344 236
344 344
344 398
344 452
344 506
398 182
398 236
398 398
398 506
398 452
24 24
24 25
24 27
24 78
24 294
24 348
24 402
75 75
75 76
75 78
75 291
75 345
75 399
75 507
291 291
291 292
291 294
291 345
291 399
291 453
291 507
345 129
345 183
345 237
345 345
345 399
345 453
345 507
399 183
399 237
399 399
399 507
399 453
25 25
25 26
25 28
25 79
25 295
25 349
25 403
76 76
76 77
76 79
76 292
76 346
76 400
76 508
292 292
292 293
292 295
292 346
292 400
292 454
292 508
346 130
346 184
346 238
346 346
346 400
346 454
346 508
400 184
400 238
400 400
400 508
400 454
26 26
26 29
26 80
26 296
26 350
26 404
77 77
77 80
77 293
77 347
77 401
77 509
293 293
293 296
293 347
293 401
293 455
293 509
347 131
347 185
347 239
347 347
347 401
347 455
347 509
401 185
401 239
401 401
401 509
401 455
27 27
27 28
27 30
27 81
27 297
27 351
27 405
78 78
78 79
78 81
78 294
78 348
78 402
78 510
294 294
294 295
294 297
294 348
294 402
294 456
294 510
348 132
348 186
348 240
348 348
348 402
348 456
348 510
402 186
402 240
402 402
402 510
402 456
28 28
28 29
28 31
28 82
28 298
28 352
28 406
79 79
79 80
79 82
79 295
79 349
79 403
79 511
295 295
295 296
295 298
295 349
295 403
295 457
295 511
349 133
349 187
349 241
349 349
349 403
349 457
349 511
403 187
403 241
403 403
403 511
403 457
29 29
29 32
29 83
29 299
29 353
29 407
80 80
80 83
80 296
80 350
80 404
80 512
296 296
296 299
296 350
296 404
296 458
296 512
350 134
350 188
350 242
350 350
350 404
350 458
350 512
404 188
404 242
404 404
404 512
404 458
30 30
30 31
30 33
30 84
30 300
30 354
30 408
81 81
81 82
81 84
81 297
81 351
81 405
81 513
297 297
297 298
297 300
297 351
297 405
297 459
297 513
351 135
351 189
351 243
351 351
351 405
351 459
351 513
405 189
405 243
405 405
405 513
405 459
31 31
31 32
31 34
31 85
31 301
31 355
31 409
82 82
82 83
82 85
82 298
82 352
82 406
82 514
298 298
298 299
298 301
298 352
298 406
298 460
298 514
352 136
352 190
352 244
352 352
352 406
352 460
352 514
406 190
406 244
406 406
406 514
406 460
32 32
32 35
32 86
32 302
32 356
32 410
83 83
83 86
83 299
83 353
83 407
83 515
299 299
299 302
299 353
299 407
299 461
299 515
353 137
353 191
353 245
353 353
353 407
353 461
353 515
407 191
407 245
407 407
407 515
407 461
33 33
33 34
33 36
33 87
33 303
33 357
33 411
84 84
84 85
84 87
84 300
84 354
84 408
84 516
300 300
300 301
300 303
300 354
300 408
300 462
300 516
354 138
354 192
354 246
354 354
354 408
354 462
354 516
408 192
408 246
408 408
408 516
408 462
34 34
34 35
34 37
34 88
34 304
34 358
34 412
85 85
85 86
85 88
85 301
85 355
85 409
85 517
301 301
301 302
301 304
301 355
301 409
301 463
301 517
355 139
355 193
355 247
355 355
355 409
355 463
355 517
409 193
409 247
409 409
409 517
409 463
35 35
35 38
35 89
35 305
35 359
35 413
86 86
86 89
86 302
86 356
86 410
86 518
302 302
302 305
302 356
302 410
302 464
302 518
356 140
356 194
356 248
356 356
356 410
356 464
356 518
410 194
410 248
410 410
410 518
410 464
36 36
36 37
36 39
36 90
36 306
36 360
36 414
87 87
87 88
87 90
87 303
87 357
87 411
87 519
303 303
303 304
303 306
303 357
303 411
303 465
303 519
357 141
357 195
357 249
357 357
357 411
357 465
357 519
411 195
411 249
411 411
411 519
411 465
37 37
37 38
37 40
37 91
37 307
37 361
37 415
88 88
88 89
88 91
88 304
88 358
88 412
88 520
304 304
304 305
304 307
304 358
304 412
304 466
304 520
358 142
358 196
358 250
358 358
358 412
358 466
358 520
412 196
412 250
412 412
412 520
412 466
38 38
38 41
38 92
38 308
38 362
38 416
89 89
89 92
89 305
89 359
89 413
89 521
305 305
305 308
305 359
305 413
305 467
305 521
359 143
359 197
359 251
359 359
359 413
359 467
359 521
413 197
413 251
413 413
413 521
413 467
39 39
39 40
39 42
39 93
39 309
39 363
39 417
90 90
90 91
90 93
90 306
90 360
90 414
90 522
306 306
306 307
306 309
306 360
306 414
306 468
306 522
360 144
360 198
360 252
360 360
360 414
360 468
360 522
414 198
414 252
414 414
414 522
414 468
40 40
40 41
40 43
40 94
40 310
40 364
40 418
91 91
91 92
91 94
91 307
91 361
91 415
91 523
307 307
307 308
307 310
307 361
307 415
307 469
307 523
361 145
361 199
361 253
361 361
361 415
361 469
361 523
415 199
415 253
415 415
415 523
415 469
41 41
41 44
41 95
41 311
41 365
41 419
92 92
92 95
92 308
92 362
92 416
92 524
308 308
308 311
308 362
308 416
308 470
308 524
362 146
362 200
362 254
362 362
362 416
362 470
362 524
416 200
416 254
416 416
416 524
416 470
42 42
42 43
42 45
42 96
42 312
42 366
42 420
93 93
93 94
93 96
93 309
93 363
93 417
93 525
309 309
309 310
309 312
309 363
309 417
309 471
309 525
363 147
363 201
363 255
363 363
363 417
363 471
363 525
417 201
417 255
417 417
417 525
417 471
43 43
43 44
43 46
43 97
43 313
43 367
43 421
94 94
94 95
94 97
94 310
94 364
94 418
94 526
310 310
310 311
310 313
310 364
310 418
310 472
310 526
364 148
364 202
364 256
364 364
364 418
364 472
364 526
418 202
418 256
418 418
418 526
418 472
44 44
44 47
44 98
44 314
44 368
44 422
95 95
95 98
95 311
95 365
95 419
95 527
311 311
311 314
311 365
311 419
311 473
311 527
365 149
365 203
365 257
365 365
365 419
365 473
365 527
419 203
419 257
419 419
419 527
419 473
45 45
45 46
45 48
45 99
45 315
45 369
45 423
96 96
96 97
96 99
96 312
96 366
96 420
96 528
312 312
312 313
312 315
312 366
312 420
312 474
312 528
366 150
366 204
366 258
366 366
366 420
366 474
366 528
420 204
420 258
420 420
420 528
420 474
46 46
46 47
46 49
46 100
46 316
46 370
46 424
97 97
97 98
97 100
97 313
97 367
97 421
97 529
313 313
313 314
313 316
313 367
313 421
313 475
313 529
367 151
367 205
367 259
367 367
367 421
367 475
367 529
421 205
421 259
421 421
421 529
421 475
47 47
47 50
47 101
47 317
47 371
47 425
98 98
98 101
98 314
98 368
98 422
98 530
314 314
314 317
314 368
314 422
314 476
314 530
368 152
368 206
368 260
368 368
368 422
368 476
368 530
422 206
422 260
422 422
422 530
422 476
48 48
48 49
48 51
48 102
48 318
48 372
48 426
99 99
99 100
99 102
99 315
99 369
99 423
99 531
315 315
315 316
315 318
315 369
315 423
315 477
315 531
369 153
369 207
369 261
369 369
369 423
369 477
369 531
423 207
423 261
423 423
423 531
423 477
49 49
49 50
49 52
49 103
49 319
49 373
49 427
100 100
100 101
100 103
100 316
100 370
100 424
100 532
316 316
316 317
316 319
316 370
316 424
316 478
316 532
370 154
370 208
370 262
370 370
370 424
370 478
370 532
424 208
424 262
424 424
424 532
424 478
50 50
50 53
50 104
50 320
50 374
50 428
101 101
101 104
101 317
101 371
101 425
101 533
317 317
317 320
317 371
317 425
317 479
317 533
371 155
371 209
371 263
371 371
371 425
371 479
371 533
425 209
425 263
425 425
425 533
425 479
51 51
51 52
51 105
51 321
51 375
51 429
102 102
102 103
102 105
102 318
102 372
102 426
102 534
318 318
318 319
318 321
318 372
318 426
318 480
318 534
372 156
372 210
372 264
372 372
372 426
372 480
372 534
426 210
426 264
426 426
426 534
426 480
52 52
52 53
52 106
52 322
52 376
52 430
103 103
103 104
103 106
103 319
103 373
103 427
103 535
319 319
319 320
319 322
319 373
319 427
319 481
319 535
373 157
373 211
373 265
373 373
373 427
373 481
373 535
427 211
427 265
427 427
427 535
427 481
53 53
53 107
53 323
53 377
53 431
104 104
104 107
104 320
104 374
104 428
104 536
320 320
320 323
320 374
320 428
320 482
320 536
374 158
374 212
374 266
374 374
374 428
374 482
374 536
428 212
428 266
428 428
428 536
428 482
105 105
105 106
105 321
105 375
105 429
105 537
321 321
321 322
321 375
321 429
321 483
321 537
375 159
375 213
375 267
375 375
375 429
375 483
375 537
429 213
429 267
429 429
429 537
429 483
106 106
106 107
106 322
106 376
106 430
106 538
322 322
322 323
322 376
322 430
322 484
322 538
376 160
376 214
376 268
376 376
376 430
376 484
376 538
430 214
430 268
430 430
430 538
430 484
107 107
107 323
107 377
107 431
107 539
323 323
323 377
323 431
323 485
323 539
377 161
377 215
377 269
377 377
377 431
377 485
377 539
431 215
431 269
431 431
431 539
431 485
486 108
486 432
486 486
487 109
487 433
487 487
488 110
488 434
488 488
489 111
489 435
489 489
490 112
490 436
490 490
491 113
491 437
491 491
492 114
492 438
492 492
493 115
493 439
493 493
494 116
494 440
494 494
495 117
495 441
495 495
496 118
496 442
496 496
497 119
497 443
497 497
498 120
498 444
498 498
499 121
499 445
499 499
500 122
500 446
500 500
501 123
501 447
501 501
502 124
502 448
502 502
503 125
503 449
503 503
504 126
504 450
504 504
505 127
505 451
505 505
506 128
506 452
506 506
507 129
507 453
507 507
508 130
508 454
508 508
509 131
509 455
509 509
510 132
510 456
510 510
511 133
511 457
511 511
512 134
512 458
512 512
513 135
513 459
513 513
514 136
514 460
514 514
515 137
515 461
515 515
516 138
516 462
516 516
517 139
517 463
517 517
518 140
518 464
518 518
519 141
519 465
519 519
520 142
520 466
520 520
521 143
521 467
521 521
522 144
522 468
522 522
523 145
523 469
523 523
524 146
524 470
524 524
525 147
525 471
525 525
526 148
526 472
526 526
527 149
527 473
527 527
528 150
528 474
528 528
529 151
529 475
529 529
530 152
530 476
530 530
531 153
531 477
531 531
532 154
532 478
532 532
533 155
533 479
533 533
534 156
534 480
534 534
535 157
535 481
535 535
536 158
536 482
536 536
537 159
537 483
537 537
538 160
538 484
538 538
539 161
539 485
539 539
108 108
108 109
108 111
109 109
109 110
109 112
111 111
111 112
111 114
110 110
110 113
112 112
112 113
112 115
113 113
113 116
114 114
114 115
114 117
115 115
115 116
115 118
116 116
116 119
117 117
117 118
117 120
118 118
118 119
118 121
119 119
119 122
120 120
120 121
120 123
121 121
121 122
121 124
122 122
122 125
123 123
123 124
123 126
124 124
124 125
124 127
125 125
125 128
126 126
126 127
126 129
127 127
127 128
127 130
128 128
128 131
129 129
129 130
129 132
130 130
130 131
130 133
131 131
131 134
132 132
132 133
132 135
133 133
133 134
133 136
134 134
134 137
135 135
135 136
135 138
136 136
136 137
136 139
137 137
137 140
138 138
138 139
138 141
139 139
139 140
139 142
140 140
140 143
141 141
141 142
141 144
142 142
142 143
142 145
143 143
143 146
144 144
144 145
144 147
145 145
145 146
145 148
146 146
146 149
147 147
147 148
147 150
148 148
148 149
148 151
149 149
149 152
150 150
150 151
150 153
151 151
151 152
151 154
152 152
152 155
153 153
153 154
153 156
154 154
154 155
154 157
155 155
155 158
156 156
156 157
156 159
157 157
157 158
157 160
158 158
158 161
159 159
159 160
160 160
160 161
161 161
162 162
162 163
162 165
162 432
163 163
163 164
163 166
163 433
165 165
165 166
165 168
165 435
432 216
432 432
164 164
164 167
164 434
166 166
166 167
166 169
166 436
433 217
433 433
167 167
167 170
167 437
434 218
434 434
168 168
168 169
168 171
168 438
435 219
435 435
169 169
169 170
169 172
169 439
436 220
436 436
170 170
170 173
170 440
437 221
437 437
171 171
171 172
171 174
171 441
438 222
438 438
172 172
172 173
172 175
172 442
439 223
439 439
173 173
173 176
173 443
440 224
440 440
174 174
174 175
174 177
174 444
441 225
441 441
175 175
175 176
175 178
175 445
442 226
442 442
176 176
176 179
176 446
443 227
443 443
177 177
177 178
177 180
177 447
444 228
444 444
178 178
178 179
178 181
178 448
445 229
445 445
179 179
179 182
179 449
446 230
446 446
180 180
180 181
180 183
180 450
447 231
447 447
181 181
181 182
181 184
181 451
448 232
448 448
182 182
182 185
182 452
449 233
449 449
183 183
183 184
183 186
183 453
450 234
450 450
184 184
184 185
184 187
184 454
451 235
451 451
185 185
185 188
185 455
452 236
452 452
186 186
186 187
186 189
186 456
453 237
453 453
187 187
187 188
187 190
187 457
454 238
454 454
188 188
188 191
188 458
455 239
455 455
189 189
189 190
189 192
189 459
456 240
456 456
190 190
190 191
190 193
190 460
457 241
457 457
191 191
191 194
191 461
458 242
458 458
192 192
192 193
192 195
192 462
459 243
459 459
193 193
193 194
193 196
193 463
460 244
460 460
194 194
194 197
194 464
461 245
461 461
195 195
195 196
195 198
195 465
462 246
462 462
196 196
196 197
196 199
196 466
463 247
463 463
197 197
197 200
197 467
464 248
464 464
198 198
198 199
198 201
198 468
465 249
465 465
199 199
199 200
199 202
199 469
466 250
466 466
200 200
200 203
200 470
467 251
467 467
201 201
201 202
201 204
201 471
468 252
468 468
202 202
202 203
202 205
202 472
469 253
469 469
203 203
203 206
203 473
470 254
470 470
204 204
204 205
204 207
204 474
471 255
471 471
205 205
205 206
205 208
205 475
472 256
472 472
206 206
206 209
206 476
473 257
473 473
207 207
207 208
207 210
207 477
474 258
474 474
208 208
208 209
208 211
208 478
475 259
475 475
209 209
209 212
209 479
476 260
476 476
210 210
210 211
210 213
210 480
477 261
477 477
211 211
211 212
211 214
211 481
478 262
478 478
212 212
212 215
212 482
479 263
479 479
213 213
213 214
213 483
480 264
480 480
214 214
214 215
214 484
481 265
481 481
215 215
215 485
482 266
482 482
483 267
483 483
484 268
484 484
485 269
485 485
216 216
216 217
216 219
217 217
217 218
217 220
219 219
219 220
219 222
218 218
218 221
220 220
220 221
220 223
221 221
221 224
222 222
222 223
222 225
223 223
223 224
223 226
224 224
224 227
225 225
225 226
225 228
226 226
226 227
226 229
227 227
227 230
228 228
228 229
228 231
229 229
229 230
229 232
230 230
230 233
231 231
231 232
231 234
232 232
232 233
232 235
233 233
233 236
234 234
234 235
234 237
235 235
235 236
235 238
236 236
236 239
237 237
237 238
237 240
238 238
238 239
238 241
239 239
239 242
240 240
240 241
240 243
241 241
241 242
241 244
242 242
242 245
243 243
243 244
243 246
244 244
244 245
244 247
245 245
245 248
246 246
246 247
246 249
247 247
247 248
247 250
248 248
248 251
249 249
249 250
249 252
250 250
250 251
250 253
251 251
251 254
252 252
252 253
252 255
253 253
253 254
253 256
254 254
254 257
255 255
255 256
255 258
256 256
256 257
256 259
257 257
257 260
258 258
258 259
258 261
259 259
259 260
259 262
260 260
260 263
261 261
261 262
261 264
262 262
262 263
262 265
263 263
263 266
264 264
264 265
264 267
265 265
265 266
265 268
266 266
266 269
267 267
267 268
268 268
268 269
269 269
