680 2144
0 0
0 1
0 40
0 80
0 120
0 160
0 200
0 280
0 400
0 440
0 520
0 560
0 600
1 1
1 2
1 41
1 81
1 121
1 161
1 201
1 281
1 401
1 441
1 521
1 561
1 601
40 40
40 41
40 80
40 160
40 240
40 320
40 400
80 80
80 81
80 120
80 160
80 200
80 240
80 480
80 640
120 120
120 121
120 160
120 240
120 280
120 360
120 440
120 480
160 160
160 161
160 240
160 280
200 200
280 280
280 281
280 560
400 400
440 440
520 520
560 560
600 600
2 2
2 3
2 42
2 82
2 122
2 162
2 202
2 282
2 402
2 442
2 522
2 562
2 602
41 41
41 42
41 81
41 161
41 241
41 321
41 401
81 81
81 82
81 121
81 161
81 201
81 241
81 481
81 641
121 121
121 122
121 161
121 241
121 281
121 361
121 441
121 481
161 161
161 162
161 241
161 281
201 201
281 281
281 282
281 561
401 401
441 441
521 521
561 561
601 601
3 3
3 4
3 43
3 83
3 123
3 163
3 203
3 283
3 403
3 443
3 523
3 563
3 603
42 42
42 43
42 82
42 162
42 242
42 322
42 402
82 82
82 83
82 122
82 162
82 202
82 242
82 482
82 642
122 122
122 123
122 162
122 242
122 282
122 362
122 442
122 482
162 162
162 163
162 242
162 282
202 202
282 282
282 283
282 562
402 402
442 442
522 522
562 562
602 602
4 4
4 5
4 44
4 84
4 124
4 164
4 204
4 284
4 404
4 444
4 524
4 564
4 604
43 43
43 44
43 83
43 163
43 243
43 323
43 403
83 83
83 84
83 123
83 163
83 203
83 243
83 483
83 643
123 123
123 124
123 163
123 243
123 283
123 363
123 443
123 483
163 163
163 164
163 243
163 283
203 203
283 283
283 284
283 563
403 403
443 443
523 523
563 563
603 603
5 5
5 6
5 45
5 85
5 125
5 165
5 205
5 285
5 405
5 445
5 525
5 565
5 605
44 44
44 45
44 84
44 164
44 244
44 324
44 404
84 84
84 85
84 124
84 164
84 204
84 244
84 484
84 644
124 124
124 125
124 164
124 244
124 284
124 364
124 444
124 484
164 164
164 165
164 244
164 284
204 204
284 284
284 285
284 564
404 404
444 444
524 524
564 564
604 604
6 6
6 7
6 46
6 86
6 126
6 166
6 206
6 286
6 406
6 446
6 526
6 566
6 606
45 45
45 46
45 85
45 165
45 245
45 325
45 405
85 85
85 86
85 125
85 165
85 205
85 245
85 485
85 645
125 125
125 126
125 165
125 245
125 285
125 365
125 445
125 485
165 165
165 166
165 245
165 285
205 205
285 285
285 286
285 565
405 405
445 445
525 525
565 565
605 605
7 7
7 8
7 47
7 87
7 127
7 167
7 207
7 287
7 407
7 447
7 527
7 567
7 607
46 46
46 47
46 86
46 166
46 246
46 326
46 406
86 86
86 87
86 126
86 166
86 206
86 246
86 486
86 646
126 126
126 127
126 166
126 246
126 286
126 366
126 446
126 486
166 166
166 167
166 246
166 286
206 206
286 286
286 287
286 566
406 406
446 446
526 526
566 566
606 606
8 8
8 9
8 48
8 88
8 128
8 168
8 208
8 288
8 408
8 448
8 528
8 568
8 608
47 47
47 48
47 87
47 167
47 247
47 327
47 407
87 87
87 88
87 127
87 167
87 207
87 247
87 487
87 647
127 127
127 128
127 167
127 247
127 287
127 367
127 447
127 487
167 167
167 168
167 247
167 287
207 207
287 287
287 288
287 567
407 407
447 447
527 527
567 567
607 607
9 9
9 10
9 49
9 89
9 129
9 169
9 209
9 289
9 409
9 449
9 529
9 569
9 609
48 48
48 49
48 88
48 168
48 248
48 328
48 408
88 88
88 89
88 128
88 168
88 208
88 248
88 488
88 648
128 128
128 129
128 168
128 248
128 288
128 368
128 448
128 488
168 168
168 169
168 248
168 288
208 208
288 288
288 289
288 568
408 408
448 448
528 528
568 568
608 608
10 10
10 11
10 50
10 90
10 130
10 170
10 210
10 290
10 410
10 450
10 530
10 570
10 610
49 49
49 50
49 89
49 169
49 249
49 329
49 409
89 89
89 90
89 129
89 169
89 209
89 249
89 489
89 649
129 129
129 130
129 169
129 249
129 289
129 369
129 449
129 489
169 169
169 170
169 249
169 289
209 209
289 289
289 290
289 569
409 409
449 449
529 529
569 569
609 609
11 11
11 12
11 51
11 91
11 131
11 171
11 211
11 291
11 411
11 451
11 531
11 571
11 611
50 50
50 51
50 90
50 170
50 250
50 330
50 410
90 90
90 91
90 130
90 170
90 210
90 250
90 490
90 650
130 130
130 131
130 170
130 250
130 290
130 370
130 450
130 490
170 170
170 171
170 250
170 290
210 210
290 290
290 291
290 570
410 410
450 450
530 530
570 570
610 610
12 12
12 13
12 52
12 92
12 132
12 172
12 212
12 292
12 412
12 452
12 532
12 572
12 612
51 51
51 52
51 91
51 171
51 251
51 331
51 411
91 91
91 92
91 131
91 171
91 211
91 251
91 491
91 651
131 131
131 132
131 171
131 251
131 291
131 371
131 451
131 491
171 171
171 172
171 251
171 291
211 211
291 291
291 292
291 571
411 411
451 451
531 531
571 571
611 611
13 13
13 14
13 53
13 93
13 133
13 173
13 213
13 293
13 413
13 453
13 533
13 573
13 613
52 52
52 53
52 92
52 172
52 252
52 332
52 412
92 92
92 93
92 132
92 172
92 212
92 252
92 492
92 652
132 132
132 133
132 172
132 252
132 292
132 372
132 452
132 492
172 172
172 173
172 252
172 292
212 212
292 292
292 293
292 572
412 412
452 452
532 532
572 572
612 612
14 14
14 15
14 54
14 94
14 134
14 174
14 214
14 294
14 414
14 454
14 534
14 574
14 614
53 53
53 54
53 93
53 173
53 253
53 333
53 413
93 93
93 94
93 133
93 173
93 213
93 253
93 493
93 653
133 133
133 134
133 173
133 253
133 293
133 373
133 453
133 493
173 173
173 174
173 253
173 293
213 213
293 293
293 294
293 573
413 413
453 453
533 533
573 573
613 613
15 15
15 16
15 55
15 95
15 135
15 175
15 215
15 295
15 415
15 455
15 535
15 575
15 615
54 54
54 55
54 94
54 174
54 254
54 334
54 414
94 94
94 95
94 134
94 174
94 214
94 254
94 494
94 654
134 134
134 135
134 174
134 254
134 294
134 374
134 454
134 494
174 174
174 175
174 254
174 294
214 214
294 294
294 295
294 574
414 414
454 454
534 534
574 574
614 614
16 16
16 17
16 56
16 96
16 136
16 176
16 216
16 296
16 416
16 456
16 536
16 576
16 616
55 55
55 56
55 95
55 175
55 255
55 335
55 415
95 95
95 96
95 135
95 175
95 215
95 255
95 495
95 655
135 135
135 136
135 175
135 255
135 295
135 375
135 455
135 495
175 175
175 176
175 255
175 295
215 215
295 295
295 296
295 575
415 415
455 455
535 535
575 575
615 615
17 17
17 18
17 57
17 97
17 137
17 177
17 217
17 297
17 417
17 457
17 537
17 577
17 617
56 56
56 57
56 96
56 176
56 256
56 336
56 416
96 96
96 97
96 136
96 176
96 216
96 256
96 496
96 656
136 136
136 137
136 176
136 256
136 296
136 376
136 456
136 496
176 176
176 177
176 256
176 296
216 216
296 296
296 297
296 576
416 416
456 456
536 536
576 576
616 616
18 18
18 19
18 58
18 98
18 138
18 178
18 218
18 298
18 418
18 458
18 538
18 578
18 618
57 57
57 58
57 97
57 177
57 257
57 337
57 417
97 97
97 98
97 137
97 177
97 217
97 257
97 497
97 657
137 137
137 138
137 177
137 257
137 297
137 377
137 457
137 497
177 177
177 178
177 257
177 297
217 217
297 297
297 298
297 577
417 417
457 457
537 537
577 577
617 617
19 19
19 20
19 59
19 99
19 139
19 179
19 219
19 299
19 419
19 459
19 539
19 579
19 619
58 58
58 59
58 98
58 178
58 258
58 338
58 418
98 98
98 99
98 138
98 178
98 218
98 258
98 498
98 658
138 138
138 139
138 178
138 258
138 298
138 378
138 458
138 498
178 178
178 179
178 258
178 298
218 218
298 298
298 299
298 578
418 418
458 458
538 538
578 578
618 618
20 20
20 21
20 60
20 100
20 140
20 180
20 220
20 300
20 420
20 460
20 540
20 580
20 620
59 59
59 60
59 99
59 179
59 259
59 339
59 419
99 99
99 100
99 139
99 179
99 219
99 259
99 499
99 659
139 139
139 140
139 179
139 259
139 299
139 379
139 459
139 499
179 179
179 180
179 259
179 299
219 219
299 299
299 300
299 579
419 419
459 459
539 539
579 579
619 619
21 21
21 22
21 61
21 101
21 141
21 181
21 221
21 301
21 421
21 461
21 541
21 581
21 621
60 60
60 61
60 100
60 180
60 260
60 340
60 420
100 100
100 101
100 140
100 180
100 220
100 260
100 500
100 660
140 140
140 141
140 180
140 260
140 300
140 380
140 460
140 500
180 180
180 181
180 260
180 300
220 220
300 300
300 301
300 580
420 420
460 460
540 540
580 580
620 620
22 22
22 23
22 62
22 102
22 142
22 182
22 222
22 302
22 422
22 462
22 542
22 582
22 622
61 61
61 62
61 101
61 181
61 261
61 341
61 421
101 101
101 102
101 141
101 181
101 221
101 261
101 501
101 661
141 141
141 142
141 181
141 261
141 301
141 381
141 461
141 501
181 181
181 182
181 261
181 301
221 221
301 301
301 302
301 581
421 421
461 461
541 541
581 581
621 621
23 23
23 24
23 63
23 103
23 143
23 183
23 223
23 303
23 423
23 463
23 543
23 583
23 623
62 62
62 63
62 102
62 182
62 262
62 342
62 422
102 102
102 103
102 142
102 182
102 222
102 262
102 502
102 662
142 142
142 143
142 182
142 262
142 302
142 382
142 462
142 502
182 182
182 183
182 262
182 302
222 222
302 302
302 303
302 582
422 422
462 462
542 542
582 582
622 622
24 24
24 25
24 64
24 104
24 144
24 184
24 224
24 304
24 424
24 464
24 544
24 584
24 624
63 63
63 64
63 103
63 183
63 263
63 343
63 423
103 103
103 104
103 143
103 183
103 223
103 263
103 503
103 663
143 143
143 144
143 183
143 263
143 303
143 383
143 463
143 503
183 183
183 184
183 263
183 303
223 223
303 303
303 304
303 583
423 423
463 463
543 543
583 583
623 623
25 25
25 26
25 65
25 105
25 145
25 185
25 225
25 305
25 425
25 465
25 545
25 585
25 625
64 64
64 65
64 104
64 184
64 264
64 344
64 424
104 104
104 105
104 144
104 184
104 224
104 264
104 504
104 664
144 144
144 145
144 184
144 264
144 304
144 384
144 464
144 504
184 184
184 185
184 264
184 304
224 224
304 304
304 305
304 584
424 424
464 464
544 544
584 584
624 624
26 26
26 27
26 66
26 106
26 146
26 186
26 226
26 306
26 426
26 466
26 546
26 586
26 626
65 65
65 66
65 105
65 185
65 265
65 345
65 425
105 105
105 106
105 145
105 185
105 225
105 265
105 505
105 665
145 145
145 146
145 185
145 265
145 305
145 385
145 465
145 505
185 185
185 186
185 265
185 305
225 225
305 305
305 306
305 585
425 425
465 465
545 545
585 585
625 625
27 27
27 28
27 67
27 107
27 147
27 187
27 227
27 307
27 427
27 467
27 547
27 587
27 627
66 66
66 67
66 106
66 186
66 266
66 346
66 426
106 106
106 107
106 146
106 186
106 226
106 266
106 506
106 666
146 146
146 147
146 186
146 266
146 306
146 386
146 466
146 506
186 186
186 187
186 266
186 306
226 226
306 306
306 307
306 586
426 426
466 466
546 546
586 586
626 626
28 28
28 29
28 68
28 108
28 148
28 188
28 228
28 308
28 428
28 468
28 548
28 588
28 628
67 67
67 68
67 107
67 187
67 267
67 347
67 427
107 107
107 108
107 147
107 187
107 227
107 267
107 507
107 667
147 147
147 148
147 187
147 267
147 307
147 387
147 467
147 507
187 187
187 188
187 267
187 307
227 227
307 307
307 308
307 587
427 427
467 467
547 547
587 587
627 627
29 29
29 30
29 69
29 109
29 149
29 189
29 229
29 309
29 429
29 469
29 549
29 589
29 629
68 68
68 69
68 108
68 188
68 268
68 348
68 428
108 108
108 109
108 148
108 188
108 228
108 268
108 508
108 668
148 148
148 149
148 188
148 268
148 308
148 388
148 468
148 508
188 188
188 189
188 268
188 308
228 228
308 308
308 309
308 588
428 428
468 468
548 548
588 588
628 628
30 30
30 31
30 70
30 110
30 150
30 190
30 230
30 310
30 430
30 470
30 550
30 590
30 630
69 69
69 70
69 109
69 189
69 269
69 349
69 429
109 109
109 110
109 149
109 189
109 229
109 269
109 509
109 669
149 149
149 150
149 189
149 269
149 309
149 389
149 469
149 509
189 189
189 190
189 269
189 309
229 229
309 309
309 310
309 589
429 429
469 469
549 549
589 589
629 629
31 31
31 32
31 71
31 111
31 151
31 191
31 231
31 311
31 431
31 471
31 551
31 591
31 631
70 70
70 71
70 110
70 190
70 270
70 350
70 430
110 110
110 111
110 150
110 190
110 230
110 270
110 510
110 670
150 150
150 151
150 190
150 270
150 310
150 390
150 470
150 510
190 190
190 191
190 270
190 310
230 230
310 310
310 311
310 590
430 430
470 470
550 550
590 590
630 630
32 32
32 33
32 72
32 112
32 152
32 192
32 232
32 312
32 432
32 472
32 552
32 592
32 632
71 71
71 72
71 111
71 191
71 271
71 351
71 431
111 111
111 112
111 151
111 191
111 231
111 271
111 511
111 671
151 151
151 152
151 191
151 271
151 311
151 391
151 471
151 511
191 191
191 192
191 271
191 311
231 231
311 311
311 312
311 591
431 431
471 471
551 551
591 591
631 631
33 33
33 34
33 73
33 113
33 153
33 193
33 233
33 313
33 433
33 473
33 553
33 593
33 633
72 72
72 73
72 112
72 192
72 272
72 352
72 432
112 112
112 113
112 152
112 192
112 232
112 272
112 512
112 672
152 152
152 153
152 192
152 272
152 312
152 392
152 472
152 512
192 192
192 193
192 272
192 312
232 232
312 312
312 313
312 592
432 432
472 472
552 552
592 592
632 632
34 34
34 35
34 74
34 114
34 154
34 194
34 234
34 314
34 434
34 474
34 554
34 594
34 634
73 73
73 74
73 113
73 193
73 273
73 353
73 433
113 113
113 114
113 153
113 193
113 233
113 273
113 513
113 673
153 153
153 154
153 193
153 273
153 313
153 393
153 473
153 513
193 193
193 194
193 273
193 313
233 233
313 313
313 314
313 593
433 433
473 473
553 553
593 593
633 633
35 35
35 36
35 75
35 115
35 155
35 195
35 235
35 315
35 435
35 475
35 555
35 595
35 635
74 74
74 75
74 114
74 194
74 274
74 354
74 434
114 114
114 115
114 154
114 194
114 234
114 274
114 514
114 674
154 154
154 155
154 194
154 274
154 314
154 394
154 474
154 514
194 194
194 195
194 274
194 314
234 234
314 314
314 315
314 594
434 434
474 474
554 554
594 594
634 634
36 36
36 37
36 76
36 116
36 156
36 196
36 236
36 316
36 436
36 476
36 556
36 596
36 636
75 75
75 76
75 115
75 195
75 275
75 355
75 435
115 115
115 116
115 155
115 195
115 235
115 275
115 515
115 675
155 155
155 156
155 195
155 275
155 315
155 395
155 475
155 515
195 195
195 196
195 275
195 315
235 235
315 315
315 316
315 595
435 435
475 475
555 555
595 595
635 635
37 37
37 38
37 77
37 117
37 157
37 197
37 237
37 317
37 437
37 477
37 557
37 597
37 637
76 76
76 77
76 116
76 196
76 276
76 356
76 436
116 116
116 117
116 156
116 196
116 236
116 276
116 516
116 676
156 156
156 157
156 196
156 276
156 316
156 396
156 476
156 516
196 196
196 197
196 276
196 316
236 236
316 316
316 317
316 596
436 436
476 476
556 556
596 596
636 636
38 38
38 78
38 118
38 158
38 198
38 238
38 318
38 438
38 478
38 558
38 598
38 638
38 39
77 77
77 78
77 117
77 197
77 277
77 357
77 437
117 117
117 118
117 157
117 197
117 237
117 277
117 517
117 677
157 157
157 158
157 197
157 277
157 317
157 397
157 477
157 517
197 197
197 198
197 277
197 317
237 237
317 317
317 318
317 597
437 437
477 477
557 557
597 597
637 637
78 78
78 118
78 198
78 278
78 358
78 438
78 79
118 118
118 158
118 198
118 238
118 278
118 518
118 678
118 119
158 158
158 198
158 278
158 318
158 398
158 478
158 518
158 159
198 198
198 278
198 199
198 318
238 238
318 318
318 319
318 598
438 438
478 478
558 558
598 598
638 638
39 39
39 239
39 319
39 439
39 479
39 559
39 599
39 639
239 119
239 239
319 159
319 319
319 599
439 79
439 439
479 159
479 479
559 559
599 599
639 639
240 240
320 320
241 241
321 321
242 242
322 322
243 243
323 323
244 244
324 324
245 245
325 325
246 246
326 326
247 247
327 327
248 248
328 328
249 249
329 329
250 250
330 330
251 251
331 331
252 252
332 332
253 253
333 333
254 254
334 334
255 255
335 335
256 256
336 336
257 257
337 337
258 258
338 338
259 259
339 339
260 260
340 340
261 261
341 341
262 262
342 342
263 263
343 343
264 264
344 344
265 265
345 345
266 266
346 346
267 267
347 347
268 268
348 348
269 269
349 349
270 270
350 350
271 271
351 351
272 272
352 352
273 273
353 353
274 274
354 354
275 275
355 355
276 276
356 356
277 277
357 357
278 278
358 358
79 79
79 279
79 359
279 119
279 159
279 199
279 279
359 359
480 480
640 640
481 481
641 641
482 482
642 642
483 483
643 643
484 484
644 644
485 485
645 645
486 486
646 646
487 487
647 647
488 488
648 648
489 489
649 649
490 490
650 650
491 491
651 651
492 492
652 652
493 493
653 653
494 494
654 654
495 495
655 655
496 496
656 656
497 497
657 657
498 498
658 658
499 499
659 659
500 500
660 660
501 501
661 661
502 502
662 662
503 503
663 663
504 504
664 664
505 505
665 665
506 506
666 666
507 507
667 667
508 508
668 668
509 509
669 669
510 510
670 670
511 511
671 671
512 512
672 672
513 513
673 673
514 514
674 674
515 515
675 675
516 516
676 676
517 517
677 677
518 518
678 678
119 119
119 519
119 679
519 159
519 519
679 679
360 360
361 361
362 362
363 363
364 364
365 365
366 366
367 367
368 368
369 369
370 370
371 371
372 372
373 373
374 374
375 375
376 376
377 377
378 378
379 379
380 380
381 381
382 382
383 383
384 384
385 385
386 386
387 387
388 388
389 389
390 390
391 391
392 392
393 393
394 394
395 395
396 396
397 397
398 398
159 159
159 399
399 399
199 199
