760 4278
0 0
0 40
0 60
0 100
0 120
0 160
0 300
0 340
0 480
0 500
0 740
0 20
0 180
0 520
40 20
40 40
40 60
40 80
40 120
40 140
40 160
40 200
40 260
40 300
40 320
40 380
40 480
40 500
40 540
40 560
40 580
40 620
40 640
40 680
40 740
40 100
40 280
60 20
60 60
60 61
60 80
60 100
60 180
60 340
60 480
60 500
60 520
60 600
60 740
60 120
60 220
100 20
100 100
100 101
100 120
100 180
100 220
100 240
100 300
100 340
100 500
100 740
100 600
120 120
120 140
120 220
120 280
120 300
120 320
120 340
120 540
120 560
120 740
120 160
120 240
120 380
120 680
160 20
160 160
160 740
160 260
160 300
160 320
160 560
160 580
160 640
300 20
300 140
300 200
300 260
300 300
300 320
300 340
300 380
300 540
300 580
300 620
300 740
300 360
300 400
300 660
300 680
300 700
300 720
340 340
340 480
340 540
340 700
340 720
340 740
480 480
480 481
480 500
480 540
500 80
500 500
500 520
500 740
740 20
740 180
740 740
740 741
20 20
20 200
20 320
20 360
20 400
20 420
20 560
20 580
20 600
20 620
20 660
20 700
20 720
180 180
180 600
520 520
1 1
1 41
1 61
1 101
1 121
1 161
1 301
1 341
1 481
1 501
1 741
1 21
1 181
1 521
41 21
41 41
41 61
41 81
41 121
41 141
41 161
41 201
41 261
41 301
41 321
41 381
41 481
41 501
41 541
41 561
41 581
41 621
41 641
41 681
41 741
41 101
41 281
61 21
61 61
61 62
61 81
61 101
61 181
61 341
61 481
61 501
61 521
61 601
61 741
61 121
61 221
101 21
101 101
101 102
101 121
101 181
101 221
101 241
101 301
101 341
101 501
101 741
101 601
121 121
121 141
121 221
121 281
121 301
121 321
121 341
121 541
121 561
121 741
121 161
121 241
121 381
121 681
161 21
161 161
161 741
161 261
161 301
161 321
161 561
161 581
161 641
301 21
301 141
301 201
301 261
301 301
301 321
301 341
301 381
301 541
301 581
301 621
301 741
301 361
301 401
301 661
301 681
301 701
301 721
341 341
341 481
341 541
341 701
341 721
341 741
481 481
481 482
481 501
481 541
501 81
501 501
501 521
501 741
741 21
741 181
741 741
741 742
21 21
21 201
21 321
21 361
21 401
21 421
21 561
21 581
21 601
21 621
21 661
21 701
21 721
181 181
181 601
521 521
2 2
2 42
2 62
2 102
2 122
2 162
2 302
2 342
2 482
2 502
2 742
2 22
2 182
2 522
42 22
42 42
42 62
42 82
42 122
42 142
42 162
42 202
42 262
42 302
42 322
42 382
42 482
42 502
42 542
42 562
42 582
42 622
42 642
42 682
42 742
42 102
42 282
62 22
62 62
62 63
62 82
62 102
62 182
62 342
62 482
62 502
62 522
62 602
62 742
62 122
62 222
102 22
102 102
102 103
102 122
102 182
102 222
102 242
102 302
102 342
102 502
102 742
102 602
122 122
122 142
122 222
122 282
122 302
122 322
122 342
122 542
122 562
122 742
122 162
122 242
122 382
122 682
162 22
162 162
162 742
162 262
162 302
162 322
162 562
162 582
162 642
302 22
302 142
302 202
302 262
302 302
302 322
302 342
302 382
302 542
302 582
302 622
302 742
302 362
302 402
302 662
302 682
302 702
302 722
342 342
342 482
342 542
342 702
342 722
342 742
482 482
482 483
482 502
482 542
502 82
502 502
502 522
502 742
742 22
742 182
742 742
742 743
22 22
22 202
22 322
22 362
22 402
22 422
22 562
22 582
22 602
22 622
22 662
22 702
22 722
182 182
182 602
522 522
3 3
3 43
3 63
3 103
3 123
3 163
3 303
3 343
3 483
3 503
3 743
3 23
3 183
3 523
43 23
43 43
43 63
43 83
43 123
43 143
43 163
43 203
43 263
43 303
43 323
43 383
43 483
43 503
43 543
43 563
43 583
43 623
43 643
43 683
43 743
43 103
43 283
63 23
63 63
63 64
63 83
63 103
63 183
63 343
63 483
63 503
63 523
63 603
63 743
63 123
63 223
103 23
103 103
103 104
103 123
103 183
103 223
103 243
103 303
103 343
103 503
103 743
103 603
123 123
123 143
123 223
123 283
123 303
123 323
123 343
123 543
123 563
123 743
123 163
123 243
123 383
123 683
163 23
163 163
163 743
163 263
163 303
163 323
163 563
163 583
163 643
303 23
303 143
303 203
303 263
303 303
303 323
303 343
303 383
303 543
303 583
303 623
303 743
303 363
303 403
303 663
303 683
303 703
303 723
343 343
343 483
343 543
343 703
343 723
343 743
483 483
483 484
483 503
483 543
503 83
503 503
503 523
503 743
743 23
743 183
743 743
743 744
23 23
23 203
23 323
23 363
23 403
23 423
23 563
23 583
23 603
23 623
23 663
23 703
23 723
183 183
183 603
523 523
4 4
4 44
4 64
4 104
4 124
4 164
4 304
4 344
4 484
4 504
4 744
4 24
4 184
4 524
44 24
44 44
44 64
44 84
44 124
44 144
44 164
44 204
44 264
44 304
44 324
44 384
44 484
44 504
44 544
44 564
44 584
44 624
44 644
44 684
44 744
44 104
44 284
64 24
64 64
64 65
64 84
64 104
64 184
64 344
64 484
64 504
64 524
64 604
64 744
64 124
64 224
104 24
104 104
104 105
104 124
104 184
104 224
104 244
104 304
104 344
104 504
104 744
104 604
124 124
124 144
124 224
124 284
124 304
124 324
124 344
124 544
124 564
124 744
124 164
124 244
124 384
124 684
164 24
164 164
164 744
164 264
164 304
164 324
164 564
164 584
164 644
304 24
304 144
304 204
304 264
304 304
304 324
304 344
304 384
304 544
304 584
304 624
304 744
304 364
304 404
304 664
304 684
304 704
304 724
344 344
344 484
344 544
344 704
344 724
344 744
484 484
484 485
484 504
484 544
504 84
504 504
504 524
504 744
744 24
744 184
744 744
744 745
24 24
24 204
24 324
24 364
24 404
24 424
24 564
24 584
24 604
24 624
24 664
24 704
24 724
184 184
184 604
524 524
5 5
5 45
5 65
5 105
5 125
5 165
5 305
5 345
5 485
5 505
5 745
5 25
5 185
5 525
45 25
45 45
45 65
45 85
45 125
45 145
45 165
45 205
45 265
45 305
45 325
45 385
45 485
45 505
45 545
45 565
45 585
45 625
45 645
45 685
45 745
45 105
45 285
65 25
65 65
65 66
65 85
65 105
65 185
65 345
65 485
65 505
65 525
65 605
65 745
65 125
65 225
105 25
105 105
105 106
105 125
105 185
105 225
105 245
105 305
105 345
105 505
105 745
105 605
125 125
125 145
125 225
125 285
125 305
125 325
125 345
125 545
125 565
125 745
125 165
125 245
125 385
125 685
165 25
165 165
165 745
165 265
165 305
165 325
165 565
165 585
165 645
305 25
305 145
305 205
305 265
305 305
305 325
305 345
305 385
305 545
305 585
305 625
305 745
305 365
305 405
305 665
305 685
305 705
305 725
345 345
345 485
345 545
345 705
345 725
345 745
485 485
485 486
485 505
485 545
505 85
505 505
505 525
505 745
745 25
745 185
745 745
745 746
25 25
25 205
25 325
25 365
25 405
25 425
25 565
25 585
25 605
25 625
25 665
25 705
25 725
185 185
185 605
525 525
6 6
6 46
6 66
6 106
6 126
6 166
6 306
6 346
6 486
6 506
6 746
6 26
6 186
6 526
46 26
46 46
46 66
46 86
46 126
46 146
46 166
46 206
46 266
46 306
46 326
46 386
46 486
46 506
46 546
46 566
46 586
46 626
46 646
46 686
46 746
46 106
46 286
66 26
66 66
66 67
66 86
66 106
66 186
66 346
66 486
66 506
66 526
66 606
66 746
66 126
66 226
106 26
106 106
106 107
106 126
106 186
106 226
106 246
106 306
106 346
106 506
106 746
106 606
126 126
126 146
126 226
126 286
126 306
126 326
126 346
126 546
126 566
126 746
126 166
126 246
126 386
126 686
166 26
166 166
166 746
166 266
166 306
166 326
166 566
166 586
166 646
306 26
306 146
306 206
306 266
306 306
306 326
306 346
306 386
306 546
306 586
306 626
306 746
306 366
306 406
306 666
306 686
306 706
306 726
346 346
346 486
346 546
346 706
346 726
346 746
486 486
486 487
486 506
486 546
506 86
506 506
506 526
506 746
746 26
746 186
746 746
746 747
26 26
26 206
26 326
26 366
26 406
26 426
26 566
26 586
26 606
26 626
26 666
26 706
26 726
186 186
186 606
526 526
7 7
7 47
7 67
7 107
7 127
7 167
7 307
7 347
7 487
7 507
7 747
7 27
7 187
7 527
47 27
47 47
47 67
47 87
47 127
47 147
47 167
47 207
47 267
47 307
47 327
47 387
47 487
47 507
47 547
47 567
47 587
47 627
47 647
47 687
47 747
47 107
47 287
67 27
67 67
67 68
67 87
67 107
67 187
67 347
67 487
67 507
67 527
67 607
67 747
67 127
67 227
107 27
107 107
107 108
107 127
107 187
107 227
107 247
107 307
107 347
107 507
107 747
107 607
127 127
127 147
127 227
127 287
127 307
127 327
127 347
127 547
127 567
127 747
127 167
127 247
127 387
127 687
167 27
167 167
167 747
167 267
167 307
167 327
167 567
167 587
167 647
307 27
307 147
307 207
307 267
307 307
307 327
307 347
307 387
307 547
307 587
307 627
307 747
307 367
307 407
307 667
307 687
307 707
307 727
347 347
347 487
347 547
347 707
347 727
347 747
487 487
487 488
487 507
487 547
507 87
507 507
507 527
507 747
747 27
747 187
747 747
747 748
27 27
27 207
27 327
27 367
27 407
27 427
27 567
27 587
27 607
27 627
27 667
27 707
27 727
187 187
187 607
527 527
8 8
8 48
8 68
8 108
8 128
8 168
8 308
8 348
8 488
8 508
8 748
8 28
8 188
8 528
48 28
48 48
48 68
48 88
48 128
48 148
48 168
48 208
48 268
48 308
48 328
48 388
48 488
48 508
48 548
48 568
48 588
48 628
48 648
48 688
48 748
48 108
48 288
68 28
68 68
68 69
68 88
68 108
68 188
68 348
68 488
68 508
68 528
68 608
68 748
68 128
68 228
108 28
108 108
108 109
108 128
108 188
108 228
108 248
108 308
108 348
108 508
108 748
108 608
128 128
128 148
128 228
128 288
128 308
128 328
128 348
128 548
128 568
128 748
128 168
128 248
128 388
128 688
168 28
168 168
168 748
168 268
168 308
168 328
168 568
168 588
168 648
308 28
308 148
308 208
308 268
308 308
308 328
308 348
308 388
308 548
308 588
308 628
308 748
308 368
308 408
308 668
308 688
308 708
308 728
348 348
348 488
348 548
348 708
348 728
348 748
488 488
488 489
488 508
488 548
508 88
508 508
508 528
508 748
748 28
748 188
748 748
748 749
28 28
28 208
28 328
28 368
28 408
28 428
28 568
28 588
28 608
28 628
28 668
28 708
28 728
188 188
188 608
528 528
9 9
9 49
9 69
9 109
9 129
9 169
9 309
9 349
9 489
9 509
9 749
9 29
9 189
9 529
49 29
49 49
49 69
49 89
49 129
49 149
49 169
49 209
49 269
49 309
49 329
49 389
49 489
49 509
49 549
49 569
49 589
49 629
49 649
49 689
49 749
49 109
49 289
69 29
69 69
69 70
69 89
69 109
69 189
69 349
69 489
69 509
69 529
69 609
69 749
69 129
69 229
109 29
109 109
109 110
109 129
109 189
109 229
109 249
109 309
109 349
109 509
109 749
109 609
129 129
129 149
129 229
129 289
129 309
129 329
129 349
129 549
129 569
129 749
129 169
129 249
129 389
129 689
169 29
169 169
169 749
169 269
169 309
169 329
169 569
169 589
169 649
309 29
309 149
309 209
309 269
309 309
309 329
309 349
309 389
309 549
309 589
309 629
309 749
309 369
309 409
309 669
309 689
309 709
309 729
349 349
349 489
349 549
349 709
349 729
349 749
489 489
489 490
489 509
489 549
509 89
509 509
509 529
509 749
749 29
749 189
749 749
749 750
29 29
29 209
29 329
29 369
29 409
29 429
29 569
29 589
29 609
29 629
29 669
29 709
29 729
189 189
189 609
529 529
10 10
10 50
10 70
10 110
10 130
10 170
10 310
10 350
10 490
10 510
10 750
10 30
10 190
10 530
50 30
50 50
50 70
50 90
50 130
50 150
50 170
50 210
50 270
50 310
50 330
50 390
50 490
50 510
50 550
50 570
50 590
50 630
50 650
50 690
50 750
50 110
50 290
70 30
70 70
70 71
70 90
70 110
70 190
70 350
70 490
70 510
70 530
70 610
70 750
70 130
70 230
110 30
110 110
110 111
110 130
110 190
110 230
110 250
110 310
110 350
110 510
110 750
110 610
130 130
130 150
130 230
130 290
130 310
130 330
130 350
130 550
130 570
130 750
130 170
130 250
130 390
130 690
170 30
170 170
170 750
170 270
170 310
170 330
170 570
170 590
170 650
310 30
310 150
310 210
310 270
310 310
310 330
310 350
310 390
310 550
310 590
310 630
310 750
310 370
310 410
310 670
310 690
310 710
310 730
350 350
350 490
350 550
350 710
350 730
350 750
490 490
490 491
490 510
490 550
510 90
510 510
510 530
510 750
750 30
750 190
750 750
750 751
30 30
30 210
30 330
30 370
30 410
30 430
30 570
30 590
30 610
30 630
30 670
30 710
30 730
190 190
190 610
530 530
11 11
11 51
11 71
11 111
11 131
11 171
11 311
11 351
11 491
11 511
11 751
11 31
11 191
11 531
51 31
51 51
51 71
51 91
51 131
51 151
51 171
51 211
51 271
51 311
51 331
51 391
51 491
51 511
51 551
51 571
51 591
51 631
51 651
51 691
51 751
51 111
51 291
71 31
71 71
71 72
71 91
71 111
71 191
71 351
71 491
71 511
71 531
71 611
71 751
71 131
71 231
111 31
111 111
111 112
111 131
111 191
111 231
111 251
111 311
111 351
111 511
111 751
111 611
131 131
131 151
131 231
131 291
131 311
131 331
131 351
131 551
131 571
131 751
131 171
131 251
131 391
131 691
171 31
171 171
171 751
171 271
171 311
171 331
171 571
171 591
171 651
311 31
311 151
311 211
311 271
311 311
311 331
311 351
311 391
311 551
311 591
311 631
311 751
311 371
311 411
311 671
311 691
311 711
311 731
351 351
351 491
351 551
351 711
351 731
351 751
491 491
491 492
491 511
491 551
511 91
511 511
511 531
511 751
751 31
751 191
751 751
751 752
31 31
31 211
31 331
31 371
31 411
31 431
31 571
31 591
31 611
31 631
31 671
31 711
31 731
191 191
191 611
531 531
12 12
12 52
12 72
12 112
12 132
12 172
12 312
12 352
12 492
12 512
12 752
12 32
12 192
12 532
52 32
52 52
52 72
52 92
52 132
52 152
52 172
52 212
52 272
52 312
52 332
52 392
52 492
52 512
52 552
52 572
52 592
52 632
52 652
52 692
52 752
52 112
52 292
72 32
72 72
72 73
72 92
72 112
72 192
72 352
72 492
72 512
72 532
72 612
72 752
72 132
72 232
112 32
112 112
112 113
112 132
112 192
112 232
112 252
112 312
112 352
112 512
112 752
112 612
132 132
132 152
132 232
132 292
132 312
132 332
132 352
132 552
132 572
132 752
132 172
132 252
132 392
132 692
172 32
172 172
172 752
172 272
172 312
172 332
172 572
172 592
172 652
312 32
312 152
312 212
312 272
312 312
312 332
312 352
312 392
312 552
312 592
312 632
312 752
312 372
312 412
312 672
312 692
312 712
312 732
352 352
352 492
352 552
352 712
352 732
352 752
492 492
492 493
492 512
492 552
512 92
512 512
512 532
512 752
752 32
752 192
752 752
752 753
32 32
32 212
32 332
32 372
32 412
32 432
32 572
32 592
32 612
32 632
32 672
32 712
32 732
192 192
192 612
532 532
13 13
13 53
13 73
13 113
13 133
13 173
13 313
13 353
13 493
13 513
13 753
13 33
13 193
13 533
53 33
53 53
53 73
53 93
53 133
53 153
53 173
53 213
53 273
53 313
53 333
53 393
53 493
53 513
53 553
53 573
53 593
53 633
53 653
53 693
53 753
53 113
53 293
73 33
73 73
73 74
73 93
73 113
73 193
73 353
73 493
73 513
73 533
73 613
73 753
73 133
73 233
113 33
113 113
113 114
113 133
113 193
113 233
113 253
113 313
113 353
113 513
113 753
113 613
133 133
133 153
133 233
133 293
133 313
133 333
133 353
133 553
133 573
133 753
133 173
133 253
133 393
133 693
173 33
173 173
173 753
173 273
173 313
173 333
173 573
173 593
173 653
313 33
313 153
313 213
313 273
313 313
313 333
313 353
313 393
313 553
313 593
313 633
313 753
313 373
313 413
313 673
313 693
313 713
313 733
353 353
353 493
353 553
353 713
353 733
353 753
493 493
493 494
493 513
493 553
513 93
513 513
513 533
513 753
753 33
753 193
753 753
753 754
33 33
33 213
33 333
33 373
33 413
33 433
33 573
33 593
33 613
33 633
33 673
33 713
33 733
193 193
193 613
533 533
14 14
14 54
14 74
14 114
14 134
14 174
14 314
14 354
14 494
14 514
14 754
14 34
14 194
14 534
54 34
54 54
54 74
54 94
54 134
54 154
54 174
54 214
54 274
54 314
54 334
54 394
54 494
54 514
54 554
54 574
54 594
54 634
54 654
54 694
54 754
54 114
54 294
74 34
74 74
74 75
74 94
74 114
74 194
74 354
74 494
74 514
74 534
74 614
74 754
74 134
74 234
114 34
114 114
114 115
114 134
114 194
114 234
114 254
114 314
114 354
114 514
114 754
114 614
134 134
134 154
134 234
134 294
134 314
134 334
134 354
134 554
134 574
134 754
134 174
134 254
134 394
134 694
174 34
174 174
174 754
174 274
174 314
174 334
174 574
174 594
174 654
314 34
314 154
314 214
314 274
314 314
314 334
314 354
314 394
314 554
314 594
314 634
314 754
314 374
314 414
314 674
314 694
314 714
314 734
354 354
354 494
354 554
354 714
354 734
354 754
494 494
494 495
494 514
494 554
514 94
514 514
514 534
514 754
754 34
754 194
754 754
754 755
34 34
34 214
34 334
34 374
34 414
34 434
34 574
34 594
34 614
34 634
34 674
34 714
34 734
194 194
194 614
534 534
15 15
15 55
15 75
15 115
15 135
15 175
15 315
15 355
15 495
15 515
15 755
15 35
15 195
15 535
55 35
55 55
55 75
55 95
55 135
55 155
55 175
55 215
55 275
55 315
55 335
55 395
55 495
55 515
55 555
55 575
55 595
55 635
55 655
55 695
55 755
55 115
55 295
75 35
75 75
75 76
75 95
75 115
75 195
75 355
75 495
75 515
75 535
75 615
75 755
75 135
75 235
115 35
115 115
115 116
115 135
115 195
115 235
115 255
115 315
115 355
115 515
115 755
115 615
135 135
135 155
135 235
135 295
135 315
135 335
135 355
135 555
135 575
135 755
135 175
135 255
135 395
135 695
175 35
175 175
175 755
175 275
175 315
175 335
175 575
175 595
175 655
315 35
315 155
315 215
315 275
315 315
315 335
315 355
315 395
315 555
315 595
315 635
315 755
315 375
315 415
315 675
315 695
315 715
315 735
355 355
355 495
355 555
355 715
355 735
355 755
495 495
495 496
495 515
495 555
515 95
515 515
515 535
515 755
755 35
755 195
755 755
755 756
35 35
35 215
35 335
35 375
35 415
35 435
35 575
35 595
35 615
35 635
35 675
35 715
35 735
195 195
195 615
535 535
16 16
16 56
16 76
16 116
16 136
16 176
16 316
16 356
16 496
16 516
16 756
16 36
16 196
16 536
56 36
56 56
56 76
56 96
56 136
56 156
56 176
56 216
56 276
56 316
56 336
56 396
56 496
56 516
56 556
56 576
56 596
56 636
56 656
56 696
56 756
56 116
56 296
76 36
76 76
76 77
76 96
76 116
76 196
76 356
76 496
76 516
76 536
76 616
76 756
76 136
76 236
116 36
116 116
116 117
116 136
116 196
116 236
116 256
116 316
116 356
116 516
116 756
116 616
136 136
136 156
136 236
136 296
136 316
136 336
136 356
136 556
136 576
136 756
136 176
136 256
136 396
136 696
176 36
176 176
176 756
176 276
176 316
176 336
176 576
176 596
176 656
316 36
316 156
316 216
316 276
316 316
316 336
316 356
316 396
316 556
316 596
316 636
316 756
316 376
316 416
316 676
316 696
316 716
316 736
356 356
356 496
356 556
356 716
356 736
356 756
496 496
496 497
496 516
496 556
516 96
516 516
516 536
516 756
756 36
756 196
756 756
756 757
36 36
36 216
36 336
36 376
36 416
36 436
36 576
36 596
36 616
36 636
36 676
36 716
36 736
196 196
196 616
536 536
17 17
17 57
17 77
17 117
17 137
17 177
17 317
17 357
17 497
17 517
17 757
17 37
17 197
17 537
57 37
57 57
57 77
57 97
57 137
57 157
57 177
57 217
57 277
57 317
57 337
57 397
57 497
57 517
57 557
57 577
57 597
57 637
57 657
57 697
57 757
57 117
57 297
77 37
77 77
77 78
77 97
77 117
77 197
77 357
77 497
77 517
77 537
77 617
77 757
77 137
77 237
117 37
117 117
117 118
117 137
117 197
117 237
117 257
117 317
117 357
117 517
117 757
117 617
137 137
137 157
137 237
137 297
137 317
137 337
137 357
137 557
137 577
137 757
137 177
137 257
137 397
137 697
177 37
177 177
177 757
177 277
177 317
177 337
177 577
177 597
177 657
317 37
317 157
317 217
317 277
317 317
317 337
317 357
317 397
317 557
317 597
317 637
317 757
317 377
317 417
317 677
317 697
317 717
317 737
357 357
357 497
357 557
357 717
357 737
357 757
497 497
497 498
497 517
497 557
517 97
517 517
517 537
517 757
757 37
757 197
757 757
757 758
37 37
37 217
37 337
37 377
37 417
37 437
37 577
37 597
37 617
37 637
37 677
37 717
37 737
197 197
197 617
537 537
18 18
18 58
18 78
18 118
18 138
18 178
18 318
18 358
18 498
18 518
18 758
18 38
18 198
18 538
58 38
58 58
58 78
58 98
58 138
58 158
58 178
58 218
58 278
58 318
58 338
58 398
58 498
58 518
58 558
58 578
58 598
58 638
58 658
58 698
58 758
58 118
58 298
78 38
78 78
78 79
78 98
78 118
78 198
78 358
78 498
78 518
78 538
78 618
78 758
78 138
78 238
118 38
118 118
118 119
118 138
118 198
118 238
118 258
118 318
118 358
118 518
118 758
118 618
138 138
138 158
138 238
138 298
138 318
138 338
138 358
138 558
138 578
138 758
138 178
138 258
138 398
138 698
178 38
178 178
178 758
178 278
178 318
178 338
178 578
178 598
178 658
318 38
318 158
318 218
318 278
318 318
318 338
318 358
318 398
318 558
318 598
318 638
318 758
318 378
318 418
318 678
318 698
318 718
318 738
358 358
358 498
358 558
358 718
358 738
358 758
498 498
498 499
498 518
498 558
518 98
518 518
518 538
518 758
758 38
758 198
758 758
758 759
38 38
38 218
38 338
38 378
38 418
38 438
38 578
38 598
38 618
38 638
38 678
38 718
38 738
198 198
198 618
538 538
19 19
19 59
19 79
19 119
19 139
19 179
19 319
19 359
19 499
19 519
19 759
19 39
19 199
19 539
59 39
59 59
59 79
59 99
59 139
59 159
59 179
59 219
59 279
59 319
59 339
59 399
59 499
59 519
59 559
59 579
59 599
59 639
59 659
59 699
59 759
59 119
59 299
79 39
79 79
79 99
79 119
79 199
79 359
79 499
79 519
79 539
79 619
79 759
79 139
79 239
119 39
119 119
119 139
119 199
119 239
119 259
119 319
119 359
119 519
119 759
119 619
139 139
139 159
139 239
139 299
139 319
139 339
139 359
139 559
139 579
139 759
139 179
139 259
139 399
139 699
179 39
179 179
179 759
179 279
179 319
179 339
179 579
179 599
179 659
319 39
319 159
319 219
319 279
319 319
319 339
319 359
319 399
319 559
319 599
319 639
319 759
319 379
319 419
319 679
319 699
319 719
319 739
359 359
359 499
359 559
359 719
359 739
359 759
499 499
499 519
499 559
519 99
519 519
519 539
519 759
759 39
759 199
759 759
39 39
39 219
39 339
39 379
39 419
39 439
39 579
39 599
39 619
39 639
39 679
39 719
39 739
199 199
199 619
539 539
200 200
200 220
200 440
200 620
200 680
320 260
320 320
320 321
320 560
320 580
320 620
360 360
360 361
360 640
360 660
400 400
400 401
400 440
400 640
400 700
420 420
420 421
420 440
420 640
420 720
560 80
560 140
560 260
560 560
560 561
560 580
560 620
560 680
580 260
580 580
580 581
600 600
600 601
620 440
620 460
620 620
620 621
660 660
660 661
700 700
700 701
720 720
720 721
201 201
201 221
201 441
201 621
201 681
321 261
321 321
321 322
321 561
321 581
321 621
361 361
361 362
361 641
361 661
401 401
401 402
401 441
401 641
401 701
421 421
421 422
421 441
421 641
421 721
561 81
561 141
561 261
561 561
561 562
561 581
561 621
561 681
581 261
581 581
581 582
601 601
601 602
621 441
621 461
621 621
621 622
661 661
661 662
701 701
701 702
721 721
721 722
202 202
202 222
202 442
202 622
202 682
322 262
322 322
322 323
322 562
322 582
322 622
362 362
362 363
362 642
362 662
402 402
402 403
402 442
402 642
402 702
422 422
422 423
422 442
422 642
422 722
562 82
562 142
562 262
562 562
562 563
562 582
562 622
562 682
582 262
582 582
582 583
602 602
602 603
622 442
622 462
622 622
622 623
662 662
662 663
702 702
702 703
722 722
722 723
203 203
203 223
203 443
203 623
203 683
323 263
323 323
323 324
323 563
323 583
323 623
363 363
363 364
363 643
363 663
403 403
403 404
403 443
403 643
403 703
423 423
423 424
423 443
423 643
423 723
563 83
563 143
563 263
563 563
563 564
563 583
563 623
563 683
583 263
583 583
583 584
603 603
603 604
623 443
623 463
623 623
623 624
663 663
663 664
703 703
703 704
723 723
723 724
204 204
204 224
204 444
204 624
204 684
324 264
324 324
324 325
324 564
324 584
324 624
364 364
364 365
364 644
364 664
404 404
404 405
404 444
404 644
404 704
424 424
424 425
424 444
424 644
424 724
564 84
564 144
564 264
564 564
564 565
564 584
564 624
564 684
584 264
584 584
584 585
604 604
604 605
624 444
624 464
624 624
624 625
664 664
664 665
704 704
704 705
724 724
724 725
205 205
205 225
205 445
205 625
205 685
325 265
325 325
325 326
325 565
325 585
325 625
365 365
365 366
365 645
365 665
405 405
405 406
405 445
405 645
405 705
425 425
425 426
425 445
425 645
425 725
565 85
565 145
565 265
565 565
565 566
565 585
565 625
565 685
585 265
585 585
585 586
605 605
605 606
625 445
625 465
625 625
625 626
665 665
665 666
705 705
705 706
725 725
725 726
206 206
206 226
206 446
206 626
206 686
326 266
326 326
326 327
326 566
326 586
326 626
366 366
366 367
366 646
366 666
406 406
406 407
406 446
406 646
406 706
426 426
426 427
426 446
426 646
426 726
566 86
566 146
566 266
566 566
566 567
566 586
566 626
566 686
586 266
586 586
586 587
606 606
606 607
626 446
626 466
626 626
626 627
666 666
666 667
706 706
706 707
726 726
726 727
207 207
207 227
207 447
207 627
207 687
327 267
327 327
327 328
327 567
327 587
327 627
367 367
367 368
367 647
367 667
407 407
407 408
407 447
407 647
407 707
427 427
427 428
427 447
427 647
427 727
567 87
567 147
567 267
567 567
567 568
567 587
567 627
567 687
587 267
587 587
587 588
607 607
607 608
627 447
627 467
627 627
627 628
667 667
667 668
707 707
707 708
727 727
727 728
208 208
208 228
208 448
208 628
208 688
328 268
328 328
328 329
328 568
328 588
328 628
368 368
368 369
368 648
368 668
408 408
408 409
408 448
408 648
408 708
428 428
428 429
428 448
428 648
428 728
568 88
568 148
568 268
568 568
568 569
568 588
568 628
568 688
588 268
588 588
588 589
608 608
608 609
628 448
628 468
628 628
628 629
668 668
668 669
708 708
708 709
728 728
728 729
209 209
209 229
209 449
209 629
209 689
329 269
329 329
329 330
329 569
329 589
329 629
369 369
369 370
369 649
369 669
409 409
409 410
409 449
409 649
409 709
429 429
429 430
429 449
429 649
429 729
569 89
569 149
569 269
569 569
569 570
569 589
569 629
569 689
589 269
589 589
589 590
609 609
609 610
629 449
629 469
629 629
629 630
669 669
669 670
709 709
709 710
729 729
729 730
210 210
210 230
210 450
210 630
210 690
330 270
330 330
330 331
330 570
330 590
330 630
370 370
370 371
370 650
370 670
410 410
410 411
410 450
410 650
410 710
430 430
430 431
430 450
430 650
430 730
570 90
570 150
570 270
570 570
570 571
570 590
570 630
570 690
590 270
590 590
590 591
610 610
610 611
630 450
630 470
630 630
630 631
670 670
670 671
710 710
710 711
730 730
730 731
211 211
211 231
211 451
211 631
211 691
331 271
331 331
331 332
331 571
331 591
331 631
371 371
371 372
371 651
371 671
411 411
411 412
411 451
411 651
411 711
431 431
431 432
431 451
431 651
431 731
571 91
571 151
571 271
571 571
571 572
571 591
571 631
571 691
591 271
591 591
591 592
611 611
611 612
631 451
631 471
631 631
631 632
671 671
671 672
711 711
711 712
731 731
731 732
212 212
212 232
212 452
212 632
212 692
332 272
332 332
332 333
332 572
332 592
332 632
372 372
372 373
372 652
372 672
412 412
412 413
412 452
412 652
412 712
432 432
432 433
432 452
432 652
432 732
572 92
572 152
572 272
572 572
572 573
572 592
572 632
572 692
592 272
592 592
592 593
612 612
612 613
632 452
632 472
632 632
632 633
672 672
672 673
712 712
712 713
732 732
732 733
213 213
213 233
213 453
213 633
213 693
333 273
333 333
333 334
333 573
333 593
333 633
373 373
373 374
373 653
373 673
413 413
413 414
413 453
413 653
413 713
433 433
433 434
433 453
433 653
433 733
573 93
573 153
573 273
573 573
573 574
573 593
573 633
573 693
593 273
593 593
593 594
613 613
613 614
633 453
633 473
633 633
633 634
673 673
673 674
713 713
713 714
733 733
733 734
214 214
214 234
214 454
214 634
214 694
334 274
334 334
334 335
334 574
334 594
334 634
374 374
374 375
374 654
374 674
414 414
414 415
414 454
414 654
414 714
434 434
434 435
434 454
434 654
434 734
574 94
574 154
574 274
574 574
574 575
574 594
574 634
574 694
594 274
594 594
594 595
614 614
614 615
634 454
634 474
634 634
634 635
674 674
674 675
714 714
714 715
734 734
734 735
215 215
215 235
215 455
215 635
215 695
335 275
335 335
335 336
335 575
335 595
335 635
375 375
375 376
375 655
375 675
415 415
415 416
415 455
415 655
415 715
435 435
435 436
435 455
435 655
435 735
575 95
575 155
575 275
575 575
575 576
575 595
575 635
575 695
595 275
595 595
595 596
615 615
615 616
635 455
635 475
635 635
635 636
675 675
675 676
715 715
715 716
735 735
735 736
216 216
216 236
216 456
216 636
216 696
336 276
336 336
336 337
336 576
336 596
336 636
376 376
376 377
376 656
376 676
416 416
416 417
416 456
416 656
416 716
436 436
436 437
436 456
436 656
436 736
576 96
576 156
576 276
576 576
576 577
576 596
576 636
576 696
596 276
596 596
596 597
616 616
616 617
636 456
636 476
636 636
636 637
676 676
676 677
716 716
716 717
736 736
736 737
217 217
217 237
217 457
217 637
217 697
337 277
337 337
337 338
337 577
337 597
337 637
377 377
377 378
377 657
377 677
417 417
417 418
417 457
417 657
417 717
437 437
437 438
437 457
437 657
437 737
577 97
577 157
577 277
577 577
577 578
577 597
577 637
577 697
597 277
597 597
597 598
617 617
617 618
637 457
637 477
637 637
637 638
677 677
677 678
717 717
717 718
737 737
737 738
218 218
218 238
218 458
218 638
218 698
338 278
338 338
338 339
338 578
338 598
338 638
378 378
378 379
378 658
378 678
418 418
418 419
418 458
418 658
418 718
438 438
438 439
438 458
438 658
438 738
578 98
578 158
578 278
578 578
578 579
578 598
578 638
578 698
598 278
598 598
598 599
618 618
618 619
638 458
638 478
638 638
638 639
678 678
678 679
718 718
718 719
738 738
738 739
219 219
219 239
219 459
219 639
219 699
339 279
339 339
339 579
339 599
339 639
379 379
379 659
379 679
419 419
419 459
419 659
419 719
439 439
439 459
439 659
439 739
579 99
579 159
579 279
579 579
579 599
579 639
579 699
599 279
599 599
619 619
639 459
639 479
639 639
679 679
719 719
739 739
80 80
80 81
140 140
140 141
140 540
260 240
260 260
260 380
260 640
380 380
380 640
540 540
540 541
640 640
640 641
640 680
680 680
680 681
280 220
280 240
280 280
280 281
81 81
81 82
141 141
141 142
141 541
261 241
261 261
261 381
261 641
381 381
381 641
541 541
541 542
641 641
641 642
641 681
681 681
681 682
281 221
281 241
281 281
281 282
82 82
82 83
142 142
142 143
142 542
262 242
262 262
262 382
262 642
382 382
382 642
542 542
542 543
642 642
642 643
642 682
682 682
682 683
282 222
282 242
282 282
282 283
83 83
83 84
143 143
143 144
143 543
263 243
263 263
263 383
263 643
383 383
383 643
543 543
543 544
643 643
643 644
643 683
683 683
683 684
283 223
283 243
283 283
283 284
84 84
84 85
144 144
144 145
144 544
264 244
264 264
264 384
264 644
384 384
384 644
544 544
544 545
644 644
644 645
644 684
684 684
684 685
284 224
284 244
284 284
284 285
85 85
85 86
145 145
145 146
145 545
265 245
265 265
265 385
265 645
385 385
385 645
545 545
545 546
645 645
645 646
645 685
685 685
685 686
285 225
285 245
285 285
285 286
86 86
86 87
146 146
146 147
146 546
266 246
266 266
266 386
266 646
386 386
386 646
546 546
546 547
646 646
646 647
646 686
686 686
686 687
286 226
286 246
286 286
286 287
87 87
87 88
147 147
147 148
147 547
267 247
267 267
267 387
267 647
387 387
387 647
547 547
547 548
647 647
647 648
647 687
687 687
687 688
287 227
287 247
287 287
287 288
88 88
88 89
148 148
148 149
148 548
268 248
268 268
268 388
268 648
388 388
388 648
548 548
548 549
648 648
648 649
648 688
688 688
688 689
288 228
288 248
288 288
288 289
89 89
89 90
149 149
149 150
149 549
269 249
269 269
269 389
269 649
389 389
389 649
549 549
549 550
649 649
649 650
649 689
689 689
689 690
289 229
289 249
289 289
289 290
90 90
90 91
150 150
150 151
150 550
270 250
270 270
270 390
270 650
390 390
390 650
550 550
550 551
650 650
650 651
650 690
690 690
690 691
290 230
290 250
290 290
290 291
91 91
91 92
151 151
151 152
151 551
271 251
271 271
271 391
271 651
391 391
391 651
551 551
551 552
651 651
651 652
651 691
691 691
691 692
291 231
291 251
291 291
291 292
92 92
92 93
152 152
152 153
152 552
272 252
272 272
272 392
272 652
392 392
392 652
552 552
552 553
652 652
652 653
652 692
692 692
692 693
292 232
292 252
292 292
292 293
93 93
93 94
153 153
153 154
153 553
273 253
273 273
273 393
273 653
393 393
393 653
553 553
553 554
653 653
653 654
653 693
693 693
693 694
293 233
293 253
293 293
293 294
94 94
94 95
154 154
154 155
154 554
274 254
274 274
274 394
274 654
394 394
394 654
554 554
554 555
654 654
654 655
654 694
694 694
694 695
294 234
294 254
294 294
294 295
95 95
95 96
155 155
155 156
155 555
275 255
275 275
275 395
275 655
395 395
395 655
555 555
555 556
655 655
655 656
655 695
695 695
695 696
295 235
295 255
295 295
295 296
96 96
96 97
156 156
156 157
156 556
276 256
276 276
276 396
276 656
396 396
396 656
556 556
556 557
656 656
656 657
656 696
696 696
696 697
296 236
296 256
296 296
296 297
97 97
97 98
157 157
157 158
157 557
277 257
277 277
277 397
277 657
397 397
397 657
557 557
557 558
657 657
657 658
657 697
697 697
697 698
297 237
297 257
297 297
297 298
98 98
98 99
158 158
158 159
158 558
278 258
278 278
278 398
278 658
398 398
398 658
558 558
558 559
658 658
658 659
658 698
698 698
698 699
298 238
298 258
298 298
298 299
99 99
159 159
159 559
279 259
279 279
279 399
279 659
399 399
399 659
559 559
659 659
659 699
699 699
299 239
299 259
299 299
220 220
220 240
221 221
221 241
222 222
222 242
223 223
223 243
224 224
224 244
225 225
225 245
226 226
226 246
227 227
227 247
228 228
228 248
229 229
229 249
230 230
230 250
231 231
231 251
232 232
232 252
233 233
233 253
234 234
234 254
235 235
235 255
236 236
236 256
237 237
237 257
238 238
238 258
239 239
239 259
240 240
241 241
242 242
243 243
244 244
245 245
246 246
247 247
248 248
249 249
250 250
251 251
252 252
253 253
254 254
255 255
256 256
257 257
258 258
259 259
440 440
440 460
441 441
441 461
442 442
442 462
443 443
443 463
444 444
444 464
445 445
445 465
446 446
446 466
447 447
447 467
448 448
448 468
449 449
449 469
450 450
450 470
451 451
451 471
452 452
452 472
453 453
453 473
454 454
454 474
455 455
455 475
456 456
456 476
457 457
457 477
458 458
458 478
459 459
459 479
460 460
460 461
461 461
461 462
462 462
462 463
463 463
463 464
464 464
464 465
465 465
465 466
466 466
466 467
467 467
467 468
468 468
468 469
469 469
469 470
470 470
470 471
471 471
471 472
472 472
472 473
473 473
473 474
474 474
474 475
475 475
475 476
476 476
476 477
477 477
477 478
478 478
478 479
479 479
