115 382
0 0
0 1
0 2
0 3
0 4
0 5
0 6
0 46
0 59
0 66
1 1
1 7
1 8
1 9
1 10
1 16
1 23
1 70
1 72
2 2
2 11
2 12
2 13
2 14
2 15
2 88
2 94
3 3
3 11
3 16
3 17
3 18
3 7
3 24
3 75
3 85
4 4
4 8
4 19
4 20
4 21
4 22
4 78
4 96
5 5
5 13
5 20
5 23
5 24
5 9
5 17
5 80
5 90
6 6
6 10
6 18
6 25
6 26
6 27
6 82
6 92
46 15
46 46
46 75
46 78
46 80
46 82
59 22
59 59
59 70
59 88
59 90
59 92
66 27
66 66
66 72
66 85
66 94
66 96
7 7
7 28
7 29
7 60
7 97
8 8
8 30
8 31
8 32
8 55
8 100
9 9
9 30
9 33
9 47
9 98
10 10
10 29
10 34
10 35
10 48
10 99
16 16
16 47
16 48
16 61
16 107
23 23
23 55
23 60
23 49
23 111
70 32
70 70
70 98
70 99
70 111
72 35
72 72
72 97
72 100
72 107
11 11
11 36
11 37
11 38
11 42
11 108
12 12
12 39
12 40
12 41
12 113
13 13
13 39
13 42
13 43
13 36
13 109
14 14
14 37
14 44
14 45
14 110
15 15
15 38
15 41
15 43
15 45
88 54
88 88
88 109
88 110
94 63
94 94
94 108
94 113
17 17
17 36
17 49
17 28
17 101
18 18
18 48
18 50
18 51
18 29
18 102
24 24
24 42
24 61
24 33
24 105
75 38
75 75
75 101
75 102
75 105
85 51
85 85
85 107
85 108
85 97
19 19
19 52
19 53
19 54
19 114
20 20
20 52
20 55
20 56
20 30
20 103
21 21
21 31
21 57
21 58
21 104
22 22
22 32
22 54
22 56
22 58
78 41
78 78
78 103
78 104
96 65
96 96
96 100
96 114
80 43
80 80
80 103
80 105
80 101
90 56
90 90
90 109
90 111
90 98
25 25
25 50
25 62
25 63
25 112
26 26
26 34
26 64
26 65
26 106
27 27
27 35
27 51
27 63
27 65
82 45
82 82
82 102
82 106
92 58
92 92
92 99
92 112
28 28
29 29
29 67
60 60
97 67
97 97
30 30
30 68
31 31
31 69
32 32
32 68
32 69
32 89
55 55
55 89
100 71
100 100
33 33
47 47
98 68
98 98
34 34
34 71
35 35
35 67
35 71
35 83
48 48
48 83
99 69
99 99
36 36
36 73
37 37
37 74
38 38
38 73
38 74
38 79
42 42
42 79
108 84
108 108
39 39
39 76
40 40
40 77
41 41
41 76
41 77
113 93
113 113
43 43
43 76
43 79
43 73
109 86
109 109
44 44
44 81
45 45
45 74
45 81
110 87
110 110
61 61
107 83
107 107
49 49
101 73
101 101
50 50
50 84
51 51
51 83
51 84
51 67
102 74
102 102
52 52
52 86
53 53
53 87
54 54
54 86
54 87
114 95
114 114
56 56
56 86
56 89
56 68
103 76
103 103
57 57
57 91
58 58
58 69
58 91
104 77
104 104
111 89
111 111
105 79
105 105
62 62
62 93
63 63
63 84
63 93
112 91
112 112
64 64
64 95
65 65
65 71
65 95
106 81
106 106
67 67
68 68
69 69
89 89
71 71
83 83
73 73
74 74
79 79
76 76
77 77
81 81
84 84
86 86
87 87
91 91
93 93
95 95
