425 1302
0 0
0 9
0 396
0 405
0 406
9 1
9 10
9 18
9 21
9 16
396 384
396 390
396 404
405 1
405 2
405 3
405 4
405 5
405 6
405 7
405 8
405 397
405 415
405 417
405 413
406 398
406 415
406 418
406 413
406 414
1 1
1 10
1 397
1 407
10 2
10 11
10 18
10 22
10 17
397 385
397 391
407 399
407 415
407 419
407 413
2 2
2 11
2 398
2 408
11 4
11 13
11 18
11 24
398 386
398 392
408 400
408 415
408 420
408 413
408 416
3 3
3 12
3 399
3 409
12 5
12 14
12 18
12 25
12 19
399 387
399 393
409 401
409 415
409 421
409 413
409 417
4 4
4 13
4 400
4 410
13 6
13 15
13 18
13 26
13 20
400 388
400 394
410 402
410 415
410 422
410 413
410 418
5 5
5 14
5 401
5 411
14 7
14 16
14 18
14 27
14 21
401 389
401 395
411 403
411 415
411 423
411 413
411 419
6 6
6 15
6 402
6 412
15 8
15 17
15 18
15 28
15 22
402 386
402 387
402 388
402 389
402 390
402 391
402 392
402 393
402 394
402 395
412 404
412 415
412 424
412 413
412 420
7 7
7 16
7 403
7 413
16 19
16 29
16 38
16 47
16 23
403 376
403 377
403 378
403 379
403 380
403 381
403 382
403 383
403 384
403 385
403 391
413 413
413 414
413 421
8 8
8 17
8 404
8 414
17 19
17 30
17 39
17 48
17 24
404 392
404 415
404 416
414 422
18 19
18 31
18 40
18 49
18 25
21 19
21 34
21 43
21 52
21 25
21 28
22 19
22 35
22 44
22 53
22 25
22 29
24 19
24 37
24 46
24 55
24 25
24 31
25 20
25 23
25 25
25 26
25 27
25 28
25 32
19 19
19 32
19 41
19 50
19 20
19 23
19 26
26 29
26 30
26 31
26 32
26 33
26 34
26 35
26 36
26 37
20 33
20 42
20 51
20 27
27 34
28 35
29 36
38 32
38 44
47 41
47 44
47 50
47 56
47 61
47 53
23 36
23 45
23 54
23 30
39 33
39 45
39 81
48 42
48 45
48 51
48 56
48 62
48 54
31 37
40 34
40 46
40 82
49 43
49 46
49 52
49 56
49 63
49 55
41 35
50 44
50 53
50 56
50 64
42 36
51 45
51 54
51 56
51 65
51 57
43 37
52 46
52 55
52 56
52 66
52 58
44 56
44 58
53 57
53 67
53 76
53 59
45 56
45 59
54 57
54 68
54 77
54 60
46 56
46 60
55 57
55 69
55 78
55 61
81 58
81 88
81 97
82 59
82 89
82 98
56 57
56 70
56 79
56 62
58 57
58 72
58 62
58 64
59 57
59 73
59 62
59 65
60 57
60 74
60 83
60 62
60 66
61 57
61 75
61 84
61 62
61 67
62 62
62 63
62 64
62 65
62 66
62 68
63 57
63 67
63 68
63 69
63 70
63 71
63 72
63 73
63 74
63 75
64 70
65 71
57 57
57 71
57 80
66 72
67 73
76 71
76 83
76 92
68 74
77 72
77 84
77 93
78 73
78 85
78 94
70 75
79 74
79 86
79 95
80 75
80 87
80 96
83 95
83 96
83 90
83 99
84 95
84 97
84 91
84 100
92 85
92 86
92 105
92 98
92 101
92 108
93 85
93 87
93 106
93 99
93 101
93 109
85 95
85 98
85 94
85 96
85 97
85 99
85 100
85 101
94 88
94 107
94 100
94 101
94 110
86 95
86 99
86 101
86 102
95 87
95 88
95 89
95 90
95 91
95 108
95 112
87 100
87 101
87 103
96 90
96 109
96 112
88 101
88 104
97 91
97 110
97 112
89 102
89 101
89 105
98 111
98 112
90 103
90 101
90 106
99 112
91 104
91 101
91 107
100 113
100 112
101 112
102 112
103 112
104 111
104 112
105 113
105 122
106 114
106 123
107 115
107 124
108 116
108 125
109 117
109 126
110 118
110 127
112 120
112 129
111 119
111 128
113 124
113 125
113 121
113 130
122 114
122 115
122 135
122 129
122 131
122 139
114 124
114 126
114 123
114 125
114 127
114 128
114 129
114 130
114 131
123 116
123 136
123 130
123 131
123 140
115 124
115 127
115 131
115 132
124 116
124 117
124 118
124 119
124 120
124 121
124 137
124 142
116 128
116 131
116 133
125 118
125 134
125 138
125 142
117 129
117 131
117 134
126 119
126 139
126 142
118 130
118 131
118 135
127 120
127 140
127 142
119 131
119 136
128 121
128 141
128 142
120 132
120 131
120 137
129 142
121 133
121 131
121 138
130 143
130 142
131 142
132 142
133 141
133 142
134 162
134 163
135 143
135 162
136 144
136 162
137 145
137 162
138 146
138 162
139 147
139 162
140 148
140 162
142 150
142 162
141 149
141 162
143 144
143 145
143 155
143 151
143 162
162 150
162 171
162 183
163 151
163 172
163 183
144 144
144 146
144 156
144 145
144 147
144 148
144 149
144 150
144 151
144 161
145 147
145 154
145 157
145 152
145 161
146 148
146 158
146 153
146 161
147 149
147 159
147 154
147 161
148 150
148 160
148 155
148 161
149 151
149 161
149 156
150 152
150 157
150 161
155 164
155 183
151 153
151 158
151 161
156 165
156 183
161 152
161 153
161 170
161 183
154 183
154 184
157 166
157 183
152 159
158 167
158 183
153 160
159 168
159 183
160 169
160 183
183 172
183 190
183 201
184 185
184 186
184 187
184 188
184 189
184 190
184 200
164 164
164 165
164 175
164 166
164 167
164 168
164 169
164 170
164 171
164 172
164 182
165 166
165 176
165 173
165 182
166 167
166 174
166 177
166 182
167 168
167 178
167 175
167 182
168 169
168 179
168 176
168 182
169 170
169 180
169 177
169 182
170 171
170 181
170 178
170 182
171 172
171 182
171 179
172 173
172 180
172 182
175 185
175 201
182 173
182 189
182 201
176 186
176 201
173 181
174 201
174 202
177 201
178 201
179 201
180 187
180 201
181 188
181 201
201 189
201 210
202 190
202 211
185 185
185 194
185 203
185 191
185 200
186 186
186 195
186 204
186 192
186 200
187 190
187 199
187 208
187 193
187 200
188 191
188 200
188 209
188 194
189 192
189 210
189 195
189 200
190 193
190 211
190 196
190 200
200 191
200 192
200 193
200 209
194 203
203 203
203 212
203 214
191 197
195 204
204 204
204 212
204 215
204 213
192 198
199 193
199 208
208 208
208 212
208 219
208 217
209 209
209 212
209 220
209 218
210 210
210 212
210 221
210 219
211 211
211 212
211 222
211 220
196 205
197 206
198 207
205 205
205 212
205 216
205 214
206 206
206 212
206 217
206 215
207 207
207 212
207 218
207 216
212 213
212 223
212 232
212 221
214 213
214 225
214 234
214 221
214 223
215 213
215 226
215 235
215 221
215 224
213 213
213 224
213 233
213 216
213 217
213 218
213 219
213 220
213 222
216 227
216 236
216 221
216 225
217 228
217 237
217 221
217 226
218 229
218 238
218 221
218 227
219 230
219 239
219 221
219 228
220 231
220 240
220 221
221 221
221 222
221 229
222 223
222 224
222 225
222 226
222 227
222 228
222 229
222 230
222 231
223 231
232 224
232 240
232 249
233 225
233 241
233 250
234 226
234 242
234 251
235 227
235 243
235 252
236 228
236 244
236 253
237 229
237 245
237 254
238 230
238 246
238 255
239 231
239 247
239 256
240 309
240 318
240 327
240 329
240 248
240 257
249 241
249 242
249 252
249 256
249 258
241 310
241 319
241 327
241 330
241 250
241 251
241 252
241 253
241 254
241 255
241 256
241 257
241 258
250 243
250 251
250 253
250 257
250 258
250 265
242 311
242 320
242 327
242 331
242 258
242 259
251 244
251 254
251 285
243 312
243 321
243 327
243 332
243 258
252 245
252 255
252 266
252 285
244 313
244 322
244 327
244 333
244 258
244 260
253 246
253 256
253 267
253 285
245 314
245 323
245 327
245 334
245 258
245 261
254 247
254 257
254 268
254 285
246 315
246 324
246 327
246 335
246 258
246 262
255 248
255 258
255 269
255 285
247 316
247 325
247 327
247 336
247 258
247 263
256 259
256 270
256 285
309 286
309 294
318 286
318 303
318 325
327 248
327 320
327 328
327 340
327 334
329 322
329 328
329 342
329 334
329 336
248 317
248 326
248 337
248 258
248 264
257 260
257 271
257 285
310 287
310 295
319 287
319 304
319 326
330 323
330 328
330 343
330 334
330 337
258 272
258 285
311 288
311 296
320 288
320 305
331 324
331 328
331 344
331 334
331 338
259 273
259 285
312 289
312 297
321 289
321 306
321 328
332 325
332 328
332 345
332 334
332 339
313 290
313 298
322 290
322 307
333 326
333 328
333 346
333 334
333 340
260 274
260 285
314 291
314 299
323 291
323 308
334 334
334 335
334 336
334 337
334 341
261 266
261 267
261 268
261 269
261 270
261 271
261 272
261 273
261 274
261 284
315 292
315 300
324 279
324 292
335 328
335 338
335 339
335 340
335 341
335 342
335 343
335 344
335 345
335 346
262 266
262 275
262 284
316 293
316 301
325 293
325 328
325 338
336 343
263 267
263 276
263 284
317 294
317 302
326 294
326 328
326 339
337 344
264 268
264 277
264 284
265 269
265 278
265 284
285 271
285 291
285 300
266 271
266 280
266 270
266 279
266 284
267 272
267 281
267 271
267 280
267 284
268 273
268 282
268 272
268 281
268 284
269 274
269 283
269 273
269 282
269 284
270 275
270 284
270 274
270 283
271 276
271 286
272 277
272 286
272 287
273 278
273 287
273 288
274 279
274 288
274 289
284 290
284 299
275 290
276 291
277 292
278 293
280 286
280 295
279 294
281 287
281 296
282 288
282 297
283 289
283 298
286 289
286 291
286 292
286 301
287 289
287 292
287 293
287 302
288 289
288 293
288 294
288 303
289 289
289 294
289 290
289 291
289 292
289 293
289 304
290 295
290 296
290 297
290 298
290 299
290 300
290 301
290 302
290 303
290 305
291 296
291 304
291 306
292 297
292 304
292 307
293 298
293 304
293 308
294 299
294 304
295 300
295 347
295 304
296 301
296 348
296 304
297 302
297 349
297 304
298 303
298 350
298 304
299 304
299 351
300 305
300 352
301 306
301 353
301 305
302 307
302 354
302 305
303 308
303 355
303 305
304 305
305 305
305 306
305 307
305 308
347 340
347 354
347 363
348 341
348 355
348 364
349 342
349 356
349 365
350 343
350 357
350 366
351 344
351 358
351 367
352 345
352 359
352 368
353 346
353 360
353 369
354 366
354 367
354 361
354 370
355 366
355 368
355 362
355 371
328 328
328 341
338 345
339 346
363 356
363 357
363 377
363 369
363 372
363 379
364 356
364 358
364 378
364 370
364 372
364 380
356 366
356 369
356 365
356 367
356 368
356 370
356 371
356 372
365 359
365 379
365 371
365 372
365 381
357 366
357 370
357 372
357 373
366 358
366 359
366 360
366 361
366 362
366 380
366 383
358 371
358 372
358 374
367 361
367 381
367 383
359 372
359 375
368 362
368 382
368 383
360 373
360 372
360 376
369 383
361 374
361 372
361 377
370 384
370 383
362 375
362 372
362 378
371 376
371 385
371 383
372 383
373 383
374 383
375 382
375 383
377 384
378 385
379 386
380 387
381 388
383 390
382 389
384 386
384 387
384 391
385 386
385 388
385 392
386 386
386 389
386 387
386 388
386 390
386 391
386 392
387 390
387 393
388 391
388 394
389 392
389 395
390 393
391 394
392 395
415 424
416 424
417 424
418 424
419 424
420 424
421 424
422 424
423 424
424 424
