137 403
0 1
0 8
0 9
0 16
0 15
1 2
1 8
1 10
1 17
8 2
8 3
8 4
8 5
8 6
8 10
8 14
9 7
9 11
9 14
16 16
16 32
16 39
16 40
16 23
15 6
15 13
15 14
2 3
2 11
2 18
10 12
10 14
17 17
17 33
17 39
17 41
17 24
3 4
3 12
3 19
11 13
11 14
18 18
18 34
18 39
18 42
18 25
4 5
4 13
4 20
12 14
19 19
19 35
19 39
19 43
19 26
5 6
5 14
5 21
13 14
20 20
20 36
20 39
20 44
20 27
6 7
6 22
14 14
21 21
21 37
21 39
21 45
21 28
22 22
22 38
22 39
22 46
22 29
32 25
32 38
39 33
39 48
39 55
39 61
39 64
39 52
40 31
40 34
40 49
40 56
40 61
40 65
40 45
40 52
23 23
23 24
23 107
23 114
23 25
23 26
23 27
23 28
23 29
23 30
33 26
41 35
41 50
41 57
41 61
41 66
41 46
41 52
24 25
24 108
24 115
24 30
24 31
34 27
42 36
42 51
42 58
42 61
42 67
42 47
42 52
25 26
25 109
25 116
25 30
35 28
43 37
43 52
43 59
43 61
43 68
43 48
26 27
26 110
26 117
26 30
36 29
44 38
44 53
44 60
44 61
44 69
44 49
44 52
27 28
27 111
27 118
27 30
37 30
45 50
45 52
28 29
28 112
28 119
28 30
38 47
38 54
38 61
38 63
46 51
46 52
29 30
29 113
29 120
107 100
107 114
114 84
114 114
114 121
114 123
30 30
108 101
108 115
115 85
115 115
115 121
115 124
31 53
109 102
109 116
116 86
116 116
116 121
116 125
110 103
110 117
117 87
117 117
117 121
117 126
111 104
111 118
118 88
118 118
118 121
118 127
112 105
112 119
119 89
119 119
119 121
119 128
113 106
113 120
120 90
120 120
120 121
120 129
53 60
47 54
54 54
54 84
54 92
54 100
54 61
61 62
61 70
61 68
63 56
63 62
63 72
63 68
63 70
48 55
55 55
55 85
55 92
55 101
55 62
64 57
64 62
64 73
64 68
64 71
52 59
49 56
56 56
56 86
56 92
56 102
65 58
65 62
65 74
65 68
65 72
50 57
57 57
57 87
57 92
57 103
66 59
66 62
66 75
66 68
66 73
51 58
58 58
58 88
58 92
58 104
67 60
67 62
67 76
67 68
67 74
59 59
59 89
59 92
59 105
68 68
68 69
68 75
60 60
60 90
60 92
60 106
69 62
69 70
69 71
69 72
69 73
69 74
69 75
69 76
84 77
84 84
84 122
84 130
84 91
92 78
92 85
92 91
92 94
92 99
100 93
100 99
85 78
85 85
85 122
85 131
101 94
101 99
62 62
62 71
86 79
86 86
86 122
86 132
86 93
102 95
102 99
87 80
87 87
87 122
87 133
87 94
103 96
103 99
88 81
88 88
88 122
88 134
88 95
104 97
104 99
89 82
89 89
89 122
89 135
89 96
105 98
105 99
90 83
90 90
90 122
90 136
90 97
106 99
70 77
71 78
72 79
73 80
74 81
75 82
76 83
77 91
79 93
80 94
81 95
82 96
83 97
91 91
91 93
91 94
91 95
91 96
91 97
91 98
93 95
93 98
94 96
94 98
95 97
95 98
96 98
97 99
97 98
122 122
122 130
122 131
122 132
122 133
122 134
122 135
122 136
130 130
131 131
132 132
133 133
134 134
135 135
136 136
98 98
98 99
121 121
121 123
121 124
121 125
121 126
121 127
121 128
121 129
123 123
124 124
125 125
126 126
127 127
128 128
129 129
