1141 4303
0 0
0 1
0 17
0 28
1 1
1 2
1 17
1 18
1 28
1 39
17 16
17 17
17 18
28 28
28 29
28 39
2 2
2 3
2 18
2 19
2 39
2 43
18 16
18 18
18 19
18 22
39 29
39 39
39 40
39 43
3 3
3 4
3 19
3 20
3 43
3 46
19 19
19 20
19 22
19 23
43 40
43 43
43 44
43 46
4 4
4 5
4 20
4 21
4 46
4 48
20 20
20 21
20 23
20 24
46 44
46 46
46 47
46 48
5 5
5 6
5 7
5 21
5 38
5 48
21 7
21 8
21 21
21 24
48 37
48 38
48 47
48 48
6 6
6 7
6 38
6 59
6 223
7 7
7 8
7 223
7 231
38 37
38 38
38 59
38 69
59 58
59 59
59 69
223 223
223 224
223 231
8 8
8 9
8 24
8 230
8 231
231 224
231 230
231 231
231 234
9 9
9 10
9 24
9 26
9 229
9 230
24 23
24 24
24 26
230 229
230 230
230 233
230 234
10 10
10 11
10 26
10 27
10 228
10 229
26 23
26 25
26 26
26 27
229 228
229 229
229 232
229 233
11 11
11 12
11 13
11 27
11 196
11 228
27 13
27 14
27 25
27 27
228 196
228 197
228 228
228 232
12 12
12 13
12 196
12 212
13 13
13 14
196 196
196 197
196 212
196 213
212 211
212 212
212 213
14 14
14 15
14 25
15 15
15 16
15 22
15 25
25 22
25 23
25 25
16 16
16 22
22 22
22 23
23 23
29 29
29 30
29 40
30 30
30 31
30 40
30 41
40 40
40 41
40 44
31 31
31 32
31 41
31 42
41 41
41 42
41 44
41 45
32 32
32 33
32 34
32 42
42 34
42 35
42 42
42 45
33 33
33 34
33 49
33 70
34 34
34 35
34 49
34 60
49 49
49 50
49 60
49 70
49 81
70 70
70 71
70 81
35 35
35 36
35 45
35 60
35 64
60 50
60 60
60 61
60 64
36 36
36 37
36 45
36 47
36 64
36 67
45 44
45 45
45 47
64 61
64 64
64 65
64 67
37 37
37 47
37 67
37 69
47 44
47 47
67 65
67 67
67 68
67 69
69 58
69 68
69 69
44 44
50 50
50 51
50 61
50 81
50 85
81 71
81 81
81 82
81 85
51 51
51 52
51 61
51 62
51 85
51 88
61 61
61 62
61 65
85 82
85 85
85 86
85 88
52 52
52 53
52 62
52 63
52 88
52 90
62 62
62 63
62 65
62 66
88 86
88 88
88 89
88 90
53 53
53 54
53 55
53 63
53 80
53 90
63 55
63 56
63 63
63 66
90 79
90 80
90 89
90 90
54 54
54 55
54 80
54 101
54 248
55 55
55 56
80 79
80 80
80 101
80 111
101 100
101 101
101 111
101 248
101 249
248 247
248 248
248 249
56 56
56 57
56 66
57 57
57 58
57 66
57 68
66 65
66 66
66 68
58 58
58 68
68 65
68 68
65 65
71 71
71 72
71 82
72 72
72 73
72 82
72 83
82 82
82 83
82 86
73 73
73 74
73 83
73 84
83 83
83 84
83 86
83 87
74 74
74 75
74 76
74 84
84 76
84 77
84 84
84 87
75 75
75 76
75 91
75 112
76 76
76 77
76 91
76 102
91 91
91 92
91 102
91 112
91 123
112 112
112 113
112 123
77 77
77 78
77 87
77 102
77 106
102 92
102 102
102 103
102 106
78 78
78 79
78 87
78 89
78 106
78 109
87 86
87 87
87 89
106 103
106 106
106 107
106 109
79 79
79 89
79 109
79 111
89 86
89 89
109 107
109 109
109 110
109 111
111 100
111 110
111 111
86 86
92 92
92 93
92 103
92 123
92 127
123 113
123 123
123 124
123 127
93 93
93 94
93 103
93 104
93 127
93 130
103 103
103 104
103 107
127 124
127 127
127 128
127 130
94 94
94 95
94 104
94 105
94 130
94 132
104 104
104 105
104 107
104 108
130 128
130 130
130 131
130 132
95 95
95 96
95 97
95 105
95 122
95 132
105 97
105 98
105 105
105 108
132 121
132 122
132 131
132 132
96 96
96 97
96 122
96 143
96 238
96 259
97 97
97 98
97 238
97 252
122 121
122 122
122 143
122 153
143 142
143 143
143 153
238 238
238 239
238 252
238 259
238 270
259 259
259 260
259 270
98 98
98 99
98 108
98 251
98 252
252 239
252 251
252 252
252 255
99 99
99 100
99 108
99 110
99 250
99 251
108 107
108 108
108 110
251 250
251 251
251 254
251 255
100 100
100 110
100 249
100 250
110 107
110 110
250 249
250 250
250 253
250 254
249 247
249 249
249 253
107 107
113 113
113 114
113 124
114 114
114 115
114 124
114 125
124 124
124 125
124 128
115 115
115 116
115 125
115 126
125 125
125 126
125 128
125 129
116 116
116 117
116 118
116 126
126 118
126 119
126 126
126 129
117 117
117 118
117 133
117 154
118 118
118 119
118 133
118 144
133 133
133 134
133 144
133 154
133 165
154 154
154 155
154 165
119 119
119 120
119 129
119 144
119 148
144 134
144 144
144 145
144 148
120 120
120 121
120 129
120 131
120 148
120 151
129 128
129 129
129 131
148 145
148 148
148 149
148 151
121 121
121 131
121 151
121 153
131 128
131 131
151 149
151 151
151 152
151 153
153 142
153 152
153 153
128 128
134 134
134 135
134 145
134 165
134 169
165 155
165 165
165 166
165 169
135 135
135 136
135 145
135 146
135 169
135 172
145 145
145 146
145 149
169 166
169 169
169 170
169 172
136 136
136 137
136 146
136 147
136 172
136 174
146 146
146 147
146 149
146 150
172 170
172 172
172 173
172 174
137 137
137 138
137 139
137 147
137 164
137 174
147 139
147 140
147 147
147 150
174 163
174 164
174 173
174 174
138 138
138 139
138 164
138 185
138 280
138 296
139 139
139 140
164 163
164 164
164 185
164 195
185 184
185 185
185 195
185 280
185 312
280 280
280 281
280 296
280 297
280 312
296 295
296 296
296 297
140 140
140 141
140 150
141 141
141 142
141 150
141 152
150 149
150 150
150 152
142 142
142 152
152 149
152 152
149 149
155 155
155 156
155 166
156 156
156 157
156 166
156 167
166 166
166 167
166 170
157 157
157 158
157 167
157 168
167 167
167 168
167 170
167 171
158 158
158 159
158 160
158 168
168 160
168 161
168 168
168 171
159 159
159 160
159 175
160 160
160 161
160 175
160 186
175 175
175 176
175 186
161 161
161 162
161 171
161 186
161 190
186 176
186 186
186 187
186 190
162 162
162 163
162 171
162 173
162 190
162 193
171 170
171 171
171 173
190 187
190 190
190 191
190 193
163 163
163 173
163 193
163 195
173 170
173 173
193 191
193 193
193 194
193 195
195 184
195 194
195 195
170 170
176 176
176 177
176 187
177 177
177 178
177 187
177 188
187 187
187 188
187 191
178 178
178 179
178 188
178 189
188 188
188 189
188 191
188 192
179 179
179 180
179 181
179 189
189 181
189 182
189 189
189 192
180 180
180 181
180 307
181 181
181 182
181 307
181 315
307 307
307 308
307 315
182 182
182 183
182 192
182 314
182 315
315 308
315 314
315 315
315 318
183 183
183 184
183 192
183 194
183 313
183 314
192 191
192 192
192 194
314 313
314 314
314 317
314 318
184 184
184 194
184 312
184 313
194 191
194 194
313 312
313 313
313 316
313 317
312 281
312 312
312 316
191 191
197 197
197 198
197 213
197 214
197 232
213 211
213 213
213 214
213 217
198 198
198 199
198 214
198 215
198 232
198 235
214 214
214 215
214 217
214 218
232 232
232 233
232 235
199 199
199 200
199 215
199 216
199 235
199 237
215 215
215 216
215 218
215 219
235 233
235 235
235 236
235 237
200 200
200 201
200 202
200 216
200 227
200 237
216 202
216 203
216 216
216 219
237 226
237 227
237 236
237 237
201 201
201 202
201 227
201 322
201 343
201 364
202 202
202 203
202 322
202 336
227 226
227 227
322 322
322 323
322 336
322 343
322 354
343 343
343 344
343 354
343 364
343 374
364 364
364 365
364 374
203 203
203 204
203 219
203 335
203 336
336 323
336 335
336 336
336 339
204 204
204 205
204 219
204 221
204 334
204 335
219 218
219 219
219 221
335 334
335 335
335 338
335 339
205 205
205 206
205 221
205 222
205 333
205 334
221 218
221 220
221 221
221 222
334 333
334 334
334 337
334 338
206 206
206 207
206 208
206 222
206 332
206 333
222 208
222 209
222 220
222 222
333 331
333 332
333 333
333 337
207 207
207 208
207 332
208 208
208 209
332 331
332 332
209 209
209 210
209 220
210 210
210 211
210 217
210 220
220 217
220 218
220 220
211 211
211 217
217 217
217 218
218 218
224 224
224 225
224 234
225 225
225 226
225 234
225 236
234 233
234 234
234 236
226 226
226 236
236 233
236 236
233 233
239 239
239 240
239 255
239 270
239 274
270 260
270 270
270 271
270 274
240 240
240 241
240 255
240 257
240 274
240 277
255 254
255 255
255 257
274 271
274 274
274 275
274 277
241 241
241 242
241 257
241 258
241 277
241 279
257 254
257 256
257 257
257 258
277 275
277 277
277 278
277 279
242 242
242 243
242 244
242 258
242 269
242 279
258 244
258 245
258 256
258 258
279 268
279 269
279 278
279 279
243 243
243 244
243 269
243 368
243 369
243 384
244 244
244 245
269 268
269 269
269 384
269 410
368 367
368 368
368 369
368 377
369 369
369 370
369 377
369 384
369 395
384 384
384 385
384 395
384 410
245 245
245 246
245 256
246 246
246 247
246 253
246 256
256 253
256 254
256 256
247 247
247 253
253 253
253 254
254 254
260 260
260 261
260 271
261 261
261 262
261 271
261 272
271 271
271 272
271 275
262 262
262 263
262 272
262 273
272 272
272 273
272 275
272 276
263 263
263 264
263 265
263 273
273 265
273 266
273 273
273 276
264 264
264 265
264 405
264 420
264 441
265 265
265 266
265 405
265 413
405 405
405 406
405 413
405 420
405 431
420 420
420 421
420 431
420 441
420 451
441 441
441 442
441 451
266 266
266 267
266 276
266 412
266 413
413 406
413 412
413 413
413 416
267 267
267 268
267 276
267 278
267 411
267 412
276 275
276 276
276 278
412 411
412 412
412 415
412 416
268 268
268 278
268 410
268 411
278 275
278 278
411 410
411 411
411 414
411 415
410 385
410 410
410 414
275 275
281 281
281 282
281 297
281 298
281 316
297 295
297 297
297 298
297 301
282 282
282 283
282 298
282 299
282 316
282 319
298 298
298 299
298 301
298 302
316 316
316 317
316 319
283 283
283 284
283 299
283 300
283 319
283 321
299 299
299 300
299 302
299 303
319 317
319 319
319 320
319 321
284 284
284 285
284 286
284 300
284 311
284 321
300 286
300 287
300 300
300 303
321 310
321 311
321 320
321 321
285 285
285 286
285 311
285 482
285 497
286 286
286 287
286 482
286 490
311 310
311 311
482 482
482 483
482 490
482 497
482 508
497 497
497 498
497 508
287 287
287 288
287 303
287 489
287 490
490 483
490 489
490 490
490 493
288 288
288 289
288 303
288 305
288 488
288 489
303 302
303 303
303 305
489 488
489 489
489 492
489 493
289 289
289 290
289 305
289 306
289 487
289 488
305 302
305 304
305 305
305 306
488 487
488 488
488 491
488 492
290 290
290 291
290 292
290 306
290 461
290 487
306 292
306 293
306 304
306 306
487 461
487 462
487 487
487 491
291 291
291 292
291 445
291 446
291 461
292 292
292 293
461 446
461 461
461 462
461 472
445 444
445 445
445 446
445 454
446 446
446 447
446 454
446 472
293 293
293 294
293 304
294 294
294 295
294 301
294 304
304 301
304 302
304 304
295 295
295 301
301 301
301 302
302 302
308 308
308 309
308 318
309 309
309 310
309 318
309 320
318 317
318 318
318 320
310 310
310 320
320 317
320 320
317 317
323 323
323 324
323 339
323 354
323 358
354 344
354 354
354 355
354 358
324 324
324 325
324 339
324 341
324 358
324 361
339 338
339 339
339 341
358 355
358 358
358 359
358 361
325 325
325 326
325 341
325 342
325 361
325 363
341 338
341 340
341 341
341 342
361 359
361 361
361 362
361 363
326 326
326 327
326 328
326 342
326 353
326 363
342 328
342 329
342 340
342 342
363 352
363 353
363 362
363 363
327 327
327 328
327 353
327 518
327 534
328 328
328 329
353 352
353 353
353 518
353 550
518 518
518 519
518 534
518 535
518 550
534 533
534 534
534 535
329 329
329 330
329 340
330 330
330 331
330 337
330 340
340 337
340 338
340 340
331 331
331 337
337 337
337 338
338 338
344 344
344 345
344 355
344 374
344 378
374 365
374 374
374 375
374 378
345 345
345 346
345 355
345 356
345 378
345 381
355 355
355 356
355 359
378 375
378 378
378 379
378 381
346 346
346 347
346 356
346 357
346 381
346 383
356 356
356 357
356 359
356 360
381 379
381 381
381 382
381 383
347 347
347 348
347 349
347 357
347 373
347 383
357 349
357 350
357 357
357 360
383 372
383 373
383 382
383 383
348 348
348 349
348 373
348 394
348 545
349 349
349 350
349 545
349 553
373 372
373 373
373 394
373 404
394 393
394 394
394 404
545 545
545 546
545 553
350 350
350 351
350 360
350 552
350 553
553 546
553 552
553 553
553 556
351 351
351 352
351 360
351 362
351 551
351 552
360 359
360 360
360 362
552 551
552 552
552 555
552 556
352 352
352 362
352 550
352 551
362 359
362 362
551 550
551 551
551 554
551 555
550 519
550 550
550 554
359 359
365 365
365 366
365 375
366 366
366 367
366 375
366 376
375 375
375 376
375 379
367 367
367 376
367 377
376 376
376 377
376 379
376 380
377 370
377 377
377 380
370 370
370 371
370 380
370 395
370 399
395 385
395 395
395 396
395 399
371 371
371 372
371 380
371 382
371 399
371 402
380 379
380 380
380 382
399 396
399 399
399 400
399 402
372 372
372 382
372 402
372 404
382 379
382 382
402 400
402 402
402 403
402 404
404 393
404 403
404 404
379 379
385 385
385 386
385 396
385 414
386 386
386 387
386 396
386 397
386 414
386 417
396 396
396 397
396 400
414 414
414 415
414 417
387 387
387 388
387 397
387 398
387 417
387 419
397 397
397 398
397 400
397 401
417 415
417 417
417 418
417 419
388 388
388 389
388 390
388 398
388 409
388 419
398 390
398 391
398 398
398 401
419 408
419 409
419 418
419 419
389 389
389 390
389 409
389 430
389 560
389 576
390 390
390 391
409 408
409 409
409 430
409 440
430 429
430 430
430 440
430 560
430 592
560 560
560 561
560 576
560 577
560 592
576 575
576 576
576 577
391 391
391 392
391 401
392 392
392 393
392 401
392 403
401 400
401 401
401 403
393 393
393 403
403 400
403 403
400 400
406 406
406 407
406 416
406 431
406 435
431 421
431 431
431 432
431 435
407 407
407 408
407 416
407 418
407 435
407 438
416 415
416 416
416 418
435 432
435 435
435 436
435 438
408 408
408 418
408 438
408 440
418 415
418 418
438 436
438 438
438 439
438 440
440 429
440 439
440 440
415 415
421 421
421 422
421 432
421 451
421 455
451 442
451 451
451 452
451 455
422 422
422 423
422 432
422 433
422 455
422 458
432 432
432 433
432 436
455 452
455 455
455 456
455 458
423 423
423 424
423 433
423 434
423 458
423 460
433 433
433 434
433 436
433 437
458 456
458 458
458 459
458 460
424 424
424 425
424 426
424 434
424 450
424 460
434 426
434 427
434 434
434 437
460 449
460 450
460 459
460 460
425 425
425 426
425 450
425 471
425 587
426 426
426 427
426 587
426 595
450 449
450 450
450 471
450 481
471 470
471 471
471 481
587 587
587 588
587 595
427 427
427 428
427 437
427 594
427 595
595 588
595 594
595 595
595 598
428 428
428 429
428 437
428 439
428 593
428 594
437 436
437 437
437 439
594 593
594 594
594 597
594 598
429 429
429 439
429 592
429 593
439 436
439 439
593 592
593 593
593 596
593 597
592 561
592 592
592 596
436 436
442 442
442 443
442 452
443 443
443 444
443 452
443 453
452 452
452 453
452 456
444 444
444 453
444 454
453 453
453 454
453 456
453 457
454 447
454 454
454 457
447 447
447 448
447 457
447 472
447 476
472 462
472 472
472 473
472 476
448 448
448 449
448 457
448 459
448 476
448 479
457 456
457 457
457 459
476 473
476 476
476 477
476 479
449 449
449 459
449 479
449 481
459 456
459 459
479 477
479 479
479 480
479 481
481 470
481 480
481 481
456 456
462 462
462 463
462 473
462 491
463 463
463 464
463 473
463 474
463 491
463 494
473 473
473 474
473 477
491 491
491 492
491 494
464 464
464 465
464 474
464 475
464 494
464 496
474 474
474 475
474 477
474 478
494 492
494 494
494 495
494 496
465 465
465 466
465 467
465 475
465 486
465 496
475 467
475 468
475 475
475 478
496 485
496 486
496 495
496 496
466 466
466 467
466 486
466 507
466 612
467 467
467 468
486 485
486 486
486 507
486 517
507 506
507 507
507 517
507 612
507 613
612 611
612 612
612 613
468 468
468 469
468 478
469 469
469 470
469 478
469 480
478 477
478 478
478 480
470 470
470 480
480 477
480 480
477 477
483 483
483 484
483 493
483 508
483 512
508 498
508 508
508 509
508 512
484 484
484 485
484 493
484 495
484 512
484 515
493 492
493 493
493 495
512 509
512 512
512 513
512 515
485 485
485 495
485 515
485 517
495 492
495 495
515 513
515 515
515 516
515 517
517 506
517 516
517 517
492 492
498 498
498 499
498 509
499 499
499 500
499 509
499 510
509 509
509 510
509 513
500 500
500 501
500 510
500 511
510 510
510 511
510 513
510 514
501 501
501 502
501 503
501 511
511 503
511 504
511 511
511 514
502 502
502 503
502 602
502 623
503 503
503 504
503 602
503 616
602 602
602 603
602 616
602 623
602 634
623 623
623 624
623 634
504 504
504 505
504 514
504 615
504 616
616 603
616 615
616 616
616 619
505 505
505 506
505 514
505 516
505 614
505 615
514 513
514 514
514 516
615 614
615 615
615 618
615 619
506 506
506 516
506 613
506 614
516 513
516 516
614 613
614 614
614 617
614 618
613 611
613 613
613 617
513 513
519 519
519 520
519 535
519 536
519 554
535 533
535 535
535 536
535 539
520 520
520 521
520 536
520 537
520 554
520 557
536 536
536 537
536 539
536 540
554 554
554 555
554 557
521 521
521 522
521 537
521 538
521 557
521 559
537 537
537 538
537 540
537 541
557 555
557 557
557 558
557 559
522 522
522 523
522 524
522 538
522 549
522 559
538 524
538 525
538 538
538 541
559 548
559 549
559 558
559 559
523 523
523 524
523 549
523 671
523 686
523 707
524 524
524 525
524 671
524 679
549 548
549 549
671 671
671 672
671 679
671 686
671 697
686 686
686 687
686 697
686 707
686 717
707 707
707 708
707 717
525 525
525 526
525 541
525 678
525 679
679 672
679 678
679 679
679 682
526 526
526 527
526 541
526 543
526 677
526 678
541 540
541 541
541 543
678 677
678 678
678 681
678 682
527 527
527 528
527 543
527 544
527 676
527 677
543 540
543 542
543 543
543 544
677 676
677 677
677 680
677 681
528 528
528 529
528 530
528 544
528 644
528 676
544 530
544 531
544 542
544 544
676 644
676 645
676 676
676 680
529 529
529 530
529 644
529 660
530 530
530 531
644 644
644 645
644 660
644 661
660 659
660 660
660 661
531 531
531 532
531 542
532 532
532 533
532 539
532 542
542 539
542 540
542 542
533 533
533 539
539 539
539 540
540 540
546 546
546 547
546 556
547 547
547 548
547 556
547 558
556 555
556 556
556 558
548 548
548 558
558 555
558 558
555 555
561 561
561 562
561 577
561 578
561 596
577 575
577 577
577 578
577 581
562 562
562 563
562 578
562 579
562 596
562 599
578 578
578 579
578 581
578 582
596 596
596 597
596 599
563 563
563 564
563 579
563 580
563 599
563 601
579 579
579 580
579 582
579 583
599 597
599 599
599 600
599 601
564 564
564 565
564 566
564 580
564 591
564 601
580 566
580 567
580 580
580 583
601 590
601 591
601 600
601 601
565 565
565 566
565 591
565 748
565 763
565 784
566 566
566 567
566 748
566 756
591 590
591 591
748 748
748 749
748 756
748 763
748 774
763 763
763 764
763 774
763 784
763 794
784 784
784 785
784 794
567 567
567 568
567 583
567 755
567 756
756 749
756 755
756 756
756 759
568 568
568 569
568 583
568 585
568 754
568 755
583 582
583 583
583 585
755 754
755 755
755 758
755 759
569 569
569 570
569 585
569 586
569 753
569 754
585 582
585 584
585 585
585 586
754 753
754 754
754 757
754 758
570 570
570 571
570 572
570 586
570 727
570 753
586 572
586 573
586 584
586 586
753 727
753 728
753 753
753 757
571 571
571 572
571 711
571 712
571 727
572 572
572 573
727 712
727 727
727 728
727 738
711 710
711 711
711 712
711 720
712 712
712 713
712 720
712 738
573 573
573 574
573 584
574 574
574 575
574 581
574 584
584 581
584 582
584 584
575 575
575 581
581 581
581 582
582 582
588 588
588 589
588 598
589 589
589 590
589 598
589 600
598 597
598 598
598 600
590 590
590 600
600 597
600 600
597 597
603 603
603 604
603 619
603 634
603 638
634 624
634 634
634 635
634 638
604 604
604 605
604 619
604 621
604 638
604 641
619 618
619 619
619 621
638 635
638 638
638 639
638 641
605 605
605 606
605 621
605 622
605 641
605 643
621 618
621 620
621 621
621 622
641 639
641 641
641 642
641 643
606 606
606 607
606 608
606 622
606 633
606 643
622 608
622 609
622 620
622 622
643 632
643 633
643 642
643 643
607 607
607 608
607 633
607 788
607 789
607 804
608 608
608 609
633 632
633 633
633 804
633 830
788 787
788 788
788 789
788 797
789 789
789 790
789 797
789 804
789 815
804 804
804 805
804 815
804 830
609 609
609 610
609 620
610 610
610 611
610 617
610 620
620 617
620 618
620 620
611 611
611 617
617 617
617 618
618 618
624 624
624 625
624 635
625 625
625 626
625 635
625 636
635 635
635 636
635 639
626 626
626 627
626 636
626 637
636 636
636 637
636 639
636 640
627 627
627 628
627 629
627 637
637 629
637 630
637 637
637 640
628 628
628 629
628 825
629 629
629 630
629 825
629 833
825 825
825 826
825 833
630 630
630 631
630 640
630 832
630 833
833 826
833 832
833 833
833 836
631 631
631 632
631 640
631 642
631 831
631 832
640 639
640 640
640 642
832 831
832 832
832 835
832 836
632 632
632 642
632 830
632 831
642 639
642 642
831 830
831 831
831 834
831 835
830 805
830 830
830 834
639 639
645 645
645 646
645 661
645 662
645 680
661 659
661 661
661 662
661 665
646 646
646 647
646 662
646 663
646 680
646 683
662 662
662 663
662 665
662 666
680 680
680 681
680 683
647 647
647 648
647 663
647 664
647 683
647 685
663 663
663 664
663 666
663 667
683 681
683 683
683 684
683 685
648 648
648 649
648 650
648 664
648 675
648 685
664 650
664 651
664 664
664 667
685 674
685 675
685 684
685 685
649 649
649 650
649 675
649 696
649 867
650 650
650 651
650 867
650 875
675 674
675 675
675 696
675 706
696 695
696 696
696 706
867 867
867 868
867 875
651 651
651 652
651 667
651 874
651 875
875 868
875 874
875 875
875 878
652 652
652 653
652 667
652 669
652 873
652 874
667 666
667 667
667 669
874 873
874 874
874 877
874 878
653 653
653 654
653 669
653 670
653 872
653 873
669 666
669 668
669 669
669 670
873 872
873 873
873 876
873 877
654 654
654 655
654 656
654 670
654 840
654 872
670 656
670 657
670 668
670 670
872 840
872 841
872 872
872 876
655 655
655 656
655 840
655 856
656 656
656 657
840 840
840 841
840 856
840 857
856 855
856 856
856 857
657 657
657 658
657 668
658 658
658 659
658 665
658 668
668 665
668 666
668 668
659 659
659 665
665 665
665 666
666 666
672 672
672 673
672 682
672 697
672 701
697 687
697 697
697 698
697 701
673 673
673 674
673 682
673 684
673 701
673 704
682 681
682 682
682 684
701 698
701 701
701 702
701 704
674 674
674 684
674 704
674 706
684 681
684 684
704 702
704 704
704 705
704 706
706 695
706 705
706 706
681 681
687 687
687 688
687 698
687 717
687 721
717 708
717 717
717 718
717 721
688 688
688 689
688 698
688 699
688 721
688 724
698 698
698 699
698 702
721 718
721 721
721 722
721 724
689 689
689 690
689 699
689 700
689 724
689 726
699 699
699 700
699 702
699 703
724 722
724 724
724 725
724 726
690 690
690 691
690 692
690 700
690 716
690 726
700 692
700 693
700 700
700 703
726 715
726 716
726 725
726 726
691 691
691 692
691 716
691 737
691 892
692 692
692 693
716 715
716 716
716 737
716 747
737 736
737 737
737 747
737 892
737 893
892 891
892 892
892 893
693 693
693 694
693 703
694 694
694 695
694 703
694 705
703 702
703 703
703 705
695 695
695 705
705 702
705 705
702 702
708 708
708 709
708 718
709 709
709 710
709 718
709 719
718 718
718 719
718 722
710 710
710 719
710 720
719 719
719 720
719 722
719 723
720 713
720 720
720 723
713 713
713 714
713 723
713 738
713 742
738 728
738 738
738 739
738 742
714 714
714 715
714 723
714 725
714 742
714 745
723 722
723 723
723 725
742 739
742 742
742 743
742 745
715 715
715 725
715 745
715 747
725 722
725 725
745 743
745 745
745 746
745 747
747 736
747 746
747 747
722 722
728 728
728 729
728 739
728 757
729 729
729 730
729 739
729 740
729 757
729 760
739 739
739 740
739 743
757 757
757 758
757 760
730 730
730 731
730 740
730 741
730 760
730 762
740 740
740 741
740 743
740 744
760 758
760 760
760 761
760 762
731 731
731 732
731 733
731 741
731 752
731 762
741 733
741 734
741 741
741 744
762 751
762 752
762 761
762 762
732 732
732 733
732 752
732 773
732 882
732 903
733 733
733 734
733 882
733 896
752 751
752 752
752 773
752 783
773 772
773 773
773 783
882 882
882 883
882 896
882 903
882 914
903 903
903 904
903 914
734 734
734 735
734 744
734 895
734 896
896 883
896 895
896 896
896 899
735 735
735 736
735 744
735 746
735 894
735 895
744 743
744 744
744 746
895 894
895 895
895 898
895 899
736 736
736 746
736 893
736 894
746 743
746 746
894 893
894 894
894 897
894 898
893 891
893 893
893 897
743 743
749 749
749 750
749 759
749 774
749 778
774 764
774 774
774 775
774 778
750 750
750 751
750 759
750 761
750 778
750 781
759 758
759 759
759 761
778 775
778 778
778 779
778 781
751 751
751 761
751 781
751 783
761 758
761 761
781 779
781 781
781 782
781 783
783 772
783 782
783 783
758 758
764 764
764 765
764 775
764 794
764 798
794 785
794 794
794 795
794 798
765 765
765 766
765 775
765 776
765 798
765 801
775 775
775 776
775 779
798 795
798 798
798 799
798 801
766 766
766 767
766 776
766 777
766 801
766 803
776 776
776 777
776 779
776 780
801 799
801 801
801 802
801 803
767 767
767 768
767 769
767 777
767 793
767 803
777 769
777 770
777 777
777 780
803 792
803 793
803 802
803 803
768 768
768 769
768 793
768 814
768 924
768 940
769 769
769 770
793 792
793 793
793 814
793 824
814 813
814 814
814 824
814 924
814 956
924 924
924 925
924 940
924 941
924 956
940 939
940 940
940 941
770 770
770 771
770 780
771 771
771 772
771 780
771 782
780 779
780 780
780 782
772 772
772 782
782 779
782 782
779 779
785 785
785 786
785 795
786 786
786 787
786 795
786 796
795 795
795 796
795 799
787 787
787 796
787 797
796 796
796 797
796 799
796 800
797 790
797 797
797 800
790 790
790 791
790 800
790 815
790 819
815 805
815 815
815 816
815 819
791 791
791 792
791 800
791 802
791 819
791 822
800 799
800 800
800 802
819 816
819 819
819 820
819 822
792 792
792 802
792 822
792 824
802 799
802 802
822 820
822 822
822 823
822 824
824 813
824 823
824 824
799 799
805 805
805 806
805 816
805 834
806 806
806 807
806 816
806 817
806 834
806 837
816 816
816 817
816 820
834 834
834 835
834 837
807 807
807 808
807 817
807 818
807 837
807 839
817 817
817 818
817 820
817 821
837 835
837 837
837 838
837 839
808 808
808 809
808 810
808 818
808 829
808 839
818 810
818 811
818 818
818 821
839 828
839 829
839 838
839 839
809 809
809 810
809 829
809 951
810 810
810 811
810 951
810 959
829 828
829 829
951 951
951 952
951 959
811 811
811 812
811 821
811 958
811 959
959 952
959 958
959 959
959 962
812 812
812 813
812 821
812 823
812 957
812 958
821 820
821 821
821 823
958 957
958 958
958 961
958 962
813 813
813 823
813 956
813 957
823 820
823 823
957 956
957 957
957 960
957 961
956 925
956 956
956 960
820 820
826 826
826 827
826 836
827 827
827 828
827 836
827 838
836 835
836 836
836 838
828 828
828 838
838 835
838 838
835 835
841 841
841 842
841 857
841 858
841 876
857 855
857 857
857 858
857 861
842 842
842 843
842 858
842 859
842 876
842 879
858 858
858 859
858 861
858 862
876 876
876 877
876 879
843 843
843 844
843 859
843 860
843 879
843 881
859 859
859 860
859 862
859 863
879 877
879 879
879 880
879 881
844 844
844 845
844 846
844 860
844 871
844 881
860 846
860 847
860 860
860 863
881 870
881 871
881 880
881 881
845 845
845 846
845 871
845 966
845 987
845 1008
846 846
846 847
846 966
846 980
871 870
871 871
966 966
966 967
966 980
966 987
966 1001
987 987
987 988
987 1001
987 1008
987 1018
1008 1008
1008 1009
1008 1018
847 847
847 848
847 863
847 979
847 980
980 967
980 979
980 980
980 983
848 848
848 849
848 863
848 865
848 978
848 979
863 862
863 863
863 865
979 978
979 979
979 982
979 983
849 849
849 850
849 865
849 866
849 977
849 978
865 862
865 864
865 865
865 866
978 977
978 978
978 981
978 982
850 850
850 851
850 852
850 866
850 976
850 977
866 852
866 853
866 864
866 866
977 975
977 976
977 977
977 981
851 851
851 852
851 976
852 852
852 853
976 975
976 976
853 853
853 854
853 864
854 854
854 855
854 861
854 864
864 861
864 862
864 864
855 855
855 861
861 861
861 862
862 862
868 868
868 869
868 878
869 869
869 870
869 878
869 880
878 877
878 878
878 880
870 870
870 880
880 877
880 880
877 877
883 883
883 884
883 899
883 914
883 918
914 904
914 914
914 915
914 918
884 884
884 885
884 899
884 901
884 918
884 921
899 898
899 899
899 901
918 915
918 918
918 919
918 921
885 885
885 886
885 901
885 902
885 921
885 923
901 898
901 900
901 901
901 902
921 919
921 921
921 922
921 923
886 886
886 887
886 888
886 902
886 913
886 923
902 888
902 889
902 900
902 902
923 912
923 913
923 922
923 923
887 887
887 888
887 913
887 1012
887 1013
887 1028
888 888
888 889
913 912
913 913
913 1028
913 1054
1012 1011
1012 1012
1012 1013
1012 1021
1013 1013
1013 1014
1013 1021
1013 1028
1013 1039
1028 1028
1028 1029
1028 1039
1028 1054
889 889
889 890
889 900
890 890
890 891
890 897
890 900
900 897
900 898
900 900
891 891
891 897
897 897
897 898
898 898
904 904
904 905
904 915
905 905
905 906
905 915
905 916
915 915
915 916
915 919
906 906
906 907
906 916
906 917
916 916
916 917
916 919
916 920
907 907
907 908
907 909
907 917
917 909
917 910
917 917
917 920
908 908
908 909
908 1049
908 1064
908 1085
909 909
909 910
909 1049
909 1057
1049 1049
1049 1050
1049 1057
1049 1064
1049 1075
1064 1064
1064 1065
1064 1075
1064 1085
1064 1095
1085 1085
1085 1086
1085 1095
910 910
910 911
910 920
910 1056
910 1057
1057 1050
1057 1056
1057 1057
1057 1060
911 911
911 912
911 920
911 922
911 1055
911 1056
920 919
920 920
920 922
1056 1055
1056 1056
1056 1059
1056 1060
912 912
912 922
912 1054
912 1055
922 919
922 922
1055 1054
1055 1055
1055 1058
1055 1059
1054 1029
1054 1054
1054 1058
919 919
925 925
925 926
925 941
925 942
925 960
941 939
941 941
941 942
941 945
926 926
926 927
926 942
926 943
926 960
926 963
942 942
942 943
942 945
942 946
960 960
960 961
960 963
927 927
927 928
927 943
927 944
927 963
927 965
943 943
943 944
943 946
943 947
963 961
963 963
963 964
963 965
928 928
928 929
928 930
928 944
928 955
928 965
944 930
944 931
944 944
944 947
965 954
965 955
965 964
965 965
929 929
929 930
929 955
929 1126
930 930
930 931
930 1126
930 1134
955 954
955 955
1126 1126
1126 1127
1126 1134
931 931
931 932
931 947
931 1133
931 1134
1134 1127
1134 1133
1134 1134
1134 1137
932 932
932 933
932 947
932 949
932 1132
932 1133
947 946
947 947
947 949
1133 1132
1133 1133
1133 1136
1133 1137
933 933
933 934
933 949
933 950
933 1131
933 1132
949 946
949 948
949 949
949 950
1132 1131
1132 1132
1132 1135
1132 1136
934 934
934 935
934 936
934 950
934 1105
934 1131
950 936
950 937
950 948
950 950
1131 1105
1131 1106
1131 1131
1131 1135
935 935
935 936
935 1089
935 1090
935 1105
936 936
936 937
1105 1090
1105 1105
1105 1106
1105 1116
1089 1088
1089 1089
1089 1090
1089 1098
1090 1090
1090 1091
1090 1098
1090 1116
937 937
937 938
937 948
938 938
938 939
938 945
938 948
948 945
948 946
948 948
939 939
939 945
945 945
945 946
946 946
952 952
952 953
952 962
953 953
953 954
953 962
953 964
962 961
962 962
962 964
954 954
954 964
964 961
964 964
961 961
967 967
967 968
967 983
967 1000
967 1001
1001 988
1001 1000
1001 1001
1001 1004
968 968
968 969
968 983
968 985
968 999
968 1000
983 982
983 983
983 985
1000 999
1000 1000
1000 1003
1000 1004
969 969
969 970
969 985
969 986
969 998
969 999
985 982
985 984
985 985
985 986
999 998
999 999
999 1002
999 1003
970 970
970 971
970 972
970 986
970 997
970 998
986 972
986 973
986 984
986 986
998 996
998 997
998 998
998 1002
971 971
971 972
971 997
972 972
972 973
997 996
997 997
973 973
973 974
973 984
974 974
974 975
974 981
974 984
984 981
984 982
984 984
975 975
975 981
981 981
981 982
982 982
988 988
988 989
988 1004
988 1018
988 1022
1018 1009
1018 1018
1018 1019
1018 1022
989 989
989 990
989 1004
989 1006
989 1022
989 1025
1004 1003
1004 1004
1004 1006
1022 1019
1022 1022
1022 1023
1022 1025
990 990
990 991
990 1006
990 1007
990 1025
990 1027
1006 1003
1006 1005
1006 1006
1006 1007
1025 1023
1025 1025
1025 1026
1025 1027
991 991
991 992
991 993
991 1007
991 1017
991 1027
1007 993
1007 994
1007 1005
1007 1007
1027 1016
1027 1017
1027 1026
1027 1027
992 992
992 993
992 1017
992 1038
993 993
993 994
1017 1016
1017 1017
1017 1038
1017 1048
1038 1037
1038 1038
1038 1048
994 994
994 995
994 1005
995 995
995 996
995 1002
995 1005
1005 1002
1005 1003
1005 1005
996 996
996 1002
1002 1002
1002 1003
1003 1003
1009 1009
1009 1010
1009 1019
1010 1010
1010 1011
1010 1019
1010 1020
1019 1019
1019 1020
1019 1023
1011 1011
1011 1020
1011 1021
1020 1020
1020 1021
1020 1023
1020 1024
1021 1014
1021 1021
1021 1024
1014 1014
1014 1015
1014 1024
1014 1039
1014 1043
1039 1029
1039 1039
1039 1040
1039 1043
1015 1015
1015 1016
1015 1024
1015 1026
1015 1043
1015 1046
1024 1023
1024 1024
1024 1026
1043 1040
1043 1043
1043 1044
1043 1046
1016 1016
1016 1026
1016 1046
1016 1048
1026 1023
1026 1026
1046 1044
1046 1046
1046 1047
1046 1048
1048 1037
1048 1047
1048 1048
1023 1023
1029 1029
1029 1030
1029 1040
1029 1058
1030 1030
1030 1031
1030 1040
1030 1041
1030 1058
1030 1061
1040 1040
1040 1041
1040 1044
1058 1058
1058 1059
1058 1061
1031 1031
1031 1032
1031 1041
1031 1042
1031 1061
1031 1063
1041 1041
1041 1042
1041 1044
1041 1045
1061 1059
1061 1061
1061 1062
1061 1063
1032 1032
1032 1033
1032 1034
1032 1042
1032 1053
1032 1063
1042 1034
1042 1035
1042 1042
1042 1045
1063 1052
1063 1053
1063 1062
1063 1063
1033 1033
1033 1034
1033 1053
1033 1074
1034 1034
1034 1035
1053 1052
1053 1053
1053 1074
1053 1084
1074 1073
1074 1074
1074 1084
1035 1035
1035 1036
1035 1045
1036 1036
1036 1037
1036 1045
1036 1047
1045 1044
1045 1045
1045 1047
1037 1037
1037 1047
1047 1044
1047 1047
1044 1044
1050 1050
1050 1051
1050 1060
1050 1075
1050 1079
1075 1065
1075 1075
1075 1076
1075 1079
1051 1051
1051 1052
1051 1060
1051 1062
1051 1079
1051 1082
1060 1059
1060 1060
1060 1062
1079 1076
1079 1079
1079 1080
1079 1082
1052 1052
1052 1062
1052 1082
1052 1084
1062 1059
1062 1062
1082 1080
1082 1082
1082 1083
1082 1084
1084 1073
1084 1083
1084 1084
1059 1059
1065 1065
1065 1066
1065 1076
1065 1095
1065 1099
1095 1086
1095 1095
1095 1096
1095 1099
1066 1066
1066 1067
1066 1076
1066 1077
1066 1099
1066 1102
1076 1076
1076 1077
1076 1080
1099 1096
1099 1099
1099 1100
1099 1102
1067 1067
1067 1068
1067 1077
1067 1078
1067 1102
1067 1104
1077 1077
1077 1078
1077 1080
1077 1081
1102 1100
1102 1102
1102 1103
1102 1104
1068 1068
1068 1069
1068 1070
1068 1078
1068 1094
1068 1104
1078 1070
1078 1071
1078 1078
1078 1081
1104 1093
1104 1094
1104 1103
1104 1104
1069 1069
1069 1070
1069 1094
1069 1115
1070 1070
1070 1071
1094 1093
1094 1094
1094 1115
1094 1125
1115 1114
1115 1115
1115 1125
1071 1071
1071 1072
1071 1081
1072 1072
1072 1073
1072 1081
1072 1083
1081 1080
1081 1081
1081 1083
1073 1073
1073 1083
1083 1080
1083 1083
1080 1080
1086 1086
1086 1087
1086 1096
1087 1087
1087 1088
1087 1096
1087 1097
1096 1096
1096 1097
1096 1100
1088 1088
1088 1097
1088 1098
1097 1097
1097 1098
1097 1100
1097 1101
1098 1091
1098 1098
1098 1101
1091 1091
1091 1092
1091 1101
1091 1116
1091 1120
1116 1106
1116 1116
1116 1117
1116 1120
1092 1092
1092 1093
1092 1101
1092 1103
1092 1120
1092 1123
1101 1100
1101 1101
1101 1103
1120 1117
1120 1120
1120 1121
1120 1123
1093 1093
1093 1103
1093 1123
1093 1125
1103 1100
1103 1103
1123 1121
1123 1123
1123 1124
1123 1125
1125 1114
1125 1124
1125 1125
1100 1100
1106 1106
1106 1107
1106 1117
1106 1135
1107 1107
1107 1108
1107 1117
1107 1118
1107 1135
1107 1138
1117 1117
1117 1118
1117 1121
1135 1135
1135 1136
1135 1138
1108 1108
1108 1109
1108 1118
1108 1119
1108 1138
1108 1140
1118 1118
1118 1119
1118 1121
1118 1122
1138 1136
1138 1138
1138 1139
1138 1140
1109 1109
1109 1110
1109 1111
1109 1119
1109 1130
1109 1140
1119 1111
1119 1112
1119 1119
1119 1122
1140 1129
1140 1130
1140 1139
1140 1140
1110 1110
1110 1111
1110 1130
1111 1111
1111 1112
1130 1129
1130 1130
1112 1112
1112 1113
1112 1122
1113 1113
1113 1114
1113 1122
1113 1124
1122 1121
1122 1122
1122 1124
1114 1114
1114 1124
1124 1121
1124 1124
1121 1121
1127 1127
1127 1128
1127 1137
1128 1128
1128 1129
1128 1137
1128 1139
1137 1136
1137 1137
1137 1139
1129 1129
1129 1139
1139 1136
1139 1139
1136 1136
