1009 3937
0 0
0 1
0 23
0 868
0 869
0 897
0 931
1 1
1 2
1 23
1 24
1 931
1 960
23 22
23 23
23 24
23 897
23 993
868 867
868 868
868 869
868 896
868 931
868 952
869 869
869 870
869 896
869 897
869 924
897 897
897 898
897 924
897 993
931 930
931 931
931 952
931 960
2 2
2 3
2 24
2 25
2 960
2 966
24 22
24 24
24 25
24 30
960 930
960 960
960 961
960 966
3 3
3 4
3 25
3 26
3 966
3 971
25 25
25 26
25 30
25 31
966 961
966 966
966 967
966 971
4 4
4 5
4 26
4 27
4 971
4 975
26 26
26 27
26 31
26 32
971 967
971 971
971 972
971 975
5 5
5 6
5 27
5 28
5 975
5 978
27 27
27 28
27 32
27 33
975 972
975 975
975 976
975 978
6 6
6 7
6 28
6 29
6 978
6 980
28 28
28 29
28 33
28 34
978 976
978 978
978 979
978 980
7 7
7 8
7 9
7 29
7 959
7 980
29 9
29 10
29 29
29 34
980 958
980 959
980 979
980 980
8 8
8 9
8 959
9 9
9 10
959 958
959 959
10 10
10 11
10 34
11 11
11 12
11 34
11 38
34 33
34 34
34 38
12 12
12 13
12 38
12 41
38 33
38 37
38 38
38 41
13 13
13 14
13 41
13 43
41 37
41 40
41 41
41 43
14 14
14 15
14 43
14 44
43 40
43 42
43 43
43 44
15 15
15 16
15 17
15 44
44 17
44 18
44 42
44 44
16 16
16 17
16 981
17 17
17 18
17 981
17 1008
981 981
981 982
981 1008
18 18
18 19
18 42
18 1007
18 1008
1008 982
1008 1006
1008 1007
1008 1008
19 19
19 20
19 39
19 42
19 1005
19 1007
42 39
42 40
42 42
1007 1004
1007 1005
1007 1006
1007 1007
20 20
20 21
20 35
20 39
20 1002
20 1005
39 35
39 36
39 39
39 40
1005 1001
1005 1002
1005 1004
1005 1005
21 21
21 22
21 30
21 35
21 998
21 1002
35 30
35 31
35 35
35 36
1002 997
1002 998
1002 1001
1002 1002
22 22
22 30
22 993
22 998
30 30
30 31
998 992
998 993
998 997
998 998
993 898
993 992
993 993
31 31
31 32
31 36
32 32
32 33
32 36
32 37
33 33
33 37
36 36
36 37
36 40
37 37
37 40
40 40
45 45
45 46
45 68
45 548
46 46
46 47
46 68
46 69
68 67
68 68
68 69
68 548
68 549
548 547
548 548
548 549
47 47
47 48
47 69
47 70
69 67
69 69
69 70
69 75
48 48
48 49
48 70
48 71
70 70
70 71
70 75
70 76
49 49
49 50
49 71
49 72
71 71
71 72
71 76
71 77
50 50
50 51
50 72
50 73
72 72
72 73
72 77
72 78
51 51
51 52
51 73
51 74
73 73
73 74
73 78
73 79
52 52
52 53
52 54
52 74
74 54
74 55
74 74
74 79
53 53
53 54
53 90
53 126
53 162
54 54
54 55
54 90
54 105
90 90
90 91
90 105
90 126
90 141
126 126
126 127
126 141
126 162
126 177
162 162
162 163
162 177
55 55
55 56
55 79
55 105
55 111
105 91
105 105
105 106
105 111
56 56
56 57
56 79
56 83
56 111
56 116
79 78
79 79
79 83
111 106
111 111
111 112
111 116
57 57
57 58
57 83
57 86
57 116
57 120
83 78
83 82
83 83
83 86
116 112
116 116
116 117
116 120
58 58
58 59
58 86
58 88
58 120
58 123
86 82
86 85
86 86
86 88
120 117
120 120
120 121
120 123
59 59
59 60
59 88
59 89
59 123
59 125
88 85
88 87
88 88
88 89
123 121
123 123
123 124
123 125
60 60
60 61
60 62
60 89
60 104
60 125
89 62
89 63
89 87
89 89
125 103
125 104
125 124
125 125
61 61
61 62
61 104
61 476
61 512
61 534
62 62
62 63
62 534
62 554
104 103
104 104
104 476
104 477
476 475
476 476
476 477
476 512
476 513
512 511
512 512
512 513
512 534
512 577
534 534
534 535
534 554
534 577
63 63
63 64
63 87
63 553
63 554
554 535
554 553
554 554
554 559
64 64
64 65
64 84
64 87
64 552
64 553
87 84
87 85
87 87
553 552
553 553
553 558
553 559
65 65
65 66
65 80
65 84
65 551
65 552
84 80
84 81
84 84
84 85
552 551
552 552
552 557
552 558
66 66
66 67
66 75
66 80
66 550
66 551
80 75
80 76
80 80
80 81
551 550
551 551
551 556
551 557
67 67
67 75
67 549
67 550
75 75
75 76
550 549
550 550
550 555
550 556
549 547
549 549
549 555
76 76
76 77
76 81
77 77
77 78
77 81
77 82
78 78
78 82
81 81
81 82
81 85
82 82
82 85
85 85
91 91
91 92
91 106
91 141
91 147
141 127
141 141
141 142
141 147
92 92
92 93
92 106
92 107
92 147
92 152
106 106
106 107
106 112
147 142
147 147
147 148
147 152
93 93
93 94
93 107
93 108
93 152
93 156
107 107
107 108
107 112
107 113
152 148
152 152
152 153
152 156
94 94
94 95
94 108
94 109
94 156
94 159
108 108
108 109
108 113
108 114
156 153
156 156
156 157
156 159
95 95
95 96
95 109
95 110
95 159
95 161
109 109
109 110
109 114
109 115
159 157
159 159
159 160
159 161
96 96
96 97
96 98
96 110
96 140
96 161
110 98
110 99
110 110
110 115
161 139
161 140
161 160
161 161
97 97
97 98
97 140
97 312
97 412
97 448
98 98
98 99
98 448
98 482
140 139
140 140
140 312
140 333
312 311
312 312
312 333
312 412
312 413
412 411
412 412
412 413
412 448
412 449
448 447
448 448
448 449
448 482
99 99
99 100
99 115
99 481
99 482
482 447
482 481
482 482
482 487
100 100
100 101
100 115
100 119
100 480
100 481
115 114
115 115
115 119
481 480
481 481
481 486
481 487
101 101
101 102
101 119
101 122
101 479
101 480
119 114
119 118
119 119
119 122
480 479
480 480
480 485
480 486
102 102
102 103
102 122
102 124
102 478
102 479
122 118
122 121
122 122
122 124
479 478
479 479
479 484
479 485
103 103
103 124
103 477
103 478
124 121
124 124
478 477
478 478
478 483
478 484
477 475
477 477
477 483
112 112
112 113
112 117
113 113
113 114
113 117
113 118
114 114
114 118
117 117
117 118
117 121
118 118
118 121
121 121
127 127
127 128
127 142
127 177
127 183
177 163
177 177
177 178
177 183
128 128
128 129
128 142
128 143
128 183
128 188
142 142
142 143
142 148
183 178
183 183
183 184
183 188
129 129
129 130
129 143
129 144
129 188
129 192
143 143
143 144
143 148
143 149
188 184
188 188
188 189
188 192
130 130
130 131
130 144
130 145
130 192
130 195
144 144
144 145
144 149
144 150
192 189
192 192
192 193
192 195
131 131
131 132
131 145
131 146
131 195
131 197
145 145
145 146
145 150
145 151
195 193
195 195
195 196
195 197
132 132
132 133
132 134
132 146
132 176
132 197
146 134
146 135
146 146
146 151
197 175
197 176
197 196
197 197
133 133
133 134
133 176
133 212
133 248
133 284
134 134
134 135
134 284
134 313
176 175
176 176
176 212
176 233
212 211
212 212
212 233
212 248
212 249
248 247
248 248
248 249
248 284
248 285
284 283
284 284
284 285
284 313
135 135
135 136
135 151
135 313
135 319
313 283
313 313
313 314
313 319
136 136
136 137
136 151
136 155
136 319
136 324
151 150
151 151
151 155
319 314
319 319
319 320
319 324
137 137
137 138
137 155
137 158
137 324
137 328
155 150
155 154
155 155
155 158
324 320
324 324
324 325
324 328
138 138
138 139
138 158
138 160
138 328
138 331
158 154
158 157
158 158
158 160
328 325
328 328
328 329
328 331
139 139
139 160
139 331
139 333
160 157
160 160
331 329
331 331
331 332
331 333
333 311
333 332
333 333
148 148
148 149
148 153
149 149
149 150
149 153
149 154
150 150
150 154
153 153
153 154
153 157
154 154
154 157
157 157
163 163
163 164
163 178
164 164
164 165
164 178
164 179
178 178
178 179
178 184
165 165
165 166
165 179
165 180
179 179
179 180
179 184
179 185
166 166
166 167
166 180
166 181
180 180
180 181
180 185
180 186
167 167
167 168
167 181
167 182
181 181
181 182
181 186
181 187
168 168
168 169
168 170
168 182
182 170
182 171
182 182
182 187
169 169
169 170
169 198
170 170
170 171
170 198
170 213
198 198
198 199
198 213
171 171
171 172
171 187
171 213
171 219
213 199
213 213
213 214
213 219
172 172
172 173
172 187
172 191
172 219
172 224
187 186
187 187
187 191
219 214
219 219
219 220
219 224
173 173
173 174
173 191
173 194
173 224
173 228
191 186
191 190
191 191
191 194
224 220
224 224
224 225
224 228
174 174
174 175
174 194
174 196
174 228
174 231
194 190
194 193
194 194
194 196
228 225
228 228
228 229
228 231
175 175
175 196
175 231
175 233
196 193
196 196
231 229
231 231
231 232
231 233
233 211
233 232
233 233
184 184
184 185
184 189
185 185
185 186
185 189
185 190
186 186
186 190
189 189
189 190
189 193
190 190
190 193
193 193
199 199
199 200
199 214
200 200
200 201
200 214
200 215
214 214
214 215
214 220
201 201
201 202
201 215
201 216
215 215
215 216
215 220
215 221
202 202
202 203
202 216
202 217
216 216
216 217
216 221
216 222
203 203
203 204
203 217
203 218
217 217
217 218
217 222
217 223
204 204
204 205
204 206
204 218
218 206
218 207
218 218
218 223
205 205
205 206
205 234
206 206
206 207
206 234
206 254
234 234
234 235
234 254
207 207
207 208
207 223
207 253
207 254
254 235
254 253
254 254
254 259
208 208
208 209
208 223
208 227
208 252
208 253
223 222
223 223
223 227
253 252
253 253
253 258
253 259
209 209
209 210
209 227
209 230
209 251
209 252
227 222
227 226
227 227
227 230
252 251
252 252
252 257
252 258
210 210
210 211
210 230
210 232
210 250
210 251
230 226
230 229
230 230
230 232
251 250
251 251
251 256
251 257
211 211
211 232
211 249
211 250
232 229
232 232
250 249
250 250
250 255
250 256
249 247
249 249
249 255
220 220
220 221
220 225
221 221
221 222
221 225
221 226
222 222
222 226
225 225
225 226
225 229
226 226
226 229
229 229
235 235
235 236
235 259
236 236
236 237
236 259
236 263
259 258
259 259
259 263
237 237
237 238
237 263
237 266
263 258
263 262
263 263
263 266
238 238
238 239
238 266
238 268
266 262
266 265
266 266
266 268
239 239
239 240
239 268
239 269
268 265
268 267
268 268
268 269
240 240
240 241
240 242
240 269
269 242
269 243
269 267
269 269
241 241
241 242
241 270
241 334
242 242
242 243
242 270
242 290
270 270
270 271
270 290
270 334
270 354
334 334
334 335
334 354
243 243
243 244
243 267
243 289
243 290
290 271
290 289
290 290
290 295
244 244
244 245
244 264
244 267
244 288
244 289
267 264
267 265
267 267
289 288
289 289
289 294
289 295
245 245
245 246
245 260
245 264
245 287
245 288
264 260
264 261
264 264
264 265
288 287
288 288
288 293
288 294
246 246
246 247
246 255
246 260
246 286
246 287
260 255
260 256
260 260
260 261
287 286
287 287
287 292
287 293
247 247
247 255
247 285
247 286
255 255
255 256
286 285
286 286
286 291
286 292
285 283
285 285
285 291
256 256
256 257
256 261
257 257
257 258
257 261
257 262
258 258
258 262
261 261
261 262
261 265
262 262
262 265
265 265
271 271
271 272
271 295
271 353
271 354
354 335
354 353
354 354
354 359
272 272
272 273
272 295
272 299
272 352
272 353
295 294
295 295
295 299
353 352
353 353
353 358
353 359
273 273
273 274
273 299
273 302
273 351
273 352
299 294
299 298
299 299
299 302
352 351
352 352
352 357
352 358
274 274
274 275
274 302
274 304
274 350
274 351
302 298
302 301
302 302
302 304
351 350
351 351
351 356
351 357
275 275
275 276
275 304
275 305
275 349
275 350
304 301
304 303
304 304
304 305
350 349
350 350
350 355
350 356
276 276
276 277
276 278
276 305
276 348
276 349
305 278
305 279
305 303
305 305
349 347
349 348
349 349
349 355
277 277
277 278
277 306
277 348
277 384
278 278
278 279
278 306
278 318
348 347
348 348
348 384
348 385
306 306
306 307
306 318
306 384
306 418
384 383
384 384
384 385
384 418
279 279
279 280
279 303
279 317
279 318
318 307
318 317
318 318
318 323
280 280
280 281
280 300
280 303
280 316
280 317
303 300
303 301
303 303
317 316
317 317
317 322
317 323
281 281
281 282
281 296
281 300
281 315
281 316
300 296
300 297
300 300
300 301
316 315
316 316
316 321
316 322
282 282
282 283
282 291
282 296
282 314
282 315
296 291
296 292
296 296
296 297
315 314
315 315
315 320
315 321
283 283
283 291
283 314
291 291
291 292
314 314
314 320
292 292
292 293
292 297
293 293
293 294
293 297
293 298
294 294
294 298
297 297
297 298
297 301
298 298
298 301
301 301
307 307
307 308
307 323
307 417
307 418
418 383
418 417
418 418
418 423
308 308
308 309
308 323
308 327
308 416
308 417
323 322
323 323
323 327
417 416
417 417
417 422
417 423
309 309
309 310
309 327
309 330
309 415
309 416
327 322
327 326
327 327
327 330
416 415
416 416
416 421
416 422
310 310
310 311
310 330
310 332
310 414
310 415
330 326
330 329
330 330
330 332
415 414
415 415
415 420
415 421
311 311
311 332
311 413
311 414
332 329
332 332
414 413
414 414
414 419
414 420
413 411
413 413
413 419
320 320
320 321
320 325
321 321
321 322
321 325
321 326
322 322
322 326
325 325
325 326
325 329
326 326
326 329
329 329
335 335
335 336
335 359
336 336
336 337
336 359
336 363
359 358
359 359
359 363
337 337
337 338
337 363
337 366
363 358
363 362
363 363
363 366
338 338
338 339
338 366
338 368
366 362
366 365
366 366
366 368
339 339
339 340
339 368
339 369
368 365
368 367
368 368
368 369
340 340
340 341
340 342
340 369
369 342
369 343
369 367
369 369
341 341
341 342
341 370
341 698
342 342
342 343
342 370
342 390
370 370
370 371
370 390
370 698
370 710
698 698
698 699
698 710
343 343
343 344
343 367
343 389
343 390
390 371
390 389
390 390
390 395
344 344
344 345
344 364
344 367
344 388
344 389
367 364
367 365
367 367
389 388
389 389
389 394
389 395
345 345
345 346
345 360
345 364
345 387
345 388
364 360
364 361
364 364
364 365
388 387
388 388
388 393
388 394
346 346
346 347
346 355
346 360
346 386
346 387
360 355
360 356
360 360
360 361
387 386
387 387
387 392
387 393
347 347
347 355
347 385
347 386
355 355
355 356
386 385
386 386
386 391
386 392
385 383
385 385
385 391
356 356
356 357
356 361
357 357
357 358
357 361
357 362
358 358
358 362
361 361
361 362
361 365
362 362
362 365
365 365
371 371
371 372
371 395
371 709
371 710
710 699
710 709
710 710
710 715
372 372
372 373
372 395
372 399
372 708
372 709
395 394
395 395
395 399
709 708
709 709
709 714
709 715
373 373
373 374
373 399
373 402
373 707
373 708
399 394
399 398
399 399
399 402
708 707
708 708
708 713
708 714
374 374
374 375
374 402
374 404
374 706
374 707
402 398
402 401
402 402
402 404
707 706
707 707
707 712
707 713
375 375
375 376
375 404
375 405
375 705
375 706
404 401
404 403
404 404
404 405
706 705
706 706
706 711
706 712
376 376
376 377
376 378
376 405
376 662
376 705
405 378
405 379
405 403
405 405
705 662
705 663
705 705
705 711
377 377
377 378
377 406
377 434
377 634
377 662
378 378
378 379
378 406
378 433
662 634
662 662
662 663
662 677
406 406
406 407
406 433
406 434
406 454
434 434
434 435
434 454
434 634
434 646
634 634
634 635
634 646
634 677
379 379
379 380
379 403
379 432
379 433
433 407
433 431
433 432
433 433
380 380
380 381
380 400
380 403
380 430
380 432
403 400
403 401
403 403
432 429
432 430
432 431
432 432
381 381
381 382
381 396
381 400
381 427
381 430
400 396
400 397
400 400
400 401
430 426
430 427
430 429
430 430
382 382
382 383
382 391
382 396
382 423
382 427
396 391
396 392
396 396
396 397
427 422
427 423
427 426
427 427
383 383
383 391
383 423
391 391
391 392
423 422
423 423
392 392
392 393
392 397
393 393
393 394
393 397
393 398
394 394
394 398
397 397
397 398
397 401
398 398
398 401
401 401
407 407
407 408
407 431
407 453
407 454
454 435
454 453
454 454
454 459
408 408
408 409
408 428
408 431
408 452
408 453
431 428
431 429
431 431
453 452
453 453
453 458
453 459
409 409
409 410
409 424
409 428
409 451
409 452
428 424
428 425
428 428
428 429
452 451
452 452
452 457
452 458
410 410
410 411
410 419
410 424
410 450
410 451
424 419
424 420
424 424
424 425
451 450
451 451
451 456
451 457
411 411
411 419
411 449
411 450
419 419
419 420
450 449
450 450
450 455
450 456
449 447
449 449
449 455
420 420
420 421
420 425
421 421
421 422
421 425
421 426
422 422
422 426
425 425
425 426
425 429
426 426
426 429
429 429
435 435
435 436
435 459
435 645
435 646
646 635
646 645
646 646
646 651
436 436
436 437
436 459
436 463
436 644
436 645
459 458
459 459
459 463
645 644
645 645
645 650
645 651
437 437
437 438
437 463
437 466
437 643
437 644
463 458
463 462
463 463
463 466
644 643
644 644
644 649
644 650
438 438
438 439
438 466
438 468
438 642
438 643
466 462
466 465
466 466
466 468
643 642
643 643
643 648
643 649
439 439
439 440
439 468
439 469
439 641
439 642
468 465
468 467
468 468
468 469
642 641
642 642
642 647
642 648
440 440
440 441
440 442
440 469
440 598
440 641
469 442
469 443
469 467
469 469
641 598
641 599
641 641
641 647
441 441
441 442
441 470
441 498
441 598
442 442
442 443
442 470
442 497
598 498
598 598
598 599
598 613
470 470
470 471
470 497
470 498
470 518
498 498
498 499
498 518
498 613
443 443
443 444
443 467
443 496
443 497
497 471
497 495
497 496
497 497
444 444
444 445
444 464
444 467
444 494
444 496
467 464
467 465
467 467
496 493
496 494
496 495
496 496
445 445
445 446
445 460
445 464
445 491
445 494
464 460
464 461
464 464
464 465
494 490
494 491
494 493
494 494
446 446
446 447
446 455
446 460
446 487
446 491
460 455
460 456
460 460
460 461
491 486
491 487
491 490
491 491
447 447
447 455
447 487
455 455
455 456
487 486
487 487
456 456
456 457
456 461
457 457
457 458
457 461
457 462
458 458
458 462
461 461
461 462
461 465
462 462
462 465
465 465
471 471
471 472
471 495
471 517
471 518
518 499
518 517
518 518
518 523
472 472
472 473
472 492
472 495
472 516
472 517
495 492
495 493
495 495
517 516
517 517
517 522
517 523
473 473
473 474
473 488
473 492
473 515
473 516
492 488
492 489
492 492
492 493
516 515
516 516
516 521
516 522
474 474
474 475
474 483
474 488
474 514
474 515
488 483
488 484
488 488
488 489
515 514
515 515
515 520
515 521
475 475
475 483
475 513
475 514
483 483
483 484
514 513
514 514
514 519
514 520
513 511
513 513
513 519
484 484
484 485
484 489
485 485
485 486
485 489
485 490
486 486
486 490
489 489
489 490
489 493
490 490
490 493
493 493
499 499
499 500
499 523
499 613
499 619
613 599
613 613
613 614
613 619
500 500
500 501
500 523
500 527
500 619
500 624
523 522
523 523
523 527
619 614
619 619
619 620
619 624
501 501
501 502
501 527
501 530
501 624
501 628
527 522
527 526
527 527
527 530
624 620
624 624
624 625
624 628
502 502
502 503
502 530
502 532
502 628
502 631
530 526
530 529
530 530
530 532
628 625
628 628
628 629
628 631
503 503
503 504
503 532
503 533
503 631
503 633
532 529
532 531
532 532
532 533
631 629
631 631
631 632
631 633
504 504
504 505
504 506
504 533
504 612
504 633
533 506
533 507
533 531
533 533
633 611
633 612
633 632
633 633
505 505
505 506
505 570
505 612
505 804
505 875
506 506
506 507
506 570
506 582
612 611
612 612
612 804
612 805
570 570
570 571
570 582
570 875
570 909
804 803
804 804
804 805
804 875
804 876
875 874
875 875
875 876
875 909
507 507
507 508
507 531
507 581
507 582
582 571
582 581
582 582
582 587
508 508
508 509
508 528
508 531
508 580
508 581
531 528
531 529
531 531
581 580
581 581
581 586
581 587
509 509
509 510
509 524
509 528
509 579
509 580
528 524
528 525
528 528
528 529
580 579
580 580
580 585
580 586
510 510
510 511
510 519
510 524
510 578
510 579
524 519
524 520
524 524
524 525
579 578
579 579
579 584
579 585
511 511
511 519
511 577
511 578
519 519
519 520
578 577
578 578
578 583
578 584
577 535
577 577
577 583
520 520
520 521
520 525
521 521
521 522
521 525
521 526
522 522
522 526
525 525
525 526
525 529
526 526
526 529
529 529
535 535
535 536
535 559
535 583
536 536
536 537
536 559
536 563
536 583
536 588
559 558
559 559
559 563
583 583
583 584
583 588
537 537
537 538
537 563
537 566
537 588
537 592
563 558
563 562
563 563
563 566
588 584
588 588
588 589
588 592
538 538
538 539
538 566
538 568
538 592
538 595
566 562
566 565
566 566
566 568
592 589
592 592
592 593
592 595
539 539
539 540
539 568
539 569
539 595
539 597
568 565
568 567
568 568
568 569
595 593
595 595
595 596
595 597
540 540
540 541
540 542
540 569
540 576
540 597
569 542
569 543
569 567
569 569
597 575
597 576
597 596
597 597
541 541
541 542
541 576
541 903
541 987
542 542
542 543
576 575
576 576
576 903
576 904
903 902
903 903
903 904
903 987
903 988
987 986
987 987
987 988
543 543
543 544
543 567
544 544
544 545
544 564
544 567
567 564
567 565
567 567
545 545
545 546
545 560
545 564
564 560
564 561
564 564
564 565
546 546
546 547
546 555
546 560
560 555
560 556
560 560
560 561
547 547
547 555
555 555
555 556
556 556
556 557
556 561
557 557
557 558
557 561
557 562
558 558
558 562
561 561
561 562
561 565
562 562
562 565
565 565
571 571
571 572
571 587
571 908
571 909
909 874
909 908
909 909
909 914
572 572
572 573
572 587
572 591
572 907
572 908
587 586
587 587
587 591
908 907
908 908
908 913
908 914
573 573
573 574
573 591
573 594
573 906
573 907
591 586
591 590
591 591
591 594
907 906
907 907
907 912
907 913
574 574
574 575
574 594
574 596
574 905
574 906
594 590
594 593
594 594
594 596
906 905
906 906
906 911
906 912
575 575
575 596
575 904
575 905
596 593
596 596
905 904
905 905
905 910
905 911
904 902
904 904
904 910
584 584
584 585
584 589
585 585
585 586
585 589
585 590
586 586
586 590
589 589
589 590
589 593
590 590
590 593
593 593
599 599
599 600
599 614
599 647
600 600
600 601
600 614
600 615
600 647
600 652
614 614
614 615
614 620
647 647
647 648
647 652
601 601
601 602
601 615
601 616
601 652
601 656
615 615
615 616
615 620
615 621
652 648
652 652
652 653
652 656
602 602
602 603
602 616
602 617
602 656
602 659
616 616
616 617
616 621
616 622
656 653
656 656
656 657
656 659
603 603
603 604
603 617
603 618
603 659
603 661
617 617
617 618
617 622
617 623
659 657
659 659
659 660
659 661
604 604
604 605
604 606
604 618
604 640
604 661
618 606
618 607
618 618
618 623
661 639
661 640
661 660
661 661
605 605
605 606
605 640
605 676
605 740
605 776
606 606
606 607
606 776
606 810
640 639
640 640
640 676
640 697
676 675
676 676
676 697
676 740
676 741
740 739
740 740
740 741
740 776
740 777
776 775
776 776
776 777
776 810
607 607
607 608
607 623
607 809
607 810
810 775
810 809
810 810
810 815
608 608
608 609
608 623
608 627
608 808
608 809
623 622
623 623
623 627
809 808
809 809
809 814
809 815
609 609
609 610
609 627
609 630
609 807
609 808
627 622
627 626
627 627
627 630
808 807
808 808
808 813
808 814
610 610
610 611
610 630
610 632
610 806
610 807
630 626
630 629
630 630
630 632
807 806
807 807
807 812
807 813
611 611
611 632
611 805
611 806
632 629
632 632
806 805
806 806
806 811
806 812
805 803
805 805
805 811
620 620
620 621
620 625
621 621
621 622
621 625
621 626
622 622
622 626
625 625
625 626
625 629
626 626
626 629
629 629
635 635
635 636
635 651
635 677
635 683
677 663
677 677
677 678
677 683
636 636
636 637
636 651
636 655
636 683
636 688
651 650
651 651
651 655
683 678
683 683
683 684
683 688
637 637
637 638
637 655
637 658
637 688
637 692
655 650
655 654
655 655
655 658
688 684
688 688
688 689
688 692
638 638
638 639
638 658
638 660
638 692
638 695
658 654
658 657
658 658
658 660
692 689
692 692
692 693
692 695
639 639
639 660
639 695
639 697
660 657
660 660
695 693
695 695
695 696
695 697
697 675
697 696
697 697
648 648
648 649
648 653
649 649
649 650
649 653
649 654
650 650
650 654
653 653
653 654
653 657
654 654
654 657
657 657
663 663
663 664
663 678
663 711
664 664
664 665
664 678
664 679
664 711
664 716
678 678
678 679
678 684
711 711
711 712
711 716
665 665
665 666
665 679
665 680
665 716
665 720
679 679
679 680
679 684
679 685
716 712
716 716
716 717
716 720
666 666
666 667
666 680
666 681
666 720
666 723
680 680
680 681
680 685
680 686
720 717
720 720
720 721
720 723
667 667
667 668
667 681
667 682
667 723
667 725
681 681
681 682
681 686
681 687
723 721
723 723
723 724
723 725
668 668
668 669
668 670
668 682
668 704
668 725
682 670
682 671
682 682
682 687
725 703
725 704
725 724
725 725
669 669
669 670
669 704
669 726
670 670
670 671
670 726
670 746
704 703
704 704
726 726
726 727
726 746
671 671
671 672
671 687
671 745
671 746
746 727
746 745
746 746
746 751
672 672
672 673
672 687
672 691
672 744
672 745
687 686
687 687
687 691
745 744
745 745
745 750
745 751
673 673
673 674
673 691
673 694
673 743
673 744
691 686
691 690
691 691
691 694
744 743
744 744
744 749
744 750
674 674
674 675
674 694
674 696
674 742
674 743
694 690
694 693
694 694
694 696
743 742
743 743
743 748
743 749
675 675
675 696
675 741
675 742
696 693
696 696
742 741
742 742
742 747
742 748
741 739
741 741
741 747
684 684
684 685
684 689
685 685
685 686
685 689
685 690
686 686
686 690
689 689
689 690
689 693
690 690
690 693
693 693
699 699
699 700
699 715
700 700
700 701
700 715
700 719
715 714
715 715
715 719
701 701
701 702
701 719
701 722
719 714
719 718
719 719
719 722
702 702
702 703
702 722
702 724
722 718
722 721
722 722
722 724
703 703
703 724
724 721
724 724
712 712
712 713
712 717
713 713
713 714
713 717
713 718
714 714
714 718
717 717
717 718
717 721
718 718
718 721
721 721
727 727
727 728
727 751
728 728
728 729
728 751
728 755
751 750
751 751
751 755
729 729
729 730
729 755
729 758
755 750
755 754
755 755
755 758
730 730
730 731
730 758
730 760
758 754
758 757
758 758
758 760
731 731
731 732
731 760
731 761
760 757
760 759
760 760
760 761
732 732
732 733
732 734
732 761
761 734
761 735
761 759
761 761
733 733
733 734
733 762
733 826
734 734
734 735
734 762
734 782
762 762
762 763
762 782
762 826
762 846
826 826
826 827
826 846
735 735
735 736
735 759
735 781
735 782
782 763
782 781
782 782
782 787
736 736
736 737
736 756
736 759
736 780
736 781
759 756
759 757
759 759
781 780
781 781
781 786
781 787
737 737
737 738
737 752
737 756
737 779
737 780
756 752
756 753
756 756
756 757
780 779
780 780
780 785
780 786
738 738
738 739
738 747
738 752
738 778
738 779
752 747
752 748
752 752
752 753
779 778
779 779
779 784
779 785
739 739
739 747
739 777
739 778
747 747
747 748
778 777
778 778
778 783
778 784
777 775
777 777
777 783
748 748
748 749
748 753
749 749
749 750
749 753
749 754
750 750
750 754
753 753
753 754
753 757
754 754
754 757
757 757
763 763
763 764
763 787
763 845
763 846
846 827
846 845
846 846
846 851
764 764
764 765
764 787
764 791
764 844
764 845
787 786
787 787
787 791
845 844
845 845
845 850
845 851
765 765
765 766
765 791
765 794
765 843
765 844
791 786
791 790
791 791
791 794
844 843
844 844
844 849
844 850
766 766
766 767
766 794
766 796
766 842
766 843
794 790
794 793
794 794
794 796
843 842
843 843
843 848
843 849
767 767
767 768
767 796
767 797
767 841
767 842
796 793
796 795
796 796
796 797
842 841
842 842
842 847
842 848
768 768
768 769
768 770
768 797
768 840
768 841
797 770
797 771
797 795
797 797
841 839
841 840
841 841
841 847
769 769
769 770
769 798
769 840
769 862
770 770
770 771
770 798
770 825
840 839
840 840
840 862
840 932
798 798
798 799
798 825
798 862
798 881
862 862
862 863
862 881
862 932
771 771
771 772
771 795
771 824
771 825
825 799
825 823
825 824
825 825
772 772
772 773
772 792
772 795
772 822
772 824
795 792
795 793
795 795
824 821
824 822
824 823
824 824
773 773
773 774
773 788
773 792
773 819
773 822
792 788
792 789
792 792
792 793
822 818
822 819
822 821
822 822
774 774
774 775
774 783
774 788
774 815
774 819
788 783
788 784
788 788
788 789
819 814
819 815
819 818
819 819
775 775
775 783
775 815
783 783
783 784
815 814
815 815
784 784
784 785
784 789
785 785
785 786
785 789
785 790
786 786
786 790
789 789
789 790
789 793
790 790
790 793
793 793
799 799
799 800
799 823
799 880
799 881
881 863
881 880
881 881
881 886
800 800
800 801
800 820
800 823
800 879
800 880
823 820
823 821
823 823
880 879
880 880
880 885
880 886
801 801
801 802
801 816
801 820
801 878
801 879
820 816
820 817
820 820
820 821
879 878
879 879
879 884
879 885
802 802
802 803
802 811
802 816
802 877
802 878
816 811
816 812
816 816
816 817
878 877
878 878
878 883
878 884
803 803
803 811
803 876
803 877
811 811
811 812
877 876
877 877
877 882
877 883
876 874
876 876
876 882
812 812
812 813
812 817
813 813
813 814
813 817
813 818
814 814
814 818
817 817
817 818
817 821
818 818
818 821
821 821
827 827
827 828
827 851
828 828
828 829
828 851
828 855
851 850
851 851
851 855
829 829
829 830
829 855
829 858
855 850
855 854
855 855
855 858
830 830
830 831
830 858
830 860
858 854
858 857
858 858
858 860
831 831
831 832
831 860
831 861
860 857
860 859
860 860
860 861
832 832
832 833
832 834
832 861
861 834
861 835
861 859
861 861
833 833
833 834
833 925
833 953
834 834
834 835
834 925
834 937
925 925
925 926
925 937
925 953
925 965
953 953
953 954
953 965
835 835
835 836
835 859
835 936
835 937
937 926
937 936
937 937
937 942
836 836
836 837
836 856
836 859
836 935
836 936
859 856
859 857
859 859
936 935
936 936
936 941
936 942
837 837
837 838
837 852
837 856
837 934
837 935
856 852
856 853
856 856
856 857
935 934
935 935
935 940
935 941
838 838
838 839
838 847
838 852
838 933
838 934
852 847
852 848
852 852
852 853
934 933
934 934
934 939
934 940
839 839
839 847
839 932
839 933
847 847
847 848
933 932
933 933
933 938
933 939
932 863
932 932
932 938
848 848
848 849
848 853
849 849
849 850
849 853
849 854
850 850
850 854
853 853
853 854
853 857
854 854
854 857
857 857
863 863
863 864
863 886
863 938
864 864
864 865
864 886
864 890
864 938
864 943
886 885
886 886
886 890
938 938
938 939
938 943
865 865
865 866
865 890
865 893
865 943
865 947
890 885
890 889
890 890
890 893
943 939
943 943
943 944
943 947
866 866
866 867
866 893
866 895
866 947
866 950
893 889
893 892
893 893
893 895
947 944
947 947
947 948
947 950
867 867
867 895
867 896
867 950
867 952
895 892
895 894
895 895
895 896
950 948
950 950
950 951
950 952
896 870
896 894
896 896
952 930
952 951
952 952
870 870
870 871
870 894
870 923
870 924
924 898
924 922
924 923
924 924
871 871
871 872
871 891
871 894
871 921
871 923
894 891
894 892
894 894
923 920
923 921
923 922
923 923
872 872
872 873
872 887
872 891
872 918
872 921
891 887
891 888
891 891
891 892
921 917
921 918
921 920
921 921
873 873
873 874
873 882
873 887
873 914
873 918
887 882
887 883
887 887
887 888
918 913
918 914
918 917
918 918
874 874
874 882
874 914
882 882
882 883
914 913
914 914
883 883
883 884
883 888
884 884
884 885
884 888
884 889
885 885
885 889
888 888
888 889
888 892
889 889
889 892
892 892
898 898
898 899
898 922
898 992
899 899
899 900
899 919
899 922
899 991
899 992
922 919
922 920
922 922
992 991
992 992
992 997
900 900
900 901
900 915
900 919
900 990
900 991
919 915
919 916
919 919
919 920
991 990
991 991
991 996
991 997
901 901
901 902
901 910
901 915
901 989
901 990
915 910
915 911
915 915
915 916
990 989
990 990
990 995
990 996
902 902
902 910
902 988
902 989
910 910
910 911
989 988
989 989
989 994
989 995
988 986
988 988
988 994
911 911
911 912
911 916
912 912
912 913
912 916
912 917
913 913
913 917
916 916
916 917
916 920
917 917
917 920
920 920
926 926
926 927
926 942
926 964
926 965
965 954
965 964
965 965
965 970
927 927
927 928
927 942
927 946
927 963
927 964
942 941
942 942
942 946
964 963
964 964
964 969
964 970
928 928
928 929
928 946
928 949
928 962
928 963
946 941
946 945
946 946
946 949
963 962
963 963
963 968
963 969
929 929
929 930
929 949
929 951
929 961
929 962
949 945
949 948
949 949
949 951
962 961
962 962
962 967
962 968
930 930
930 951
930 961
951 948
951 951
961 961
961 967
939 939
939 940
939 944
940 940
940 941
940 944
940 945
941 941
941 945
944 944
944 945
944 948
945 945
945 948
948 948
954 954
954 955
954 970
955 955
955 956
955 970
955 974
970 969
970 970
970 974
956 956
956 957
956 974
956 977
974 969
974 973
974 974
974 977
957 957
957 958
957 977
957 979
977 973
977 976
977 977
977 979
958 958
958 979
979 976
979 979
967 967
967 968
967 972
968 968
968 969
968 972
968 973
969 969
969 973
972 972
972 973
972 976
973 973
973 976
976 976
982 982
982 983
982 1006
983 983
983 984
983 1003
983 1006
1006 1003
1006 1004
1006 1006
984 984
984 985
984 999
984 1003
1003 999
1003 1000
1003 1003
1003 1004
985 985
985 986
985 994
985 999
999 994
999 995
999 999
999 1000
986 986
986 994
994 994
994 995
995 995
995 996
995 1000
996 996
996 997
996 1000
996 1001
997 997
997 1001
1000 1000
1000 1001
1000 1004
1001 1001
1001 1004
1004 1004
