265 1009
0 0
0 1
0 11
0 234
0 235
0 241
0 249
1 1
1 2
1 11
1 12
1 249
1 256
11 10
11 11
11 12
11 241
11 263
234 233
234 234
234 235
234 240
234 249
234 252
235 235
235 236
235 240
235 241
235 246
241 241
241 242
241 246
241 263
249 248
249 249
249 252
249 256
2 2
2 3
2 12
2 13
2 256
2 258
12 10
12 12
12 13
12 14
256 248
256 256
256 257
256 258
3 3
3 4
3 5
3 13
3 255
3 258
13 5
13 6
13 13
13 14
258 254
258 255
258 257
258 258
4 4
4 5
4 255
5 5
5 6
255 254
255 255
6 6
6 7
6 14
7 7
7 8
7 9
7 14
14 9
14 10
14 14
8 8
8 9
8 259
9 9
9 10
9 259
9 264
259 259
259 260
259 264
10 10
10 263
10 264
264 260
264 262
264 263
264 264
263 242
263 262
263 263
15 15
15 16
15 26
15 154
16 16
16 17
16 26
16 27
26 25
26 26
26 27
26 154
26 155
154 153
154 154
154 155
17 17
17 18
17 27
17 28
27 25
27 27
27 28
27 29
18 18
18 19
18 20
18 28
28 20
28 21
28 28
28 29
19 19
19 20
19 30
19 40
19 50
20 20
20 21
20 30
20 37
30 30
30 31
30 37
30 40
30 47
40 40
40 41
40 47
40 50
40 57
50 50
50 51
50 57
21 21
21 22
21 29
21 37
21 39
37 31
37 37
37 38
37 39
22 22
22 23
22 24
22 29
22 36
22 39
29 24
29 25
29 29
39 35
39 36
39 38
39 39
23 23
23 24
23 36
23 134
23 144
23 148
24 24
24 25
24 148
24 156
36 35
36 36
36 134
36 135
134 133
134 134
134 135
134 144
134 145
144 143
144 144
144 145
144 148
144 161
148 148
148 149
148 156
148 161
25 25
25 155
25 156
156 149
156 155
156 156
156 157
155 153
155 155
155 157
31 31
31 32
31 38
31 47
31 49
47 41
47 47
47 48
47 49
32 32
32 33
32 34
32 38
32 46
32 49
38 34
38 35
38 38
49 45
49 46
49 48
49 49
33 33
33 34
33 46
33 92
33 118
33 128
34 34
34 35
34 128
34 136
46 45
46 46
46 92
46 95
92 91
92 92
92 95
92 118
92 119
118 117
118 118
118 119
118 128
118 129
128 127
128 128
128 129
128 136
35 35
35 135
35 136
136 127
136 135
136 136
136 137
135 133
135 135
135 137
41 41
41 42
41 48
41 57
41 59
57 51
57 57
57 58
57 59
42 42
42 43
42 44
42 48
42 56
42 59
48 44
48 45
48 48
59 55
59 56
59 58
59 59
43 43
43 44
43 56
43 66
43 76
43 86
44 44
44 45
44 86
44 93
56 55
56 56
56 66
56 69
66 65
66 66
66 69
66 76
66 77
76 75
76 76
76 77
76 86
76 87
86 85
86 86
86 87
86 93
45 45
45 93
45 95
93 85
93 93
93 94
93 95
95 91
95 94
95 95
51 51
51 52
51 58
52 52
52 53
52 54
52 58
58 54
58 55
58 58
53 53
53 54
53 60
54 54
54 55
54 60
54 67
60 60
60 61
60 67
55 55
55 67
55 69
67 61
67 67
67 68
67 69
69 65
69 68
69 69
61 61
61 62
61 68
62 62
62 63
62 64
62 68
68 64
68 65
68 68
63 63
63 64
63 70
64 64
64 65
64 70
64 78
70 70
70 71
70 78
65 65
65 77
65 78
78 71
78 77
78 78
78 79
77 75
77 77
77 79
71 71
71 72
71 79
72 72
72 73
72 74
72 79
79 74
79 75
79 79
73 73
73 74
73 80
73 96
74 74
74 75
74 80
74 88
80 80
80 81
80 88
80 96
80 104
96 96
96 97
96 104
75 75
75 87
75 88
88 81
88 87
88 88
88 89
87 85
87 87
87 89
81 81
81 82
81 89
81 103
81 104
104 97
104 103
104 104
104 105
82 82
82 83
82 84
82 89
82 102
82 103
89 84
89 85
89 89
103 101
103 102
103 103
103 105
83 83
83 84
83 90
83 102
83 112
84 84
84 85
84 90
84 94
102 101
102 102
102 112
102 113
90 90
90 91
90 94
90 112
90 120
112 111
112 112
112 113
112 120
85 85
85 94
94 91
94 94
91 91
91 119
91 120
120 111
120 119
120 120
120 121
119 117
119 119
119 121
97 97
97 98
97 105
98 98
98 99
98 100
98 105
105 100
105 101
105 105
99 99
99 100
99 106
99 190
100 100
100 101
100 106
100 114
106 106
106 107
106 114
106 190
106 194
190 190
190 191
190 194
101 101
101 113
101 114
114 107
114 113
114 114
114 115
113 111
113 113
113 115
107 107
107 108
107 115
107 193
107 194
194 191
194 193
194 194
194 195
108 108
108 109
108 110
108 115
108 180
108 193
115 110
115 111
115 115
193 180
193 181
193 193
193 195
109 109
109 110
109 116
109 122
109 174
109 180
110 110
110 111
110 116
110 121
180 174
180 180
180 181
180 187
116 116
116 117
116 121
116 122
116 130
122 122
122 123
122 130
122 174
122 178
174 174
174 175
174 178
174 187
111 111
111 121
121 117
121 121
117 117
117 129
117 130
130 123
130 129
130 130
130 131
129 127
129 129
129 131
123 123
123 124
123 131
123 177
123 178
178 175
178 177
178 178
178 179
124 124
124 125
124 126
124 131
124 164
124 177
131 126
131 127
131 131
177 164
177 165
177 177
177 179
125 125
125 126
125 132
125 138
125 164
126 126
126 127
126 132
126 137
164 138
164 164
164 165
164 171
132 132
132 133
132 137
132 138
132 146
138 138
138 139
138 146
138 171
127 127
127 137
137 133
137 137
133 133
133 145
133 146
146 139
146 145
146 146
146 147
145 143
145 145
145 147
139 139
139 140
139 147
139 171
139 173
171 165
171 171
171 172
171 173
140 140
140 141
140 142
140 147
140 170
140 173
147 142
147 143
147 147
173 169
173 170
173 172
173 173
141 141
141 142
141 158
141 170
141 218
141 237
142 142
142 143
142 158
142 162
170 169
170 170
170 218
170 219
158 158
158 159
158 162
158 237
158 245
218 217
218 218
218 219
218 237
218 238
237 236
237 237
237 238
237 245
143 143
143 161
143 162
162 159
162 161
162 162
162 163
161 149
161 161
161 163
149 149
149 150
149 157
149 163
150 150
150 151
150 152
150 157
150 160
150 163
157 152
157 153
157 157
163 159
163 160
163 163
151 151
151 152
151 160
151 243
151 261
152 152
152 153
160 159
160 160
160 243
160 244
243 242
243 243
243 244
243 261
243 262
261 260
261 261
261 262
153 153
159 159
159 244
159 245
245 236
245 244
245 245
245 246
244 242
244 244
244 246
165 165
165 166
165 172
165 179
166 166
166 167
166 168
166 172
166 176
166 179
172 168
172 169
172 172
179 175
179 176
179 179
167 167
167 168
167 176
167 186
167 202
167 212
168 168
168 169
168 212
168 220
176 175
176 176
176 186
176 189
186 185
186 186
186 189
186 202
186 203
202 201
202 202
202 203
202 212
202 213
212 211
212 212
212 213
212 220
169 169
169 219
169 220
220 211
220 219
220 220
220 221
219 217
219 219
219 221
175 175
175 187
175 189
187 181
187 187
187 188
187 189
189 185
189 188
189 189
181 181
181 182
181 188
181 195
182 182
182 183
182 184
182 188
182 192
182 195
188 184
188 185
188 188
195 191
195 192
195 195
183 183
183 184
183 192
183 196
184 184
184 185
184 196
184 204
192 191
192 192
196 196
196 197
196 204
185 185
185 203
185 204
204 197
204 203
204 204
204 205
203 201
203 203
203 205
191 191
197 197
197 198
197 205
198 198
198 199
198 200
198 205
205 200
205 201
205 205
199 199
199 200
199 206
199 222
200 200
200 201
200 206
200 214
206 206
206 207
206 214
206 222
206 230
222 222
222 223
222 230
201 201
201 213
201 214
214 207
214 213
214 214
214 215
213 211
213 213
213 215
207 207
207 208
207 215
207 229
207 230
230 223
230 229
230 230
230 231
208 208
208 209
208 210
208 215
208 228
208 229
215 210
215 211
215 215
229 227
229 228
229 229
229 231
209 209
209 210
209 216
209 228
209 232
210 210
210 211
210 216
210 221
228 227
228 228
228 232
228 250
216 216
216 217
216 221
216 232
216 239
232 232
232 233
232 239
232 250
211 211
211 221
221 217
221 221
217 217
217 238
217 239
239 233
239 238
239 239
239 240
238 236
238 238
238 240
223 223
223 224
223 231
224 224
224 225
224 226
224 231
231 226
231 227
231 231
225 225
225 226
225 247
225 253
226 226
226 227
226 247
226 251
247 247
247 248
247 251
247 253
247 257
253 253
253 254
253 257
227 227
227 250
227 251
251 248
251 250
251 251
251 252
250 233
250 250
250 252
233 233
233 240
233 252
240 236
240 240
252 248
252 252
236 236
236 246
246 242
246 246
242 242
242 262
262 260
262 262
248 248
248 257
257 254
257 257
254 254
260 260
