261 944
0 0
0 9
0 10
0 20
0 21
9 1
9 4
9 5
9 6
9 7
9 12
10 1
10 2
10 3
10 4
10 5
10 6
10 7
20 1
20 15
20 16
20 17
20 18
20 22
20 23
21 1
21 13
21 14
21 15
21 16
21 17
21 18
1 1
2 2
2 8
2 47
2 49
8 3
8 4
8 5
8 6
8 7
8 11
47 3
47 37
47 38
47 39
47 40
47 41
47 42
47 43
47 44
47 45
47 46
49 3
49 35
49 36
49 37
49 38
49 39
49 40
49 41
49 42
49 43
49 44
49 45
49 46
3 3
4 4
4 29
4 30
4 31
29 5
29 17
29 18
29 45
29 46
29 58
29 59
30 5
30 17
30 18
30 45
30 46
30 58
30 59
31 5
31 17
31 18
31 45
31 46
31 58
31 59
5 5
6 6
6 24
6 25
6 26
24 7
24 28
24 43
24 44
25 7
25 43
25 44
26 7
26 27
26 43
26 44
7 7
11 11
13 13
13 19
13 62
13 64
19 14
19 15
19 16
19 17
19 18
19 22
19 23
62 14
62 52
62 53
62 54
62 55
62 56
62 57
62 58
62 59
62 60
62 61
64 14
64 35
64 36
64 50
64 51
64 52
64 53
64 54
64 55
64 56
64 57
64 58
64 59
64 60
64 61
14 14
15 15
15 32
15 33
15 34
32 16
32 60
32 61
32 69
32 70
33 16
33 60
33 61
33 69
33 70
34 16
34 60
34 61
34 69
34 70
16 16
17 17
18 18
22 22
43 43
43 48
44 44
44 48
45 45
45 48
46 46
46 48
58 58
58 63
59 59
59 63
60 60
60 63
61 61
61 63
69 69
69 71
69 72
69 73
70 70
70 73
70 71
70 72
35 35
35 48
35 63
48 36
48 39
48 40
48 41
48 42
63 36
63 50
63 51
63 54
63 55
63 56
63 57
36 36
37 37
37 99
37 101
99 38
99 89
99 90
99 91
99 92
99 93
99 94
99 95
99 96
99 97
99 98
101 38
101 87
101 88
101 89
101 90
101 91
101 92
101 93
101 94
101 95
101 96
101 97
101 98
38 38
39 39
39 81
39 82
39 83
81 40
81 56
81 57
81 97
81 98
81 110
81 111
82 40
82 56
82 57
82 97
82 98
82 110
82 111
83 40
83 56
83 57
83 97
83 98
83 110
83 111
40 40
41 41
41 76
41 77
41 78
76 42
76 80
76 95
76 96
77 42
77 95
77 96
78 42
78 79
78 95
78 96
42 42
50 50
50 72
50 73
72 51
72 67
72 68
72 74
72 75
73 51
73 65
73 66
73 67
73 68
51 51
52 52
52 114
52 116
114 53
114 104
114 105
114 106
114 107
114 108
114 109
114 110
114 111
114 112
114 113
116 53
116 87
116 88
116 102
116 103
116 104
116 105
116 106
116 107
116 108
116 109
116 110
116 111
116 112
116 113
53 53
54 54
54 84
54 85
54 86
84 55
84 67
84 68
84 112
84 113
84 121
84 122
85 55
85 67
85 68
85 112
85 113
85 121
85 122
86 55
86 67
86 68
86 112
86 113
86 121
86 122
55 55
56 56
57 57
65 65
65 71
65 123
65 125
71 66
71 67
71 68
71 74
71 75
123 66
123 117
123 118
123 119
123 120
123 121
123 122
123 127
125 66
125 102
125 103
125 117
125 118
125 119
125 120
125 121
125 122
66 66
67 67
68 68
74 74
95 95
95 100
96 96
96 100
97 97
97 100
98 98
98 100
110 110
110 115
111 111
111 115
112 112
112 115
113 113
113 115
121 121
121 124
122 122
122 124
87 87
87 100
87 115
100 88
100 91
100 92
100 93
100 94
115 88
115 102
115 103
115 106
115 107
115 108
115 109
88 88
89 89
89 151
89 153
151 90
151 141
151 142
151 143
151 144
151 145
151 146
151 147
151 148
151 149
151 150
153 90
153 139
153 140
153 141
153 142
153 143
153 144
153 145
153 146
153 147
153 148
153 149
153 150
90 90
91 91
91 133
91 134
91 135
133 92
133 108
133 109
133 149
133 150
133 162
133 163
134 92
134 108
134 109
134 149
134 150
134 162
134 163
135 92
135 108
135 109
135 149
135 150
135 162
135 163
92 92
93 93
93 128
93 129
93 130
128 94
128 132
128 147
128 148
129 94
129 147
129 148
130 94
130 131
130 147
130 148
94 94
102 102
102 124
124 103
124 119
124 120
124 126
103 103
104 104
104 166
104 168
166 105
166 156
166 157
166 158
166 159
166 160
166 161
166 162
166 163
166 164
166 165
168 105
168 139
168 140
168 154
168 155
168 156
168 157
168 158
168 159
168 160
168 161
168 162
168 163
168 164
168 165
105 105
106 106
106 136
106 137
106 138
136 107
136 119
136 120
136 164
136 165
136 173
136 174
137 107
137 119
137 120
137 164
137 165
137 173
137 174
138 107
138 119
138 120
138 164
138 165
138 173
138 174
107 107
108 108
109 109
117 117
117 175
117 177
175 118
175 169
175 170
175 171
175 172
175 173
175 174
175 179
177 118
177 154
177 155
177 169
177 170
177 171
177 172
177 173
177 174
118 118
119 119
120 120
126 126
147 147
147 152
148 148
148 152
149 149
149 152
150 150
150 152
162 162
162 167
163 163
163 167
164 164
164 167
165 165
165 167
173 173
173 176
174 174
174 176
139 139
139 152
139 167
152 140
152 143
152 144
152 145
152 146
167 140
167 154
167 155
167 158
167 159
167 160
167 161
140 140
141 141
141 203
141 205
203 142
203 193
203 194
203 195
203 196
203 197
203 198
203 199
203 200
203 201
203 202
205 142
205 191
205 192
205 193
205 194
205 195
205 196
205 197
205 198
205 199
205 200
205 201
205 202
142 142
143 143
143 185
143 186
143 187
185 144
185 160
185 161
185 201
185 202
185 214
185 215
186 144
186 160
186 161
186 201
186 202
186 214
186 215
187 144
187 160
187 161
187 201
187 202
187 214
187 215
144 144
145 145
145 180
145 181
145 182
180 146
180 184
180 199
180 200
181 146
181 199
181 200
182 146
182 183
182 199
182 200
146 146
154 154
154 176
176 155
176 171
176 172
176 178
155 155
156 156
156 218
156 220
218 157
218 208
218 209
218 210
218 211
218 212
218 213
218 214
218 215
218 216
218 217
220 157
220 191
220 192
220 206
220 207
220 208
220 209
220 210
220 211
220 212
220 213
220 214
220 215
220 216
220 217
157 157
158 158
158 188
158 189
158 190
188 159
188 171
188 172
188 216
188 217
188 223
188 224
189 159
189 171
189 172
189 216
189 217
189 223
189 224
190 159
190 171
190 172
190 216
190 217
190 223
190 224
159 159
160 160
161 161
169 169
169 225
169 227
225 170
225 221
225 222
225 223
225 224
225 228
225 229
227 170
227 206
227 207
227 221
227 222
227 223
227 224
170 170
171 171
172 172
178 178
199 199
199 204
200 200
200 204
201 201
201 204
202 202
202 204
214 214
214 219
215 215
215 219
216 216
216 219
217 217
217 219
223 223
223 226
224 224
224 226
191 191
191 204
191 219
204 192
204 195
204 196
204 197
204 198
219 192
219 206
219 207
219 210
219 211
219 212
219 213
192 192
193 193
193 247
193 249
247 194
247 243
247 244
247 245
247 246
247 250
249 194
249 241
249 242
249 243
249 244
249 245
249 246
194 194
195 195
195 235
195 236
195 237
235 196
235 212
235 213
235 245
235 246
235 252
235 253
236 196
236 212
236 213
236 245
236 246
236 252
236 253
237 196
237 212
237 213
237 245
237 246
237 252
237 253
196 196
197 197
197 230
197 231
197 232
230 198
230 234
230 243
230 244
231 198
231 243
231 244
232 198
232 233
232 243
232 244
198 198
206 206
206 226
226 207
226 221
226 222
226 228
226 229
207 207
208 208
208 256
208 258
256 209
256 252
256 253
256 254
256 255
256 259
256 260
258 209
258 241
258 242
258 252
258 253
258 254
258 255
209 209
210 210
210 238
210 239
210 240
238 211
238 221
238 222
238 254
238 255
239 211
239 221
239 222
239 254
239 255
240 211
240 221
240 222
240 254
240 255
211 211
212 212
213 213
221 221
222 222
228 228
243 243
243 248
244 244
244 248
245 245
245 248
246 246
246 248
252 252
252 257
253 253
253 257
254 254
254 257
255 255
255 257
241 241
241 248
241 257
248 242
248 251
257 242
257 259
257 260
242 242
250 250
259 259
