666 2558
0 0
0 9
0 10
0 22
0 23
9 1
9 4
9 5
9 6
9 7
9 12
10 1
10 2
10 3
10 4
10 5
10 6
10 7
22 1
22 17
22 18
22 19
22 20
22 25
23 1
23 15
23 16
23 17
23 18
23 19
23 20
1 1
2 2
2 8
2 49
2 51
8 3
8 4
8 5
8 6
8 7
8 11
49 3
49 39
49 40
49 41
49 42
49 43
49 44
49 45
49 46
49 47
49 48
51 3
51 37
51 38
51 39
51 40
51 41
51 42
51 43
51 44
51 45
51 46
51 47
51 48
3 3
4 4
4 31
4 32
4 33
31 5
31 19
31 20
31 47
31 48
31 60
31 61
32 5
32 19
32 20
32 47
32 48
32 60
32 61
33 5
33 19
33 20
33 47
33 48
33 60
33 61
5 5
6 6
6 26
6 27
6 28
26 7
26 30
26 45
26 46
27 7
27 45
27 46
28 7
28 29
28 45
28 46
7 7
11 11
11 13
12 12
12 13
13 14
13 24
13 25
24 21
24 24
25 25
15 15
15 21
15 64
15 66
21 16
21 17
21 18
21 19
21 20
64 16
64 54
64 55
64 56
64 57
64 58
64 59
64 60
64 61
64 62
64 63
66 16
66 37
66 38
66 52
66 53
66 54
66 55
66 56
66 57
66 58
66 59
66 60
66 61
66 62
66 63
16 16
17 17
17 34
17 35
17 36
34 18
34 62
34 63
34 73
34 74
35 18
35 62
35 63
35 73
35 74
36 18
36 62
36 63
36 73
36 74
18 18
19 19
20 20
45 45
45 50
46 46
46 50
47 47
47 50
48 48
48 50
60 60
60 65
61 61
61 65
62 62
62 65
63 63
63 65
73 73
73 75
73 76
73 77
74 74
74 77
74 75
74 76
37 37
37 50
37 65
50 38
50 41
50 42
50 43
50 44
65 38
65 52
65 53
65 56
65 57
65 58
65 59
38 38
39 39
39 107
39 109
107 40
107 97
107 98
107 99
107 100
107 101
107 102
107 103
107 104
107 105
107 106
109 40
109 95
109 96
109 97
109 98
109 99
109 100
109 101
109 102
109 103
109 104
109 105
109 106
40 40
41 41
41 86
41 87
41 88
86 42
86 58
86 59
86 105
86 106
86 118
86 119
87 42
87 58
87 59
87 105
87 106
87 118
87 119
88 42
88 58
88 59
88 105
88 106
88 118
88 119
42 42
43 43
43 81
43 82
43 83
81 44
81 85
81 103
81 104
82 44
82 103
82 104
83 44
83 84
83 103
83 104
44 44
52 52
52 76
52 77
76 53
76 69
76 70
76 71
76 72
76 78
76 79
77 53
77 67
77 68
77 69
77 70
77 71
77 72
53 53
54 54
54 122
54 124
122 55
122 112
122 113
122 114
122 115
122 116
122 117
122 118
122 119
122 120
122 121
124 55
124 95
124 96
124 110
124 111
124 112
124 113
124 114
124 115
124 116
124 117
124 118
124 119
124 120
124 121
55 55
56 56
56 89
56 90
56 91
89 57
89 71
89 72
89 120
89 121
89 133
89 134
90 57
90 71
90 72
90 120
90 121
90 133
90 134
91 57
91 71
91 72
91 120
91 121
91 133
91 134
57 57
58 58
59 59
67 67
67 75
67 137
67 139
75 68
75 69
75 70
75 71
75 72
75 78
75 79
137 68
137 127
137 128
137 129
137 130
137 131
137 132
137 133
137 134
137 135
137 136
139 68
139 110
139 111
139 125
139 126
139 127
139 128
139 129
139 130
139 131
139 132
139 133
139 134
139 135
139 136
68 68
69 69
69 92
69 93
69 94
92 70
92 135
92 136
92 146
92 147
93 70
93 135
93 136
93 146
93 147
94 70
94 135
94 136
94 146
94 147
70 70
71 71
72 72
78 78
78 80
79 79
79 80
80 151
80 152
151 148
151 149
151 151
152 148
152 149
152 152
103 103
103 108
104 104
104 108
105 105
105 108
106 106
106 108
118 118
118 123
119 119
119 123
120 120
120 123
121 121
121 123
133 133
133 138
134 134
134 138
135 135
135 138
136 136
136 138
146 146
146 148
146 149
146 150
147 147
147 150
147 148
147 149
95 95
95 108
95 123
108 96
108 99
108 100
108 101
108 102
123 96
123 110
123 111
123 114
123 115
123 116
123 117
96 96
97 97
97 182
97 184
182 98
182 172
182 173
182 174
182 175
182 176
182 177
182 178
182 179
182 180
182 181
184 98
184 170
184 171
184 172
184 173
184 174
184 175
184 176
184 177
184 178
184 179
184 180
184 181
98 98
99 99
99 158
99 159
99 160
158 100
158 116
158 117
158 180
158 181
158 193
158 194
159 100
159 116
159 117
159 180
159 181
159 193
159 194
160 100
160 116
160 117
160 180
160 181
160 193
160 194
100 100
101 101
101 153
101 154
101 155
153 102
153 157
153 178
153 179
154 102
154 178
154 179
155 102
155 156
155 178
155 179
102 102
110 110
110 138
138 111
138 125
138 126
138 129
138 130
138 131
138 132
111 111
112 112
112 197
112 199
197 113
197 187
197 188
197 189
197 190
197 191
197 192
197 193
197 194
197 195
197 196
199 113
199 170
199 171
199 185
199 186
199 187
199 188
199 189
199 190
199 191
199 192
199 193
199 194
199 195
199 196
113 113
114 114
114 161
114 162
114 163
161 115
161 131
161 132
161 195
161 196
161 208
161 209
162 115
162 131
162 132
162 195
162 196
162 208
162 209
163 115
163 131
163 132
163 195
163 196
163 208
163 209
115 115
116 116
117 117
125 125
125 149
125 150
149 126
149 142
149 143
149 144
149 145
150 126
150 140
150 141
150 142
150 143
150 144
150 145
126 126
127 127
127 212
127 214
212 128
212 202
212 203
212 204
212 205
212 206
212 207
212 208
212 209
212 210
212 211
214 128
214 185
214 186
214 200
214 201
214 202
214 203
214 204
214 205
214 206
214 207
214 208
214 209
214 210
214 211
128 128
129 129
129 164
129 165
129 166
164 130
164 144
164 145
164 210
164 211
164 223
164 224
165 130
165 144
165 145
165 210
165 211
165 223
165 224
166 130
166 144
166 145
166 210
166 211
166 223
166 224
130 130
131 131
132 132
140 140
140 148
140 227
140 229
148 141
148 142
148 143
148 144
148 145
227 141
227 217
227 218
227 219
227 220
227 221
227 222
227 223
227 224
227 225
227 226
229 141
229 200
229 201
229 215
229 216
229 217
229 218
229 219
229 220
229 221
229 222
229 223
229 224
229 225
229 226
141 141
142 142
142 167
142 168
142 169
167 143
167 225
167 226
167 234
167 235
168 143
168 225
168 226
168 234
168 235
169 143
169 225
169 226
169 234
169 235
143 143
144 144
145 145
178 178
178 183
179 179
179 183
180 180
180 183
181 181
181 183
193 193
193 198
194 194
194 198
195 195
195 198
196 196
196 198
208 208
208 213
209 209
209 213
210 210
210 213
211 211
211 213
223 223
223 228
224 224
224 228
225 225
225 228
226 226
226 228
234 234
234 236
234 237
234 238
235 235
235 238
235 236
235 237
170 170
170 183
170 198
183 171
183 174
183 175
183 176
183 177
198 171
198 185
198 186
198 189
198 190
198 191
198 192
171 171
172 172
172 271
172 273
271 173
271 261
271 262
271 263
271 264
271 265
271 266
271 267
271 268
271 269
271 270
273 173
273 259
273 260
273 261
273 262
273 263
273 264
273 265
273 266
273 267
273 268
273 269
273 270
173 173
174 174
174 247
174 248
174 249
247 175
247 191
247 192
247 269
247 270
247 282
247 283
248 175
248 191
248 192
248 269
248 270
248 282
248 283
249 175
249 191
249 192
249 269
249 270
249 282
249 283
175 175
176 176
176 242
176 243
176 244
242 177
242 246
242 267
242 268
243 177
243 267
243 268
244 177
244 245
244 267
244 268
177 177
185 185
185 213
213 186
213 200
213 201
213 204
213 205
213 206
213 207
186 186
187 187
187 286
187 288
286 188
286 276
286 277
286 278
286 279
286 280
286 281
286 282
286 283
286 284
286 285
288 188
288 259
288 260
288 274
288 275
288 276
288 277
288 278
288 279
288 280
288 281
288 282
288 283
288 284
288 285
188 188
189 189
189 250
189 251
189 252
250 190
250 206
250 207
250 284
250 285
250 297
250 298
251 190
251 206
251 207
251 284
251 285
251 297
251 298
252 190
252 206
252 207
252 284
252 285
252 297
252 298
190 190
191 191
192 192
200 200
200 228
228 201
228 215
228 216
228 219
228 220
228 221
228 222
201 201
202 202
202 301
202 303
301 203
301 291
301 292
301 293
301 294
301 295
301 296
301 297
301 298
301 299
301 300
303 203
303 274
303 275
303 289
303 290
303 291
303 292
303 293
303 294
303 295
303 296
303 297
303 298
303 299
303 300
203 203
204 204
204 253
204 254
204 255
253 205
253 221
253 222
253 299
253 300
253 312
253 313
254 205
254 221
254 222
254 299
254 300
254 312
254 313
255 205
255 221
255 222
255 299
255 300
255 312
255 313
205 205
206 206
207 207
215 215
215 237
215 238
237 216
237 232
237 233
237 239
238 216
238 230
238 231
238 232
238 233
216 216
217 217
217 316
217 318
316 218
316 306
316 307
316 308
316 309
316 310
316 311
316 312
316 313
316 314
316 315
318 218
318 289
318 290
318 304
318 305
318 306
318 307
318 308
318 309
318 310
318 311
318 312
318 313
318 314
318 315
218 218
219 219
219 256
219 257
219 258
256 220
256 232
256 233
256 314
256 315
256 323
256 324
257 220
257 232
257 233
257 314
257 315
257 323
257 324
258 220
258 232
258 233
258 314
258 315
258 323
258 324
220 220
221 221
222 222
230 230
230 236
230 325
230 327
236 231
236 232
236 233
236 240
325 231
325 319
325 320
325 321
325 322
325 323
325 324
325 329
327 231
327 304
327 305
327 319
327 320
327 321
327 322
327 323
327 324
231 231
232 232
233 233
240 240
240 241
239 239
239 241
241 328
241 329
241 416
241 417
241 502
241 503
328 326
328 328
329 329
416 414
416 416
417 413
417 417
502 500
502 502
503 499
503 503
267 267
267 272
268 268
268 272
269 269
269 272
270 270
270 272
282 282
282 287
283 283
283 287
284 284
284 287
285 285
285 287
297 297
297 302
298 298
298 302
299 299
299 302
300 300
300 302
312 312
312 317
313 313
313 317
314 314
314 317
315 315
315 317
323 323
323 326
324 324
324 326
259 259
259 272
259 287
272 260
272 263
272 264
272 265
272 266
287 260
287 274
287 275
287 278
287 279
287 280
287 281
260 260
261 261
261 359
261 361
359 262
359 349
359 350
359 351
359 352
359 353
359 354
359 355
359 356
359 357
359 358
361 262
361 347
361 348
361 349
361 350
361 351
361 352
361 353
361 354
361 355
361 356
361 357
361 358
262 262
263 263
263 335
263 336
263 337
335 264
335 280
335 281
335 357
335 358
335 370
335 371
336 264
336 280
336 281
336 357
336 358
336 370
336 371
337 264
337 280
337 281
337 357
337 358
337 370
337 371
264 264
265 265
265 330
265 331
265 332
330 266
330 334
330 355
330 356
331 266
331 355
331 356
332 266
332 333
332 355
332 356
266 266
274 274
274 302
302 275
302 289
302 290
302 293
302 294
302 295
302 296
275 275
276 276
276 374
276 376
374 277
374 364
374 365
374 366
374 367
374 368
374 369
374 370
374 371
374 372
374 373
376 277
376 347
376 348
376 362
376 363
376 364
376 365
376 366
376 367
376 368
376 369
376 370
376 371
376 372
376 373
277 277
278 278
278 338
278 339
278 340
338 279
338 295
338 296
338 372
338 373
338 385
338 386
339 279
339 295
339 296
339 372
339 373
339 385
339 386
340 279
340 295
340 296
340 372
340 373
340 385
340 386
279 279
280 280
281 281
289 289
289 317
317 290
317 304
317 305
317 308
317 309
317 310
317 311
290 290
291 291
291 389
291 391
389 292
389 379
389 380
389 381
389 382
389 383
389 384
389 385
389 386
389 387
389 388
391 292
391 362
391 363
391 377
391 378
391 379
391 380
391 381
391 382
391 383
391 384
391 385
391 386
391 387
391 388
292 292
293 293
293 341
293 342
293 343
341 294
341 310
341 311
341 387
341 388
341 400
341 401
342 294
342 310
342 311
342 387
342 388
342 400
342 401
343 294
343 310
343 311
343 387
343 388
343 400
343 401
294 294
295 295
296 296
304 304
304 326
326 305
326 321
326 322
305 305
306 306
306 404
306 406
404 307
404 394
404 395
404 396
404 397
404 398
404 399
404 400
404 401
404 402
404 403
406 307
406 377
406 378
406 392
406 393
406 394
406 395
406 396
406 397
406 398
406 399
406 400
406 401
406 402
406 403
307 307
308 308
308 344
308 345
308 346
344 309
344 321
344 322
344 402
344 403
344 411
344 412
345 309
345 321
345 322
345 402
345 403
345 411
345 412
346 309
346 321
346 322
346 402
346 403
346 411
346 412
309 309
310 310
311 311
319 319
319 413
319 415
413 320
413 407
413 408
413 409
413 410
413 411
413 412
415 320
415 392
415 393
415 407
415 408
415 409
415 410
415 411
415 412
320 320
321 321
322 322
355 355
355 360
356 356
356 360
357 357
357 360
358 358
358 360
370 370
370 375
371 371
371 375
372 372
372 375
373 373
373 375
385 385
385 390
386 386
386 390
387 387
387 390
388 388
388 390
400 400
400 405
401 401
401 405
402 402
402 405
403 403
403 405
411 411
411 414
412 412
412 414
347 347
347 360
347 375
360 348
360 351
360 352
360 353
360 354
375 348
375 362
375 363
375 366
375 367
375 368
375 369
348 348
349 349
349 447
349 449
447 350
447 437
447 438
447 439
447 440
447 441
447 442
447 443
447 444
447 445
447 446
449 350
449 435
449 436
449 437
449 438
449 439
449 440
449 441
449 442
449 443
449 444
449 445
449 446
350 350
351 351
351 423
351 424
351 425
423 352
423 368
423 369
423 445
423 446
423 458
423 459
424 352
424 368
424 369
424 445
424 446
424 458
424 459
425 352
425 368
425 369
425 445
425 446
425 458
425 459
352 352
353 353
353 418
353 419
353 420
418 354
418 422
418 443
418 444
419 354
419 443
419 444
420 354
420 421
420 443
420 444
354 354
362 362
362 390
390 363
390 377
390 378
390 381
390 382
390 383
390 384
363 363
364 364
364 462
364 464
462 365
462 452
462 453
462 454
462 455
462 456
462 457
462 458
462 459
462 460
462 461
464 365
464 435
464 436
464 450
464 451
464 452
464 453
464 454
464 455
464 456
464 457
464 458
464 459
464 460
464 461
365 365
366 366
366 426
366 427
366 428
426 367
426 383
426 384
426 460
426 461
426 473
426 474
427 367
427 383
427 384
427 460
427 461
427 473
427 474
428 367
428 383
428 384
428 460
428 461
428 473
428 474
367 367
368 368
369 369
377 377
377 405
405 378
405 392
405 393
405 396
405 397
405 398
405 399
378 378
379 379
379 477
379 479
477 380
477 467
477 468
477 469
477 470
477 471
477 472
477 473
477 474
477 475
477 476
479 380
479 450
479 451
479 465
479 466
479 467
479 468
479 469
479 470
479 471
479 472
479 473
479 474
479 475
479 476
380 380
381 381
381 429
381 430
381 431
429 382
429 398
429 399
429 475
429 476
429 488
429 489
430 382
430 398
430 399
430 475
430 476
430 488
430 489
431 382
431 398
431 399
431 475
431 476
431 488
431 489
382 382
383 383
384 384
392 392
392 414
414 393
414 409
414 410
393 393
394 394
394 492
394 494
492 395
492 482
492 483
492 484
492 485
492 486
492 487
492 488
492 489
492 490
492 491
494 395
494 465
494 466
494 480
494 481
494 482
494 483
494 484
494 485
494 486
494 487
494 488
494 489
494 490
494 491
395 395
396 396
396 432
396 433
396 434
432 397
432 409
432 410
432 490
432 491
432 497
432 498
433 397
433 409
433 410
433 490
433 491
433 497
433 498
434 397
434 409
434 410
434 490
434 491
434 497
434 498
397 397
398 398
399 399
407 407
407 499
407 501
499 408
499 495
499 496
499 497
499 498
501 408
501 480
501 481
501 495
501 496
501 497
501 498
408 408
409 409
410 410
443 443
443 448
444 444
444 448
445 445
445 448
446 446
446 448
458 458
458 463
459 459
459 463
460 460
460 463
461 461
461 463
473 473
473 478
474 474
474 478
475 475
475 478
476 476
476 478
488 488
488 493
489 489
489 493
490 490
490 493
491 491
491 493
497 497
497 500
498 498
498 500
435 435
435 448
435 463
448 436
448 439
448 440
448 441
448 442
463 436
463 450
463 451
463 454
463 455
463 456
463 457
436 436
437 437
437 533
437 535
533 438
533 523
533 524
533 525
533 526
533 527
533 528
533 529
533 530
533 531
533 532
535 438
535 521
535 522
535 523
535 524
535 525
535 526
535 527
535 528
535 529
535 530
535 531
535 532
438 438
439 439
439 509
439 510
439 511
509 440
509 456
509 457
509 531
509 532
509 544
509 545
510 440
510 456
510 457
510 531
510 532
510 544
510 545
511 440
511 456
511 457
511 531
511 532
511 544
511 545
440 440
441 441
441 504
441 505
441 506
504 442
504 508
504 529
504 530
505 442
505 529
505 530
506 442
506 507
506 529
506 530
442 442
450 450
450 478
478 451
478 465
478 466
478 469
478 470
478 471
478 472
451 451
452 452
452 548
452 550
548 453
548 538
548 539
548 540
548 541
548 542
548 543
548 544
548 545
548 546
548 547
550 453
550 521
550 522
550 536
550 537
550 538
550 539
550 540
550 541
550 542
550 543
550 544
550 545
550 546
550 547
453 453
454 454
454 512
454 513
454 514
512 455
512 471
512 472
512 546
512 547
512 559
512 560
513 455
513 471
513 472
513 546
513 547
513 559
513 560
514 455
514 471
514 472
514 546
514 547
514 559
514 560
455 455
456 456
457 457
465 465
465 493
493 466
493 480
493 481
493 484
493 485
493 486
493 487
466 466
467 467
467 563
467 565
563 468
563 553
563 554
563 555
563 556
563 557
563 558
563 559
563 560
563 561
563 562
565 468
565 536
565 537
565 551
565 552
565 553
565 554
565 555
565 556
565 557
565 558
565 559
565 560
565 561
565 562
468 468
469 469
469 515
469 516
469 517
515 470
515 486
515 487
515 561
515 562
515 568
515 569
516 470
516 486
516 487
516 561
516 562
516 568
516 569
517 470
517 486
517 487
517 561
517 562
517 568
517 569
470 470
471 471
472 472
480 480
480 500
500 481
500 495
500 496
481 481
482 482
482 572
482 574
572 483
572 566
572 567
572 568
572 569
572 570
572 571
572 575
572 576
574 483
574 551
574 552
574 566
574 567
574 568
574 569
574 570
574 571
483 483
484 484
484 518
484 519
484 520
518 485
518 495
518 496
518 570
518 571
519 485
519 495
519 496
519 570
519 571
520 485
520 495
520 496
520 570
520 571
485 485
486 486
487 487
495 495
496 496
529 529
529 534
530 530
530 534
531 531
531 534
532 532
532 534
544 544
544 549
545 545
545 549
546 546
546 549
547 547
547 549
559 559
559 564
560 560
560 564
561 561
561 564
562 562
562 564
568 568
568 573
569 569
569 573
570 570
570 573
571 571
571 573
521 521
521 534
521 549
534 522
534 525
534 526
534 527
534 528
549 522
549 536
549 537
549 540
549 541
549 542
549 543
522 522
523 523
523 604
523 606
604 524
604 594
604 595
604 596
604 597
604 598
604 599
604 600
604 601
604 602
604 603
606 524
606 592
606 593
606 594
606 595
606 596
606 597
606 598
606 599
606 600
606 601
606 602
606 603
524 524
525 525
525 583
525 584
525 585
583 526
583 542
583 543
583 602
583 603
583 615
583 616
584 526
584 542
584 543
584 602
584 603
584 615
584 616
585 526
585 542
585 543
585 602
585 603
585 615
585 616
526 526
527 527
527 578
527 579
527 580
578 528
578 582
578 600
578 601
579 528
579 600
579 601
580 528
580 581
580 600
580 601
528 528
536 536
536 564
564 537
564 551
564 552
564 555
564 556
564 557
564 558
537 537
538 538
538 619
538 621
619 539
619 609
619 610
619 611
619 612
619 613
619 614
619 615
619 616
619 617
619 618
621 539
621 592
621 593
621 607
621 608
621 609
621 610
621 611
621 612
621 613
621 614
621 615
621 616
621 617
621 618
539 539
540 540
540 586
540 587
540 588
586 541
586 557
586 558
586 617
586 618
586 624
586 625
587 541
587 557
587 558
587 617
587 618
587 624
587 625
588 541
588 557
588 558
588 617
588 618
588 624
588 625
541 541
542 542
543 543
551 551
551 573
573 552
573 566
573 567
573 575
573 576
552 552
553 553
553 628
553 630
628 554
628 622
628 623
628 624
628 625
628 626
628 627
628 631
628 632
630 554
630 607
630 608
630 622
630 623
630 624
630 625
630 626
630 627
554 554
555 555
555 589
555 590
555 591
589 556
589 566
589 567
589 626
589 627
590 556
590 566
590 567
590 626
590 627
591 556
591 566
591 567
591 626
591 627
556 556
557 557
558 558
566 566
567 567
575 575
575 577
576 576
576 577
577 631
577 632
631 629
631 631
632 629
632 632
600 600
600 605
601 601
601 605
602 602
602 605
603 603
603 605
615 615
615 620
616 616
616 620
617 617
617 620
618 618
618 620
624 624
624 629
625 625
625 629
626 626
626 629
627 627
627 629
592 592
592 605
592 620
605 593
605 596
605 597
605 598
605 599
620 593
620 607
620 608
620 611
620 612
620 613
620 614
593 593
594 594
594 650
594 652
650 595
650 646
650 647
650 648
650 649
650 653
652 595
652 644
652 645
652 646
652 647
652 648
652 649
595 595
596 596
596 638
596 639
596 640
638 597
638 613
638 614
638 648
638 649
638 657
638 658
639 597
639 613
639 614
639 648
639 649
639 657
639 658
640 597
640 613
640 614
640 648
640 649
640 657
640 658
597 597
598 598
598 633
598 634
598 635
633 599
633 637
633 646
633 647
634 599
634 646
634 647
635 599
635 636
635 646
635 647
599 599
607 607
607 629
629 608
629 622
629 623
608 608
609 609
609 661
609 663
661 610
661 657
661 658
661 659
661 660
661 664
663 610
663 644
663 645
663 657
663 658
663 659
663 660
610 610
611 611
611 641
611 642
611 643
641 612
641 622
641 623
641 659
641 660
642 612
642 622
642 623
642 659
642 660
643 612
643 622
643 623
643 659
643 660
612 612
613 613
614 614
622 622
623 623
646 646
646 651
647 647
647 651
648 648
648 651
649 649
649 651
657 657
657 662
658 658
658 662
659 659
659 662
660 660
660 662
644 644
644 651
644 662
651 645
651 654
662 645
662 665
645 645
653 653
653 655
654 654
654 655
655 656
655 664
655 665
664 664
665 665
