768 1774
0 0
0 1
0 486
0 488
1 1
1 487
1 489
486 2
486 4
486 6
486 8
486 132
486 448
486 487
488 2
488 40
488 68
488 164
488 410
488 489
488 734
488 738
488 740
488 748
488 749
487 3
487 5
487 7
487 9
487 133
487 449
489 3
489 41
489 69
489 165
489 411
489 735
489 739
489 740
489 748
489 749
2 2
2 3
3 3
4 4
4 5
4 490
5 5
5 491
490 10
490 42
490 146
490 392
490 452
490 491
490 680
490 684
490 686
490 694
490 695
491 11
491 43
491 147
491 393
491 453
491 681
491 685
491 686
491 694
491 695
6 6
6 7
6 492
7 7
7 493
492 8
492 14
492 82
492 84
492 176
492 416
492 493
492 752
492 756
492 758
492 766
492 767
493 9
493 15
493 83
493 85
493 177
493 417
493 753
493 757
493 758
493 766
493 767
8 8
8 9
9 9
10 10
10 11
10 494
11 11
11 495
494 12
494 14
494 134
494 386
494 495
494 662
494 666
494 668
494 676
494 677
495 13
495 15
495 135
495 387
495 663
495 667
495 668
495 676
495 677
12 12
12 13
12 496
13 13
13 497
496 64
496 66
496 160
496 497
497 65
497 67
497 161
14 14
14 15
15 15
16 16
16 17
16 498
16 500
17 17
17 499
17 501
498 18
498 20
498 22
498 136
498 458
498 499
500 56
500 58
500 72
500 166
500 444
500 501
499 19
499 21
499 23
499 137
499 459
501 57
501 59
501 73
501 167
501 445
18 18
18 19
18 502
19 19
19 503
502 70
502 72
502 74
502 170
502 446
502 503
503 71
503 73
503 75
503 171
503 447
20 20
20 21
20 504
21 21
21 505
504 22
504 76
504 78
504 174
504 456
504 505
505 23
505 77
505 79
505 175
505 457
22 22
22 23
23 23
24 24
24 25
24 506
24 508
25 25
25 507
25 509
506 26
506 28
506 30
506 138
506 464
506 466
506 507
508 60
508 62
508 80
508 474
508 509
507 27
507 29
507 31
507 139
507 465
507 467
509 61
509 63
509 81
509 475
26 26
26 27
26 510
27 27
27 511
510 32
510 462
510 511
511 33
511 463
28 28
28 29
28 512
29 29
29 513
512 472
512 513
513 473
30 30
30 31
30 514
31 31
31 515
514 36
514 50
514 152
514 468
514 515
515 37
515 51
515 153
515 469
32 32
32 33
32 516
33 33
33 517
516 34
516 140
516 460
516 517
517 35
517 141
517 461
34 34
34 35
34 518
35 35
35 519
518 36
518 38
518 40
518 142
518 470
518 519
519 37
519 39
519 41
519 143
519 471
36 36
36 37
37 37
38 38
38 39
38 520
39 39
39 521
520 68
520 450
520 521
521 69
521 451
40 40
40 41
41 41
42 42
42 43
42 522
43 43
43 523
522 44
522 148
522 398
522 523
522 698
522 702
522 704
522 712
522 713
523 45
523 149
523 399
523 699
523 703
523 704
523 712
523 713
44 44
44 45
44 524
45 45
45 525
524 52
524 70
524 178
524 454
524 525
525 53
525 71
525 179
525 455
46 46
46 47
46 526
46 528
47 47
47 527
47 529
526 64
526 144
526 428
526 527
528 158
528 384
528 422
528 529
527 65
527 145
527 429
529 159
529 385
529 423
48 48
48 49
48 530
48 532
49 49
49 531
49 533
530 50
530 52
530 154
530 484
530 531
532 54
532 74
532 162
532 404
532 480
532 533
532 716
532 720
532 722
532 730
532 731
531 51
531 53
531 155
531 485
533 55
533 75
533 163
533 405
533 481
533 717
533 721
533 722
533 730
533 731
50 50
50 51
51 51
52 52
52 53
53 53
54 54
54 55
54 534
55 55
55 535
534 56
534 58
534 60
534 62
534 156
534 476
534 478
534 535
535 57
535 59
535 61
535 63
535 157
535 477
535 479
56 56
56 57
57 57
58 58
58 59
59 59
60 60
60 61
61 61
62 62
62 63
63 63
64 64
64 65
65 65
66 66
66 67
66 536
67 67
67 537
536 180
536 430
536 537
537 181
537 431
68 68
68 69
69 69
70 70
70 71
71 71
72 72
72 73
73 73
74 74
74 75
75 75
76 76
76 77
76 538
77 77
77 539
538 78
538 150
538 432
538 434
538 539
539 79
539 151
539 433
539 435
78 78
78 79
79 79
80 80
80 81
80 540
81 81
81 541
540 482
540 541
541 483
82 82
82 83
82 542
83 83
83 543
542 84
542 384
542 424
542 543
543 85
543 385
543 425
84 84
84 85
85 85
86 86
86 87
86 544
86 546
87 87
87 545
87 547
544 116
544 182
544 236
544 322
544 544
544 545
546 226
546 258
546 364
546 546
546 547
545 117
545 183
545 237
545 323
545 545
547 227
547 259
547 365
547 547
88 88
88 89
88 548
88 550
89 89
89 549
89 551
548 122
548 324
548 440
548 548
548 549
550 124
550 128
550 326
550 442
550 550
550 551
549 123
549 325
549 441
549 549
551 125
551 129
551 327
551 443
551 551
90 90
90 91
90 552
90 554
91 91
91 553
91 555
552 190
552 192
552 470
552 553
554 230
554 374
554 554
554 555
553 191
553 193
553 471
555 231
555 375
555 555
92 92
92 93
92 556
92 558
93 93
93 557
93 559
556 94
556 484
556 557
558 112
558 224
558 260
558 362
558 558
558 559
557 95
557 485
559 113
559 225
559 261
559 363
559 559
94 94
94 95
94 560
95 95
95 561
560 122
560 124
560 126
560 256
560 360
560 480
560 560
560 561
561 123
561 125
561 127
561 257
561 361
561 481
561 561
96 96
96 97
96 562
96 564
97 97
97 563
97 565
562 98
562 100
562 102
562 476
562 563
564 212
564 564
564 565
564 572
563 99
563 101
563 103
563 477
565 213
565 565
565 573
98 98
98 99
98 566
99 99
99 567
566 214
566 566
566 567
566 576
567 215
567 567
567 577
100 100
100 101
100 568
101 101
101 569
568 216
568 568
568 569
568 578
569 217
569 569
569 579
102 102
102 103
102 570
103 103
103 571
570 218
570 570
570 571
570 580
571 219
571 571
571 581
104 104
104 105
104 572
104 574
105 105
105 573
105 575
572 212
572 572
572 573
574 106
574 108
574 110
574 376
574 574
574 575
573 213
573 573
575 107
575 109
575 111
575 377
575 575
106 106
106 107
106 576
107 107
107 577
576 214
576 576
576 577
577 215
577 577
108 108
108 109
108 578
109 109
109 579
578 216
578 578
578 579
579 217
579 579
110 110
110 111
110 580
111 111
111 581
580 218
580 580
580 581
581 219
581 581
112 112
112 113
112 582
113 113
113 583
582 114
582 116
582 252
582 352
582 582
582 583
583 115
583 117
583 253
583 353
583 583
114 114
114 115
114 584
115 115
115 585
584 196
584 198
584 342
584 468
584 584
584 585
585 197
585 199
585 343
585 469
585 585
116 116
116 117
117 117
118 118
118 119
118 586
118 588
119 119
119 587
119 589
586 120
586 587
588 448
588 589
587 121
589 449
120 120
120 121
120 590
121 121
121 591
590 200
590 344
590 590
590 591
591 201
591 345
591 591
122 122
122 123
123 123
124 124
124 125
125 125
126 126
126 127
126 592
127 127
127 593
592 210
592 248
592 348
592 592
592 593
593 211
593 249
593 349
593 593
128 128
128 129
128 594
129 129
129 595
594 168
594 220
594 222
594 444
594 595
595 169
595 221
595 223
595 445
130 130
130 131
130 596
130 598
131 131
131 597
131 599
596 264
596 372
596 474
596 596
596 597
598 242
598 274
598 338
598 482
598 598
598 599
597 265
597 373
597 475
597 597
599 243
599 275
599 339
599 483
599 599
132 132
132 133
133 133
134 134
134 135
135 135
136 136
136 137
137 137
138 138
138 139
139 139
140 140
140 141
141 141
142 142
142 143
143 143
144 144
144 145
145 145
146 146
146 147
147 147
148 148
148 149
149 149
150 150
150 151
151 151
152 152
152 153
153 153
154 154
154 155
155 155
156 156
156 157
157 157
158 158
158 159
159 159
160 160
160 161
161 161
162 162
162 163
163 163
164 164
164 165
165 165
166 166
166 167
167 167
168 168
168 169
169 169
170 170
170 171
171 171
172 172
172 173
172 228
172 262
172 366
172 446
173 173
173 229
173 263
173 367
173 447
228 228
228 229
228 262
228 366
228 446
228 630
262 262
262 263
262 366
262 446
366 366
366 367
366 446
446 446
446 447
229 229
229 263
229 367
229 447
229 631
263 263
263 367
263 447
367 367
367 447
447 447
174 174
174 175
175 175
176 176
176 177
177 177
178 178
178 179
179 179
180 180
180 181
181 181
182 182
182 183
182 184
182 320
182 464
183 183
183 185
183 321
183 465
184 184
184 185
184 320
184 464
184 600
320 320
320 321
320 464
464 464
464 465
185 185
185 321
185 465
185 601
321 321
321 465
465 465
600 370
600 600
600 601
601 371
601 601
186 186
186 187
186 602
186 604
187 187
187 603
187 605
602 188
602 272
602 460
602 602
602 603
604 358
604 604
604 605
603 189
603 273
603 461
603 603
605 359
605 605
188 188
188 189
188 244
188 340
189 189
189 245
189 341
244 244
244 245
244 340
340 340
340 341
245 245
245 341
341 341
190 190
190 191
190 250
190 350
191 191
191 251
191 351
250 250
250 251
250 350
350 350
350 351
251 251
251 351
351 351
192 192
192 193
192 606
193 193
193 607
606 194
606 334
606 606
606 607
607 195
607 335
607 607
194 195
194 608
195 609
608 286
608 609
609 287
196 196
196 197
196 610
197 197
197 611
610 232
610 268
610 380
610 610
610 611
611 233
611 269
611 381
611 611
198 199
198 612
199 613
612 310
612 613
613 311
200 201
200 614
201 615
614 278
614 615
615 279
202 202
202 203
202 354
202 616
203 203
203 355
203 617
354 354
354 355
616 204
616 206
616 462
616 617
355 355
617 205
617 207
617 463
204 204
204 205
204 618
205 205
205 619
618 314
618 618
618 619
619 315
619 619
206 206
206 207
206 270
206 382
207 207
207 271
207 383
270 270
270 271
270 382
382 382
382 383
271 271
271 383
383 383
208 208
208 209
208 220
208 246
208 346
208 620
209 209
209 221
209 247
209 347
209 621
220 220
220 221
220 246
220 346
246 246
246 247
246 346
346 346
346 347
620 300
620 621
221 221
221 247
221 347
247 247
247 347
347 347
621 301
210 211
210 622
211 623
622 280
622 623
623 281
212 212
212 213
213 213
214 214
214 215
215 215
216 216
216 217
217 217
218 218
218 219
219 219
222 223
222 624
223 625
624 302
624 625
625 303
224 225
224 626
225 627
626 312
626 627
627 313
226 227
226 628
227 629
628 306
628 629
629 307
630 304
630 631
631 305
230 231
230 632
231 633
632 308
632 633
633 309
232 233
232 634
233 635
634 288
634 635
635 289
234 234
234 235
234 318
234 466
235 235
235 319
235 467
318 318
318 319
318 466
466 466
466 467
319 319
319 467
467 467
236 237
238 238
238 239
238 330
238 472
239 239
239 331
239 473
330 330
330 331
330 472
472 472
472 473
331 331
331 473
473 473
240 240
240 241
240 332
240 452
241 241
241 333
241 453
332 332
332 333
332 452
452 452
452 453
333 333
333 453
453 453
242 243
248 249
252 253
254 254
254 255
254 356
254 478
255 255
255 357
255 479
356 356
356 357
356 478
478 478
478 479
357 357
357 479
479 479
256 257
258 259
260 261
264 265
266 266
266 267
266 378
266 454
267 267
267 379
267 455
378 378
378 379
378 454
454 454
454 455
379 379
379 455
455 455
268 269
272 273
274 275
276 276
276 277
276 426
277 277
277 427
426 426
426 427
426 642
427 427
427 643
278 279
280 281
282 283
282 644
283 645
644 440
644 645
645 441
284 285
284 646
285 647
646 442
646 647
647 443
286 287
288 289
290 291
290 648
291 649
648 436
648 649
649 437
292 293
292 650
293 651
650 438
650 651
651 439
294 295
294 652
295 653
652 422
652 653
653 423
296 297
296 654
297 655
654 428
654 655
655 429
298 299
298 656
299 657
656 430
656 657
657 431
300 301
302 303
304 305
306 307
308 309
310 311
312 313
314 315
316 317
316 636
317 637
636 458
636 636
636 637
637 459
637 637
322 323
324 325
326 327
328 329
328 638
329 639
638 450
638 638
638 639
639 451
639 639
334 335
336 336
336 337
336 432
336 436
337 337
337 433
337 437
432 432
432 433
432 436
436 436
436 437
433 433
433 437
437 437
338 339
342 343
344 345
348 349
352 353
358 359
360 361
362 363
364 365
368 369
368 640
369 641
640 456
640 640
640 641
641 457
641 641
370 371
372 373
374 375
376 377
380 381
384 384
384 385
385 385
386 387
386 390
387 391
390 388
390 391
391 389
388 389
392 393
392 396
393 397
396 394
396 397
397 395
394 395
398 399
398 402
399 403
402 400
402 403
403 401
400 401
404 405
404 408
405 409
408 406
408 409
409 407
406 407
410 411
410 414
411 415
414 412
414 415
415 413
412 413
416 417
416 420
417 421
420 418
420 421
421 419
418 419
422 422
422 423
423 423
424 424
424 425
424 642
425 425
425 643
642 643
428 428
428 429
429 429
430 430
430 431
431 431
434 434
434 435
434 658
435 435
435 659
658 438
658 659
659 439
438 438
438 439
439 439
440 440
440 441
441 441
442 442
442 443
443 443
444 444
444 445
445 445
448 448
448 449
449 449
450 450
450 451
451 451
456 456
456 457
457 457
458 458
458 459
459 459
460 460
460 461
461 461
462 462
462 463
463 463
468 468
468 469
469 469
470 470
470 471
471 471
474 474
474 475
475 475
476 476
476 477
477 477
480 480
480 481
481 481
482 482
482 483
483 483
484 484
484 485
485 485
734 732
734 734
734 735
734 738
734 740
738 736
738 738
738 739
738 740
740 735
740 739
740 740
740 741
748 741
748 742
748 744
748 746
748 748
748 749
749 749
735 733
735 735
735 739
739 737
739 739
680 678
680 680
680 681
680 684
680 686
684 682
684 684
684 685
684 686
686 681
686 685
686 686
686 687
694 687
694 688
694 690
694 692
694 694
694 695
695 695
681 679
681 681
681 685
685 683
685 685
752 750
752 752
752 753
752 756
752 758
756 754
756 756
756 757
756 758
758 753
758 757
758 758
758 759
766 759
766 760
766 762
766 764
766 766
766 767
767 767
753 751
753 753
753 757
757 755
757 757
662 660
662 662
662 663
662 666
662 668
666 664
666 666
666 667
666 668
668 663
668 667
668 668
668 669
676 669
676 670
676 672
676 674
676 676
676 677
677 677
663 661
663 663
663 667
667 665
667 667
698 696
698 698
698 699
698 702
698 704
702 700
702 702
702 703
702 704
704 699
704 703
704 704
704 705
712 705
712 706
712 708
712 710
712 712
712 713
713 713
699 697
699 699
699 703
703 701
703 703
716 714
716 716
716 717
716 720
716 722
720 718
720 720
720 721
720 722
722 717
722 721
722 722
722 723
730 723
730 724
730 726
730 728
730 730
730 731
731 731
717 715
717 717
717 721
721 719
721 721
660 661
664 665
669 670
669 672
669 674
670 670
670 671
670 672
670 674
672 672
672 673
672 674
674 674
674 675
678 679
682 683
687 688
687 690
687 692
688 688
688 689
688 690
688 692
690 690
690 691
690 692
692 692
692 693
696 697
700 701
705 706
705 708
705 710
706 706
706 707
706 708
706 710
708 708
708 709
708 710
710 710
710 711
714 715
718 719
723 724
723 726
723 728
724 724
724 725
724 726
724 728
726 726
726 727
726 728
728 728
728 729
732 733
736 737
741 742
741 744
741 746
742 742
742 743
742 744
742 746
744 744
744 745
744 746
746 746
746 747
750 751
754 755
759 760
759 762
759 764
760 760
760 761
760 762
760 764
762 762
762 763
762 764
764 764
764 765
