663 1687
0 0
0 131
0 132
0 133
0 134
0 135
0 136
0 139
0 141
0 142
0 143
0 144
0 145
0 146
0 147
0 148
0 149
0 150
0 151
0 152
0 153
0 154
0 155
0 156
0 157
0 158
0 159
0 160
0 161
0 162
0 163
0 164
0 165
0 166
0 167
0 168
0 169
0 170
0 171
0 172
0 173
0 174
0 175
0 176
0 177
0 178
0 179
0 180
0 181
0 182
0 183
0 184
0 185
0 186
0 187
0 188
0 189
0 190
0 191
0 192
0 193
0 194
0 195
0 196
0 197
0 198
0 199
0 200
0 203
0 204
0 205
0 206
0 237
0 242
0 243
0 244
0 245
0 246
0 247
0 248
0 249
0 250
0 251
0 252
0 253
0 254
0 255
0 256
0 257
0 258
0 259
0 260
0 261
0 262
0 263
0 264
0 265
0 266
0 267
0 268
0 269
0 270
0 271
0 272
0 273
0 274
0 275
0 276
0 277
0 278
0 281
0 282
0 283
0 284
0 285
0 287
0 288
0 289
0 290
0 291
0 292
0 293
0 294
0 295
0 296
0 297
0 298
0 299
0 300
0 301
0 302
0 303
0 304
0 307
0 308
0 309
0 310
0 311
0 312
0 313
0 314
0 315
0 316
0 317
0 318
0 319
0 321
0 322
0 324
0 325
0 326
0 327
0 330
0 331
0 332
0 333
0 334
0 335
0 336
0 337
0 338
0 339
0 340
0 341
0 342
0 343
0 344
0 345
0 346
0 347
0 348
0 349
0 350
0 352
0 353
0 354
0 355
0 356
0 357
0 358
0 359
0 360
0 361
0 362
0 363
0 364
0 366
0 367
0 370
0 371
0 372
0 373
0 374
0 375
0 376
0 378
0 379
0 380
0 382
0 383
0 384
0 385
0 399
0 404
0 405
0 406
0 407
0 408
0 409
0 410
0 411
0 412
0 413
0 414
0 415
0 416
0 417
0 418
0 419
0 420
0 421
0 424
0 425
0 426
0 427
0 428
0 430
0 431
0 432
0 433
0 434
0 435
0 436
0 437
0 438
0 439
0 440
0 443
0 444
0 445
0 446
0 447
0 448
0 449
0 450
0 451
0 452
0 453
0 454
0 455
0 456
0 457
0 458
0 459
0 460
0 461
0 462
0 463
0 464
0 465
0 466
0 467
0 468
0 469
0 470
0 471
0 472
0 474
0 475
0 476
0 477
0 478
0 479
0 480
0 481
0 482
0 483
0 484
0 485
0 486
0 487
0 488
0 491
0 492
0 493
0 495
0 496
0 497
0 498
0 499
0 500
0 501
0 502
0 503
0 517
0 522
0 523
0 524
0 525
0 526
0 527
0 528
0 529
0 530
0 531
0 532
0 533
0 534
0 535
0 536
0 537
0 538
0 539
0 540
0 541
0 542
0 543
0 544
0 545
0 546
0 547
0 548
0 549
0 550
0 551
0 552
0 553
0 554
0 555
0 556
0 557
0 558
0 561
0 562
0 563
0 564
0 565
0 567
0 568
0 569
0 570
0 571
0 572
0 573
0 574
0 575
0 576
0 577
0 578
0 579
0 580
0 581
0 582
0 583
0 584
0 587
0 588
0 589
0 590
0 591
0 592
0 593
0 594
0 595
0 596
0 597
0 598
0 599
0 600
0 601
0 603
0 604
0 605
0 606
0 609
0 610
0 611
0 612
0 613
0 614
0 615
0 616
0 617
0 618
0 619
0 620
0 621
0 622
0 623
0 624
0 625
0 626
0 627
0 628
0 630
0 631
0 632
0 633
0 634
0 635
0 636
0 637
0 638
0 639
0 640
0 641
0 643
0 644
0 646
0 647
0 648
0 649
0 650
0 651
0 652
0 654
0 655
0 656
0 658
0 659
0 660
0 661
131 8
131 14
131 538
131 229
132 8
132 11
132 319
132 322
133 8
133 10
133 539
133 230
133 323
133 324
134 8
134 12
134 540
134 323
134 325
135 8
135 25
135 324
136 9
136 21
136 296
136 326
139 10
139 68
139 231
141 11
141 73
141 274
141 328
141 329
142 11
142 74
142 321
143 11
143 75
143 275
144 11
144 71
144 243
144 330
145 11
145 72
145 245
145 331
146 11
146 81
146 331
146 332
146 333
147 12
147 16
147 332
147 334
147 335
147 336
148 12
148 69
148 335
148 337
149 12
149 67
149 334
149 338
150 12
150 23
150 338
151 12
151 19
151 325
151 339
152 12
152 27
152 336
152 340
152 341
152 342
153 12
153 29
153 340
153 343
154 12
154 30
154 244
154 344
155 12
155 32
155 344
155 345
156 12
156 34
156 345
157 12
157 33
157 267
158 12
158 36
158 310
159 12
159 37
159 279
160 12
160 41
160 242
161 12
161 26
161 278
161 346
162 12
162 13
162 246
162 347
163 12
163 43
163 346
163 348
164 12
164 45
164 348
164 349
165 12
165 50
165 349
165 350
165 351
166 12
166 53
166 351
166 352
166 353
166 354
167 12
167 55
167 353
167 355
168 12
168 57
168 354
168 356
169 12
169 63
169 356
169 357
170 12
170 65
170 357
170 358
171 12
171 61
171 358
171 359
172 12
172 59
172 359
172 360
172 361
172 362
172 363
173 12
173 48
173 363
174 12
174 39
174 362
174 364
174 365
175 12
175 40
175 365
176 13
176 15
176 541
176 364
177 16
177 17
177 347
177 366
178 18
178 20
178 366
178 367
179 22
179 57
179 276
180 22
180 77
180 550
180 367
180 368
180 369
181 23
181 24
181 369
182 25
182 42
182 253
182 370
182 371
183 25
183 46
183 371
183 372
183 373
184 25
184 51
184 322
184 374
185 27
185 28
185 552
185 374
185 375
185 376
186 28
186 80
186 553
186 377
186 378
187 30
187 31
187 555
187 370
187 379
188 31
188 79
188 556
188 379
189 33
189 35
189 558
189 258
190 36
190 38
190 561
190 257
190 377
190 380
191 38
191 78
191 564
191 380
191 381
192 42
192 44
192 566
192 254
193 44
193 83
193 568
193 255
194 45
194 47
194 569
194 233
195 47
195 84
195 571
195 234
195 382
196 48
196 49
196 572
196 382
197 49
197 82
197 573
197 277
198 50
198 52
198 574
198 235
198 383
199 52
199 76
199 575
199 383
200 53
200 54
200 576
200 236
203 59
203 60
203 577
203 312
204 61
204 62
204 578
204 239
204 384
205 63
205 64
205 580
205 384
206 65
206 66
206 581
206 240
206 385
237 94
237 201
237 587
237 259
242 99
242 262
243 99
243 373
244 99
244 260
245 99
245 247
246 99
246 337
247 99
247 361
248 99
248 240
248 250
249 99
249 229
249 261
250 99
250 333
251 99
251 218
251 270
252 99
252 258
252 360
253 99
253 313
254 99
254 298
255 99
255 375
256 99
256 212
256 378
257 99
257 381
258 99
259 99
259 342
260 99
260 280
261 99
261 387
261 404
261 405
261 406
261 407
261 408
261 409
261 410
261 411
261 412
261 413
261 414
261 415
261 416
261 417
261 418
261 419
261 420
262 99
262 388
262 421
262 422
263 99
263 234
263 389
263 423
263 424
263 425
263 426
264 99
264 239
264 424
264 427
265 99
265 227
265 427
265 428
265 429
266 99
266 235
266 429
266 430
267 99
267 430
267 431
268 99
268 211
268 425
268 432
269 99
269 238
269 432
269 433
270 99
270 433
271 99
271 236
271 431
271 434
272 99
272 214
272 434
272 435
273 99
273 129
273 435
273 436
274 99
274 428
274 437
275 99
275 437
275 438
276 99
276 438
276 439
277 99
277 439
277 440
278 100
278 588
278 440
278 441
278 442
281 101
281 102
281 444
281 445
281 446
282 1
282 101
282 106
282 445
282 447
283 2
283 101
283 118
283 447
283 448
283 449
283 450
284 102
284 103
284 449
284 451
285 103
285 113
285 442
285 452
287 104
287 105
287 591
287 453
288 105
288 109
288 450
289 106
289 107
289 417
289 454
290 107
290 108
290 451
291 109
291 110
291 391
292 110
292 111
292 454
292 455
293 111
293 112
293 392
293 456
294 112
294 223
294 418
295 113
295 114
295 456
295 457
296 114
296 457
296 458
297 114
297 221
297 458
297 459
298 114
298 459
299 114
299 215
299 393
300 114
300 210
300 394
301 114
301 115
301 405
301 460
302 115
302 226
302 407
302 461
303 115
303 116
303 461
303 462
304 116
304 117
304 462
304 463
307 118
307 119
307 406
307 466
308 119
308 120
308 466
308 467
309 120
309 121
309 467
309 468
310 120
310 468
311 121
311 122
311 446
312 122
312 422
313 122
313 404
314 122
314 123
314 421
314 469
315 122
315 128
315 408
315 470
316 123
316 130
316 469
316 471
317 124
317 127
317 471
317 472
318 125
318 126
318 595
318 472
318 473
319 129
319 473
319 474
319 475
321 130
321 475
321 477
322 477
322 478
324 597
324 479
324 480
325 480
325 481
325 482
325 483
326 137
326 483
327 137
327 138
327 482
327 484
327 485
330 228
330 470
330 487
331 487
331 488
332 419
333 488
333 489
333 490
334 489
335 412
335 491
335 492
336 492
337 455
337 493
338 494
338 495
339 225
339 491
339 496
340 496
340 497
341 217
341 497
342 414
342 494
342 498
343 233
343 498
344 395
345 396
345 499
346 499
347 420
348 397
348 500
349 500
350 232
350 398
352 219
352 400
352 501
353 501
354 401
354 502
355 230
355 502
356 402
356 503
357 503
358 403
358 504
359 504
360 465
361 452
362 486
363 441
364 460
366 476
367 416
370 410
371 490
372 213
372 409
373 413
374 481
375 448
376 224
376 493
378 423
379 505
379 522
379 523
379 524
379 525
379 526
379 527
379 528
379 529
379 530
379 531
379 532
379 533
379 534
379 535
379 536
379 537
379 538
379 539
379 540
379 541
379 542
379 543
379 544
379 545
379 546
379 547
379 548
379 549
379 550
379 551
379 552
379 553
379 554
379 555
379 556
379 557
380 506
380 558
380 559
382 600
382 561
382 564
383 602
383 564
383 565
383 566
384 566
384 567
385 207
385 608
385 567
385 568
399 94
399 351
399 614
399 587
399 588
404 586
404 597
405 508
405 598
406 598
407 597
408 595
409 553
409 599
410 596
410 600
411 365
411 509
412 599
412 601
413 510
413 602
413 603
414 602
414 604
415 369
415 603
416 576
416 605
417 605
417 606
418 606
419 511
420 512
421 615
421 554
421 607
421 608
424 523
425 1
425 525
425 609
426 2
426 279
426 609
426 610
426 611
427 610
427 612
427 613
427 614
428 613
428 615
430 617
430 616
431 604
431 617
432 614
432 618
432 619
432 620
433 618
433 621
434 524
434 622
435 622
435 623
436 368
436 623
437 547
438 590
439 559
440 522
443 279
443 280
443 624
443 626
444 280
444 626
444 627
445 627
445 628
445 629
446 629
446 630
446 631
447 630
447 632
448 631
448 633
449 633
449 634
450 634
450 635
451 635
451 636
452 636
452 637
452 638
452 639
452 640
453 286
453 621
453 640
454 638
454 641
454 642
455 642
456 623
456 641
457 625
457 643
458 643
458 644
459 557
460 644
460 645
461 645
462 534
462 646
462 647
463 305
463 647
463 648
463 649
464 305
464 306
464 601
464 650
465 305
465 650
465 651
465 652
466 653
466 654
467 646
467 655
468 655
469 538
470 537
470 653
470 656
471 656
471 657
472 533
474 320
474 513
475 514
475 658
476 320
476 658
477 556
478 323
478 515
478 659
479 323
479 659
480 516
481 517
482 518
483 592
484 329
484 519
484 660
485 328
485 660
486 329
486 520
486 661
487 661
488 521
488 662
491 548
492 536
493 648
495 377
495 579
496 619
497 531
498 585
499 626
499 577
500 628
500 608
501 632
501 574
502 633
502 652
503 634
503 617
517 94
517 640
517 528
522 615
523 639
524 530
525 541
526 442
526 611
527 521
527 550
528 637
529 506
529 593
530 578
531 651
532 534
532 654
533 657
535 473
535 620
536 560
537 3
537 129
538 4
539 5
539 514
540 6
540 520
541 7
542 8
542 518
543 9
543 511
544 10
544 516
545 11
545 505
546 12
546 512
547 13
548 14
549 15
549 515
550 16
551 17
551 513
552 18
552 494
553 19
554 20
555 21
555 423
556 22
557 23
558 24
558 441
558 641
561 27
561 381
562 1
562 28
562 381
562 386
563 2
563 29
563 381
563 398
564 30
565 31
565 393
567 33
567 644
568 34
568 389
569 35
569 386
569 387
570 36
570 387
570 388
571 37
571 389
571 390
572 38
572 390
572 391
573 39
573 391
573 392
574 40
574 392
575 41
575 393
575 394
576 42
576 394
577 43
577 394
578 44
578 394
579 45
579 394
580 46
580 394
580 490
581 47
581 394
581 395
582 48
582 395
582 504
583 49
583 225
583 395
583 396
584 50
584 226
584 396
584 397
587 53
587 398
588 54
588 400
589 55
589 279
589 400
589 401
590 56
590 400
591 57
591 401
591 402
592 58
592 402
593 59
593 402
594 60
594 402
594 403
595 61
595 402
596 62
596 403
597 63
598 64
598 648
599 65
600 66
600 422
601 67
603 69
603 650
604 70
605 71
606 72
609 75
610 76
610 387
611 77
611 388
612 78
612 429
613 79
613 389
614 80
615 81
616 82
616 422
616 429
617 83
618 84
619 85
620 86
621 87
621 510
622 88
623 89
624 90
624 441
625 91
625 442
626 92
627 93
628 94
628 509
630 96
631 97
632 98
632 507
633 99
634 100
635 101
636 102
636 505
637 103
637 506
638 104
639 105
639 507
640 106
641 107
643 109
644 110
646 112
647 113
648 114
649 115
649 519
650 116
651 117
652 118
654 120
655 121
655 659
656 122
658 124
658 653
659 125
660 126
660 660
661 127
661 661
1 1
2 2
3 129
129 8
4 208
4 225
4 387
4 505
208 68
208 241
208 386
225 99
5 209
5 226
5 388
5 506
209 69
209 386
226 100
6 207
207 67
7 210
7 227
7 389
7 507
210 70
227 101
227 586
507 381
8 130
130 320
9 138
138 70
10 140
140 18
140 232
21 137
25 559
559 642
26 560
560 381
32 566
51 585
585 397
52 586
586 397
55 201
201 56
57 202
202 58
202 238
68 602
71 211
211 85
72 212
212 86
73 607
73 213
607 508
213 87
74 608
74 214
214 88
75 215
215 89
76 216
216 90
216 320
77 217
217 91
78 218
218 92
79 219
219 93
80 220
220 94
220 305
81 221
221 95
82 222
222 96
222 329
83 223
223 97
84 224
224 98
85 228
85 390
85 508
228 125
390 286
86 229
86 391
86 509
87 230
87 392
87 510
88 231
88 393
88 511
231 328
89 232
89 394
89 512
90 233
90 395
90 513
91 234
91 396
91 514
92 235
92 397
92 515
93 236
93 398
93 516
95 629
95 238
95 400
95 518
96 239
96 401
96 519
97 240
97 402
97 520
98 241
98 403
98 521
241 368
100 279
101 280
103 286
286 104
108 642
111 645
117 305
117 306
306 124
119 653
123 657
128 662
662 489
