663 1712
0 0
0 1
0 2
0 4
0 5
0 6
0 9
0 10
0 49
0 50
0 52
0 76
0 77
0 79
0 102
0 103
0 105
0 107
0 108
0 131
0 132
0 133
0 134
0 135
0 136
0 137
0 139
0 141
0 142
0 143
0 144
0 145
0 146
0 147
0 148
0 149
0 150
0 151
0 152
0 153
0 154
0 155
0 156
0 157
0 158
0 159
0 160
0 161
0 162
0 163
0 164
0 165
0 166
0 167
0 168
0 169
0 170
0 171
0 172
0 173
0 174
0 175
0 176
0 177
0 178
0 179
0 180
0 181
0 182
0 183
0 184
0 185
0 186
0 187
0 188
0 189
0 190
0 191
0 192
0 193
0 194
0 195
0 196
0 197
0 199
0 200
0 203
0 204
0 205
0 206
0 218
0 228
0 229
0 231
0 234
0 237
0 240
0 242
0 243
0 244
0 245
0 246
0 247
0 248
0 249
0 250
0 252
0 253
0 254
0 255
0 256
0 257
0 259
0 260
0 261
0 263
0 264
0 265
0 266
0 268
0 270
0 271
0 272
0 274
0 277
0 278
0 280
0 281
0 282
0 283
0 284
0 285
0 286
0 287
0 288
0 289
0 290
0 291
0 292
0 293
0 294
0 295
0 296
0 297
0 298
0 299
0 300
0 301
0 302
0 303
0 306
0 307
0 308
0 309
0 310
0 312
0 313
0 314
0 315
0 317
0 318
0 319
0 321
0 322
0 323
0 325
0 326
0 327
0 331
0 332
0 333
0 334
0 335
0 336
0 337
0 338
0 339
0 340
0 341
0 342
0 343
0 344
0 345
0 346
0 347
0 348
0 349
0 350
0 352
0 353
0 354
0 355
0 356
0 357
0 358
0 359
0 360
0 361
0 362
0 363
0 364
0 366
0 367
0 370
0 371
0 372
0 373
0 374
0 375
0 376
0 379
0 380
0 382
0 383
0 384
0 385
0 399
0 404
0 406
0 407
0 408
0 409
0 412
0 415
0 416
0 419
0 420
0 421
0 425
0 426
0 427
0 428
0 430
0 431
0 432
0 433
0 434
0 435
0 436
0 437
0 438
0 439
0 440
0 441
0 443
0 444
0 446
0 447
0 448
0 449
0 450
0 451
0 453
0 454
0 455
0 456
0 457
0 458
0 459
0 460
0 461
0 462
0 463
0 464
0 465
0 466
0 467
0 468
0 469
0 470
0 471
0 472
0 474
0 475
0 476
0 477
0 478
0 479
0 480
0 481
0 482
0 483
0 484
0 485
0 486
0 488
0 491
0 492
0 493
0 497
0 498
0 499
0 500
0 501
0 502
0 503
0 508
0 509
0 510
0 511
0 513
0 514
0 515
0 517
0 522
0 523
0 524
0 525
0 526
0 527
0 528
0 529
0 530
0 531
0 532
0 533
0 534
0 535
0 536
0 537
0 539
0 540
0 541
0 542
0 543
0 544
0 545
0 546
0 547
0 549
0 550
0 551
0 552
0 554
0 558
0 561
0 562
0 563
0 564
0 565
0 566
0 567
0 568
0 569
0 570
0 571
0 572
0 573
0 574
0 575
0 576
0 577
0 578
0 579
0 580
0 581
0 582
0 583
0 584
0 585
0 587
0 588
0 589
0 590
0 591
0 592
0 593
0 594
0 595
0 596
0 597
0 598
0 599
0 600
0 601
0 604
0 605
0 606
0 609
0 610
0 611
0 612
0 613
0 614
0 615
0 616
0 617
0 618
0 619
0 620
0 621
0 622
0 623
0 624
0 625
0 626
0 627
0 628
0 630
0 631
0 632
0 633
0 634
0 635
0 636
0 637
0 638
0 639
0 640
0 643
0 644
0 646
0 647
0 648
0 649
0 650
0 651
0 652
0 654
0 655
0 656
0 658
0 659
0 660
0 661
0 662
1 267
1 270
1 282
1 425
1 562
2 281
2 282
2 283
2 426
2 563
4 14
4 68
4 542
4 208
4 225
4 387
4 505
5 186
5 188
5 209
5 226
5 388
5 506
6 17
6 18
6 207
9 380
9 462
9 137
9 138
9 534
10 348
10 370
10 133
10 140
49 182
49 198
49 196
49 197
50 198
50 242
50 165
52 288
52 361
52 199
76 18
76 69
76 546
76 198
76 199
76 216
77 340
77 341
77 180
77 217
79 100
79 245
79 188
79 219
102 380
102 492
102 275
102 284
102 306
103 408
103 409
103 284
103 285
103 304
105 440
105 441
105 286
105 287
105 288
107 451
107 452
107 289
107 290
108 380
108 506
108 286
108 290
131 8
131 14
131 538
131 269
131 273
132 8
132 11
132 319
132 322
133 8
133 539
133 230
133 298
134 8
134 12
134 540
134 325
134 445
135 8
135 25
135 296
135 324
136 20
136 21
136 296
136 326
137 14
137 543
137 326
137 327
139 328
139 347
139 267
141 11
141 73
141 274
141 316
141 328
141 329
142 100
142 157
142 321
143 101
143 251
143 590
143 323
143 324
143 445
144 38
144 71
144 243
145 25
145 36
145 245
145 330
145 331
146 38
146 81
146 306
146 331
146 332
146 333
147 16
147 25
147 332
147 334
147 335
147 336
148 12
148 68
148 335
148 337
149 18
149 67
149 547
149 334
149 338
150 23
150 25
150 338
151 12
151 19
151 325
151 339
152 380
152 524
152 336
152 340
152 341
152 342
153 25
153 29
153 340
153 343
154 25
154 30
154 244
154 344
155 25
155 32
155 344
155 345
156 25
156 34
156 345
157 25
157 33
157 310
158 381
158 512
158 310
159 25
159 37
159 279
160 332
160 348
160 242
161 22
161 41
161 565
161 278
161 346
162 12
162 13
162 246
162 347
163 25
163 43
163 346
163 348
164 380
164 534
164 348
164 349
165 25
165 349
165 350
165 351
166 100
166 218
166 351
166 352
166 353
166 354
167 25
167 55
167 271
167 353
167 355
168 25
168 57
168 354
168 356
169 25
169 63
169 356
169 357
170 25
170 65
170 357
170 358
171 25
171 61
171 358
171 359
172 25
172 59
172 359
172 360
172 361
172 362
172 363
173 25
173 48
173 363
174 25
174 39
174 362
174 365
175 25
175 40
175 365
176 13
176 15
176 541
176 262
177 16
177 17
177 262
177 347
177 366
178 18
178 20
178 276
178 366
178 367
179 476
179 514
179 276
180 22
180 550
180 367
180 368
180 369
181 23
181 24
181 369
182 25
182 42
182 257
182 370
182 371
183 25
183 46
183 319
183 371
184 25
184 51
184 322
184 374
185 27
185 28
185 552
185 374
185 375
185 376
186 28
186 80
186 553
186 377
187 30
187 31
187 555
187 370
188 31
188 556
188 379
189 34
189 35
189 559
189 258
189 379
190 36
190 38
190 561
190 377
190 378
190 380
191 39
191 78
191 380
191 381
192 42
192 44
192 566
192 254
192 514
192 662
193 44
193 83
193 568
193 255
193 372
193 373
194 347
194 348
194 233
194 251
195 47
195 84
195 571
195 382
196 48
196 572
196 382
196 514
197 82
197 573
197 277
199 575
199 383
200 53
200 54
200 576
200 236
200 258
203 59
203 60
203 577
203 312
204 61
204 62
204 578
204 239
204 384
205 63
205 64
205 580
205 384
206 65
206 66
206 581
206 311
206 385
218 38
218 72
218 251
228 114
228 210
228 330
229 100
229 238
229 249
229 311
229 561
231 266
231 299
231 624
231 328
234 332
234 346
234 263
237 342
237 351
237 259
237 517
240 122
240 124
240 364
242 99
243 99
243 373
244 99
244 260
245 99
246 99
246 337
247 101
247 211
247 361
248 385
248 393
248 566
249 99
249 261
250 122
250 128
250 333
252 46
252 47
252 570
252 360
253 121
253 122
253 313
254 99
254 298
255 100
255 375
256 198
256 212
256 378
257 99
257 381
259 198
259 342
260 198
260 275
260 424
261 198
261 387
261 404
261 406
261 407
263 100
263 389
263 412
263 423
263 425
263 426
264 100
264 239
264 315
264 427
265 100
265 227
265 427
265 429
266 100
266 235
266 270
266 429
266 430
268 385
268 388
268 425
268 432
270 300
270 433
271 236
271 431
271 434
272 100
272 214
272 434
272 435
274 100
274 437
277 198
277 439
277 440
278 100
278 588
278 440
278 442
278 452
280 283
280 286
280 619
280 443
280 444
281 122
281 220
281 592
281 444
281 446
282 101
282 106
282 447
283 101
283 118
283 447
283 448
283 449
284 449
284 451
285 113
285 442
286 390
286 441
287 104
287 591
287 453
288 109
288 450
288 453
289 106
289 417
290 451
291 109
291 110
291 391
291 417
291 450
292 110
292 111
292 454
292 455
293 111
293 112
293 392
293 418
293 456
294 112
294 223
294 418
295 113
295 114
295 456
295 457
296 457
296 458
297 114
297 221
297 458
297 459
298 459
299 114
299 215
299 393
300 125
300 210
300 394
301 114
301 115
301 460
302 115
302 226
302 405
302 407
302 461
303 115
303 116
303 315
303 461
303 462
306 464
307 118
307 119
307 406
307 466
308 119
308 120
308 466
308 467
309 120
309 121
309 467
309 468
310 468
312 122
312 422
313 122
313 404
314 122
314 123
314 421
314 469
315 470
317 124
317 127
317 471
317 472
318 126
318 128
318 472
318 473
319 473
319 474
319 475
321 130
321 475
321 477
322 477
322 478
323 101
323 478
323 479
325 480
325 481
325 482
325 483
326 483
327 138
327 482
327 484
327 485
331 488
333 488
333 490
334 408
334 489
335 428
335 491
335 492
336 454
336 492
337 455
337 493
338 494
338 497
339 225
339 491
340 497
341 217
341 496
342 494
342 498
343 233
343 495
343 498
344 395
345 396
345 499
348 397
348 428
348 500
348 515
349 489
349 500
350 232
350 398
350 496
352 219
352 400
352 501
353 501
354 401
354 502
355 230
355 502
356 402
356 411
356 503
357 503
358 403
358 504
359 504
360 465
362 486
363 441
363 452
364 100
364 405
364 460
366 476
367 416
371 408
371 490
372 213
372 409
373 515
374 481
375 448
376 224
376 493
379 505
379 522
379 523
379 524
379 525
379 526
380 506
380 513
380 527
380 528
380 531
380 535
380 536
380 537
380 540
380 541
380 543
380 544
380 558
380 559
380 636
382 600
382 564
383 198
383 602
383 564
383 565
384 546
384 567
385 207
385 608
385 567
385 568
399 94
399 481
399 640
399 587
399 588
404 584
406 598
407 597
408 595
408 597
408 598
409 262
409 599
412 262
412 551
412 599
412 601
415 320
415 369
415 576
415 603
416 262
416 576
416 605
419 22
419 26
419 551
419 555
420 25
420 45
420 546
421 262
421 615
421 554
421 607
421 608
425 525
425 609
426 279
426 609
426 610
426 611
427 610
427 612
427 613
427 614
428 613
428 615
430 267
430 617
430 616
431 267
431 604
431 617
432 269
432 614
432 618
432 619
432 620
433 269
433 618
433 621
434 524
434 622
435 273
435 622
435 623
436 273
436 368
436 623
437 275
437 547
438 273
438 275
438 590
439 276
439 559
440 522
441 620
441 558
441 624
443 279
443 624
443 626
444 626
444 627
446 311
446 629
446 630
446 631
447 630
447 632
448 631
448 633
449 633
449 634
450 634
450 635
451 635
453 640
454 638
454 642
455 642
456 623
456 641
457 625
457 641
457 643
458 557
458 643
458 644
459 557
460 533
460 644
460 645
461 645
462 304
462 533
462 646
462 647
463 304
463 305
463 542
463 647
464 305
464 601
464 650
465 305
465 650
465 651
465 652
466 529
466 654
467 646
468 529
468 655
469 316
469 538
469 655
470 330
470 537
470 653
470 656
471 316
471 656
471 657
472 540
474 320
474 556
475 658
476 320
476 658
477 513
478 539
478 602
478 659
479 324
479 659
480 324
480 516
480 538
481 530
482 518
483 592
484 329
484 519
484 660
485 328
485 660
486 329
486 520
486 661
488 521
491 510
491 555
493 648
497 531
497 556
498 585
498 586
499 328
499 627
499 577
500 628
500 608
501 632
501 574
502 633
502 652
503 634
503 617
508 394
508 490
508 607
509 381
509 513
509 628
510 381
510 621
511 381
511 423
511 543
514 530
514 539
515 549
517 201
517 528
522 615
523 424
523 639
525 541
526 442
526 611
527 521
527 550
528 637
529 593
530 548
530 578
531 651
532 489
532 520
532 653
532 654
533 657
534 21
535 381
535 620
536 520
536 560
537 3
537 129
541 7
542 8
542 518
543 410
544 414
544 516
545 11
545 381
545 505
546 12
547 13
547 381
549 15
549 381
550 16
550 381
550 643
551 17
551 411
551 649
552 18
552 410
552 494
554 20
554 381
558 24
558 641
561 27
561 100
562 28
562 381
562 386
563 29
563 381
563 398
564 30
565 31
565 393
566 32
566 100
567 33
567 644
568 34
568 389
569 35
569 386
569 387
570 36
570 387
570 388
571 37
571 389
571 390
572 38
572 390
572 391
573 39
573 391
573 392
574 40
574 392
575 41
575 393
575 394
576 42
577 43
577 394
578 44
578 394
579 45
579 394
579 495
580 46
580 405
580 490
581 47
581 394
581 395
582 48
582 395
582 504
583 225
583 395
583 396
584 226
584 402
585 51
585 402
585 645
587 53
587 398
588 54
588 400
589 55
589 279
589 400
589 401
590 56
590 400
591 57
591 401
591 402
592 58
592 402
593 59
593 402
594 60
594 402
594 403
595 61
595 402
596 62
596 403
596 410
597 63
598 64
599 65
600 66
600 410
600 422
601 67
604 70
604 414
605 71
605 417
606 72
606 417
606 418
609 75
610 387
611 388
612 78
612 429
613 389
614 80
615 81
616 82
616 422
616 429
617 83
618 84
619 85
619 496
620 86
621 87
622 88
623 89
624 90
625 91
625 442
626 92
627 93
627 445
628 94
628 445
630 96
631 97
632 98
632 507
633 99
634 100
635 101
636 473
636 505
637 452
637 506
638 104
638 452
639 452
639 507
640 106
640 452
643 109
644 110
646 112
647 113
648 114
648 473
649 115
649 473
649 519
650 116
651 117
652 118
654 120
655 121
655 659
656 122
658 124
658 653
659 125
660 126
660 660
661 127
661 487
661 661
662 128
662 209
267 211
3 129
129 8
129 269
14 548
68 602
68 208
208 241
208 386
225 99
209 69
226 100
388 262
18 140
207 67
7 210
7 227
7 389
7 507
210 70
227 101
227 586
507 381
8 130
130 320
138 70
140 232
548 413
19 553
553 414
553 423
21 555
22 556
23 557
25 559
559 642
26 560
560 381
198 54
198 235
55 201
201 56
57 202
202 58
202 238
602 92
69 603
603 423
71 211
211 85
72 212
212 86
73 607
73 213
213 87
74 608
74 214
214 88
75 215
215 89
216 90
216 316
216 320
217 91
78 413
413 92
100 279
219 93
80 220
220 94
220 305
81 221
221 95
82 222
222 96
222 329
83 223
223 97
84 224
224 98
85 390
86 273
86 391
87 230
87 392
88 393
89 232
89 394
90 233
90 395
91 396
92 235
92 397
397 586
93 236
93 398
93 516
95 629
95 238
95 400
95 518
629 445
96 239
96 401
96 519
97 402
97 520
98 241
98 403
98 521
241 368
101 424
304 104
111 645
117 305
119 653
123 657
329 487
330 487
512 642
365 411
262 422
377 495
258 386
378 423
