240 2001
0 0
0 1
0 2
0 126
0 127
0 128
0 129
0 130
0 131
1 1
1 2
1 126
1 127
1 128
1 129
1 130
1 131
2 2
2 126
2 127
2 128
2 129
2 130
2 131
126 6
126 7
126 8
126 9
126 10
126 11
126 126
126 127
126 128
127 6
127 7
127 8
127 9
127 10
127 11
127 127
127 128
128 6
128 7
128 8
128 9
128 10
128 11
128 128
129 3
129 4
129 5
129 9
129 10
129 11
129 12
129 13
129 14
129 129
129 130
129 131
130 3
130 4
130 5
130 9
130 10
130 11
130 12
130 13
130 14
130 130
130 131
131 3
131 4
131 5
131 9
131 10
131 11
131 12
131 13
131 14
131 131
3 3
3 4
3 5
3 132
3 133
3 134
3 135
3 136
3 137
4 4
4 5
4 132
4 133
4 134
4 135
4 136
4 137
5 5
5 132
5 133
5 134
5 135
5 136
5 137
132 9
132 10
132 11
132 18
132 19
132 20
132 21
132 22
132 23
132 132
132 133
132 134
133 9
133 10
133 11
133 18
133 19
133 20
133 21
133 22
133 23
133 133
133 134
134 9
134 10
134 11
134 18
134 19
134 20
134 21
134 22
134 23
134 134
135 12
135 13
135 14
135 15
135 16
135 17
135 21
135 22
135 23
135 24
135 25
135 26
135 135
135 136
135 137
136 12
136 13
136 14
136 15
136 16
136 17
136 21
136 22
136 23
136 24
136 25
136 26
136 136
136 137
137 12
137 13
137 14
137 15
137 16
137 17
137 21
137 22
137 23
137 24
137 25
137 26
137 137
6 6
6 7
6 8
6 138
6 139
6 140
6 141
6 142
6 143
7 7
7 8
7 138
7 139
7 140
7 141
7 142
7 143
8 8
8 138
8 139
8 140
8 141
8 142
8 143
138 27
138 28
138 29
138 30
138 31
138 32
138 138
138 139
138 140
139 27
139 28
139 29
139 30
139 31
139 32
139 139
139 140
140 27
140 28
140 29
140 30
140 31
140 32
140 140
141 9
141 10
141 11
141 18
141 19
141 20
141 30
141 31
141 32
141 33
141 34
141 35
141 141
141 142
141 143
142 9
142 10
142 11
142 18
142 19
142 20
142 30
142 31
142 32
142 33
142 34
142 35
142 142
142 143
143 9
143 10
143 11
143 18
143 19
143 20
143 30
143 31
143 32
143 33
143 34
143 35
143 143
9 9
9 10
9 11
9 144
9 145
9 146
10 10
10 11
10 144
10 145
10 146
11 11
11 144
11 145
11 146
144 12
144 13
144 14
144 21
144 22
144 23
144 33
144 34
144 35
144 36
144 37
144 38
144 144
144 145
144 146
145 12
145 13
145 14
145 21
145 22
145 23
145 33
145 34
145 35
145 36
145 37
145 38
145 145
145 146
146 12
146 13
146 14
146 21
146 22
146 23
146 33
146 34
146 35
146 36
146 37
146 38
146 146
12 12
12 13
12 14
12 147
12 148
12 149
13 13
13 14
13 147
13 148
13 149
14 14
14 147
14 148
14 149
147 24
147 25
147 26
147 36
147 37
147 38
147 39
147 40
147 41
147 147
147 148
147 149
148 24
148 25
148 26
148 36
148 37
148 38
148 39
148 40
148 41
148 148
148 149
149 24
149 25
149 26
149 36
149 37
149 38
149 39
149 40
149 41
149 149
15 15
15 16
15 17
15 150
15 151
15 152
15 153
15 154
15 155
16 16
16 17
16 150
16 151
16 152
16 153
16 154
16 155
17 17
17 150
17 151
17 152
17 153
17 154
17 155
150 21
150 22
150 23
150 45
150 46
150 47
150 48
150 49
150 50
150 150
150 151
150 152
151 21
151 22
151 23
151 45
151 46
151 47
151 48
151 49
151 50
151 151
151 152
152 21
152 22
152 23
152 45
152 46
152 47
152 48
152 49
152 50
152 152
153 24
153 25
153 26
153 42
153 43
153 44
153 48
153 49
153 50
153 51
153 52
153 53
153 153
153 154
153 155
154 24
154 25
154 26
154 42
154 43
154 44
154 48
154 49
154 50
154 51
154 52
154 53
154 154
154 155
155 24
155 25
155 26
155 42
155 43
155 44
155 48
155 49
155 50
155 51
155 52
155 53
155 155
18 18
18 19
18 20
18 156
18 157
18 158
18 159
18 160
18 161
19 19
19 20
19 156
19 157
19 158
19 159
19 160
19 161
20 20
20 156
20 157
20 158
20 159
20 160
20 161
156 30
156 31
156 32
156 54
156 55
156 56
156 57
156 58
156 59
156 156
156 157
156 158
157 30
157 31
157 32
157 54
157 55
157 56
157 57
157 58
157 59
157 157
157 158
158 30
158 31
158 32
158 54
158 55
158 56
158 57
158 58
158 59
158 158
159 21
159 22
159 23
159 33
159 34
159 35
159 45
159 46
159 47
159 57
159 58
159 59
159 60
159 61
159 62
159 159
159 160
159 161
160 21
160 22
160 23
160 33
160 34
160 35
160 45
160 46
160 47
160 57
160 58
160 59
160 60
160 61
160 62
160 160
160 161
161 21
161 22
161 23
161 33
161 34
161 35
161 45
161 46
161 47
161 57
161 58
161 59
161 60
161 61
161 62
161 161
21 21
21 22
21 23
21 162
21 163
21 164
22 22
22 23
22 162
22 163
22 164
23 23
23 162
23 163
23 164
162 24
162 25
162 26
162 36
162 37
162 38
162 48
162 49
162 50
162 60
162 61
162 62
162 63
162 64
162 65
162 162
162 163
162 164
163 24
163 25
163 26
163 36
163 37
163 38
163 48
163 49
163 50
163 60
163 61
163 62
163 63
163 64
163 65
163 163
163 164
164 24
164 25
164 26
164 36
164 37
164 38
164 48
164 49
164 50
164 60
164 61
164 62
164 63
164 64
164 65
164 164
24 24
24 25
24 26
24 165
24 166
24 167
25 25
25 26
25 165
25 166
25 167
26 26
26 165
26 166
26 167
165 39
165 40
165 41
165 51
165 52
165 53
165 63
165 64
165 65
165 66
165 67
165 68
165 165
165 166
165 167
166 39
166 40
166 41
166 51
166 52
166 53
166 63
166 64
166 65
166 66
166 67
166 68
166 166
166 167
167 39
167 40
167 41
167 51
167 52
167 53
167 63
167 64
167 65
167 66
167 67
167 68
167 167
27 27
27 28
27 29
27 168
27 169
27 170
28 28
28 29
28 168
28 169
28 170
29 29
29 168
29 169
29 170
168 30
168 31
168 32
168 54
168 55
168 56
168 69
168 70
168 71
168 168
168 169
168 170
169 30
169 31
169 32
169 54
169 55
169 56
169 69
169 70
169 71
169 169
169 170
170 30
170 31
170 32
170 54
170 55
170 56
170 69
170 70
170 71
170 170
30 30
30 31
30 32
30 171
30 172
30 173
31 31
31 32
31 171
31 172
31 173
32 32
32 171
32 172
32 173
171 33
171 34
171 35
171 57
171 58
171 59
171 69
171 70
171 71
171 72
171 73
171 74
171 171
171 172
171 173
172 33
172 34
172 35
172 57
172 58
172 59
172 69
172 70
172 71
172 72
172 73
172 74
172 172
172 173
173 33
173 34
173 35
173 57
173 58
173 59
173 69
173 70
173 71
173 72
173 73
173 74
173 173
33 33
33 34
33 35
33 174
33 175
33 176
34 34
34 35
34 174
34 175
34 176
35 35
35 174
35 175
35 176
174 36
174 37
174 38
174 60
174 61
174 62
174 72
174 73
174 74
174 75
174 76
174 77
174 174
174 175
174 176
175 36
175 37
175 38
175 60
175 61
175 62
175 72
175 73
175 74
175 75
175 76
175 77
175 175
175 176
176 36
176 37
176 38
176 60
176 61
176 62
176 72
176 73
176 74
176 75
176 76
176 77
176 176
36 36
36 37
36 38
36 177
36 178
36 179
37 37
37 38
37 177
37 178
37 179
38 38
38 177
38 178
38 179
177 39
177 40
177 41
177 63
177 64
177 65
177 75
177 76
177 77
177 78
177 79
177 80
177 177
177 178
177 179
178 39
178 40
178 41
178 63
178 64
178 65
178 75
178 76
178 77
178 78
178 79
178 80
178 178
178 179
179 39
179 40
179 41
179 63
179 64
179 65
179 75
179 76
179 77
179 78
179 79
179 80
179 179
39 39
39 40
39 41
39 180
39 181
39 182
40 40
40 41
40 180
40 181
40 182
41 41
41 180
41 181
41 182
180 66
180 67
180 68
180 78
180 79
180 80
180 81
180 82
180 83
180 180
180 181
180 182
181 66
181 67
181 68
181 78
181 79
181 80
181 81
181 82
181 83
181 181
181 182
182 66
182 67
182 68
182 78
182 79
182 80
182 81
182 82
182 83
182 182
42 42
42 43
42 44
42 183
42 184
42 185
43 43
43 44
43 183
43 184
43 185
44 44
44 183
44 184
44 185
183 48
183 49
183 50
183 84
183 85
183 86
183 183
183 184
183 185
184 48
184 49
184 50
184 84
184 85
184 86
184 184
184 185
185 48
185 49
185 50
185 84
185 85
185 86
185 185
45 45
45 46
45 47
45 186
45 187
45 188
45 189
45 190
45 191
46 46
46 47
46 186
46 187
46 188
46 189
46 190
46 191
47 47
47 186
47 187
47 188
47 189
47 190
47 191
186 57
186 58
186 59
186 87
186 88
186 89
186 90
186 91
186 92
186 186
186 187
186 188
187 57
187 58
187 59
187 87
187 88
187 89
187 90
187 91
187 92
187 187
187 188
188 57
188 58
188 59
188 87
188 88
188 89
188 90
188 91
188 92
188 188
189 48
189 49
189 50
189 60
189 61
189 62
189 84
189 85
189 86
189 90
189 91
189 92
189 93
189 94
189 95
189 189
189 190
189 191
190 48
190 49
190 50
190 60
190 61
190 62
190 84
190 85
190 86
190 90
190 91
190 92
190 93
190 94
190 95
190 190
190 191
191 48
191 49
191 50
191 60
191 61
191 62
191 84
191 85
191 86
191 90
191 91
191 92
191 93
191 94
191 95
191 191
48 48
48 49
48 50
48 192
48 193
48 194
49 49
49 50
49 192
49 193
49 194
50 50
50 192
50 193
50 194
192 51
192 52
192 53
192 63
192 64
192 65
192 93
192 94
192 95
192 192
192 193
192 194
193 51
193 52
193 53
193 63
193 64
193 65
193 93
193 94
193 95
193 193
193 194
194 51
194 52
194 53
194 63
194 64
194 65
194 93
194 94
194 95
194 194
51 51
51 52
51 53
52 52
52 53
53 53
54 54
54 55
54 56
54 195
54 196
54 197
55 55
55 56
55 195
55 196
55 197
56 56
56 195
56 196
56 197
195 57
195 58
195 59
195 69
195 70
195 71
195 87
195 88
195 89
195 96
195 97
195 98
195 195
195 196
195 197
196 57
196 58
196 59
196 69
196 70
196 71
196 87
196 88
196 89
196 96
196 97
196 98
196 196
196 197
197 57
197 58
197 59
197 69
197 70
197 71
197 87
197 88
197 89
197 96
197 97
197 98
197 197
57 57
57 58
57 59
57 198
57 199
57 200
58 58
58 59
58 198
58 199
58 200
59 59
59 198
59 199
59 200
198 60
198 61
198 62
198 72
198 73
198 74
198 90
198 91
198 92
198 96
198 97
198 98
198 99
198 100
198 101
198 198
198 199
198 200
199 60
199 61
199 62
199 72
199 73
199 74
199 90
199 91
199 92
199 96
199 97
199 98
199 99
199 100
199 101
199 199
199 200
200 60
200 61
200 62
200 72
200 73
200 74
200 90
200 91
200 92
200 96
200 97
200 98
200 99
200 100
200 101
200 200
60 60
60 61
60 62
60 201
60 202
60 203
61 61
61 62
61 201
61 202
61 203
62 62
62 201
62 202
62 203
201 63
201 64
201 65
201 75
201 76
201 77
201 93
201 94
201 95
201 99
201 100
201 101
201 102
201 103
201 104
201 201
201 202
201 203
202 63
202 64
202 65
202 75
202 76
202 77
202 93
202 94
202 95
202 99
202 100
202 101
202 102
202 103
202 104
202 202
202 203
203 63
203 64
203 65
203 75
203 76
203 77
203 93
203 94
203 95
203 99
203 100
203 101
203 102
203 103
203 104
203 203
63 63
63 64
63 65
63 204
63 205
63 206
64 64
64 65
64 204
64 205
64 206
65 65
65 204
65 205
65 206
204 66
204 67
204 68
204 78
204 79
204 80
204 102
204 103
204 104
204 204
204 205
204 206
205 66
205 67
205 68
205 78
205 79
205 80
205 102
205 103
205 104
205 205
205 206
206 66
206 67
206 68
206 78
206 79
206 80
206 102
206 103
206 104
206 206
66 66
66 67
66 68
67 67
67 68
68 68
69 69
69 70
69 71
69 207
69 208
69 209
70 70
70 71
70 207
70 208
70 209
71 71
71 207
71 208
71 209
207 72
207 73
207 74
207 96
207 97
207 98
207 105
207 106
207 107
207 207
207 208
207 209
208 72
208 73
208 74
208 96
208 97
208 98
208 105
208 106
208 107
208 208
208 209
209 72
209 73
209 74
209 96
209 97
209 98
209 105
209 106
209 107
209 209
72 72
72 73
72 74
72 210
72 211
72 212
73 73
73 74
73 210
73 211
73 212
74 74
74 210
74 211
74 212
210 75
210 76
210 77
210 99
210 100
210 101
210 105
210 106
210 107
210 108
210 109
210 110
210 210
210 211
210 212
211 75
211 76
211 77
211 99
211 100
211 101
211 105
211 106
211 107
211 108
211 109
211 110
211 211
211 212
212 75
212 76
212 77
212 99
212 100
212 101
212 105
212 106
212 107
212 108
212 109
212 110
212 212
75 75
75 76
75 77
75 213
75 214
75 215
76 76
76 77
76 213
76 214
76 215
77 77
77 213
77 214
77 215
213 78
213 79
213 80
213 102
213 103
213 104
213 108
213 109
213 110
213 111
213 112
213 113
213 213
213 214
213 215
214 78
214 79
214 80
214 102
214 103
214 104
214 108
214 109
214 110
214 111
214 112
214 113
214 214
214 215
215 78
215 79
215 80
215 102
215 103
215 104
215 108
215 109
215 110
215 111
215 112
215 113
215 215
78 78
78 79
78 80
78 216
78 217
78 218
79 79
79 80
79 216
79 217
79 218
80 80
80 216
80 217
80 218
216 81
216 82
216 83
216 111
216 112
216 113
216 216
216 217
216 218
217 81
217 82
217 83
217 111
217 112
217 113
217 217
217 218
218 81
218 82
218 83
218 111
218 112
218 113
218 218
81 81
81 82
81 83
82 82
82 83
83 83
84 84
84 85
84 86
84 219
84 220
84 221
85 85
85 86
85 219
85 220
85 221
86 86
86 219
86 220
86 221
219 90
219 91
219 92
219 114
219 115
219 116
219 219
219 220
219 221
220 90
220 91
220 92
220 114
220 115
220 116
220 220
220 221
221 90
221 91
221 92
221 114
221 115
221 116
221 221
87 87
87 88
87 89
87 222
87 223
87 224
88 88
88 89
88 222
88 223
88 224
89 89
89 222
89 223
89 224
222 90
222 91
222 92
222 96
222 97
222 98
222 114
222 115
222 116
222 117
222 118
222 119
222 222
222 223
222 224
223 90
223 91
223 92
223 96
223 97
223 98
223 114
223 115
223 116
223 117
223 118
223 119
223 223
223 224
224 90
224 91
224 92
224 96
224 97
224 98
224 114
224 115
224 116
224 117
224 118
224 119
224 224
90 90
90 91
90 92
90 225
90 226
90 227
91 91
91 92
91 225
91 226
91 227
92 92
92 225
92 226
92 227
225 93
225 94
225 95
225 99
225 100
225 101
225 117
225 118
225 119
225 225
225 226
225 227
226 93
226 94
226 95
226 99
226 100
226 101
226 117
226 118
226 119
226 226
226 227
227 93
227 94
227 95
227 99
227 100
227 101
227 117
227 118
227 119
227 227
93 93
93 94
93 95
94 94
94 95
95 95
96 96
96 97
96 98
96 228
96 229
96 230
97 97
97 98
97 228
97 229
97 230
98 98
98 228
98 229
98 230
228 99
228 100
228 101
228 105
228 106
228 107
228 117
228 118
228 119
228 120
228 121
228 122
228 228
228 229
228 230
229 99
229 100
229 101
229 105
229 106
229 107
229 117
229 118
229 119
229 120
229 121
229 122
229 229
229 230
230 99
230 100
230 101
230 105
230 106
230 107
230 117
230 118
230 119
230 120
230 121
230 122
230 230
99 99
99 100
99 101
99 231
99 232
99 233
100 100
100 101
100 231
100 232
100 233
101 101
101 231
101 232
101 233
231 102
231 103
231 104
231 108
231 109
231 110
231 120
231 121
231 122
231 231
231 232
231 233
232 102
232 103
232 104
232 108
232 109
232 110
232 120
232 121
232 122
232 232
232 233
233 102
233 103
233 104
233 108
233 109
233 110
233 120
233 121
233 122
233 233
102 102
102 103
102 104
103 103
103 104
104 104
105 105
105 106
105 107
105 234
105 235
105 236
106 106
106 107
106 234
106 235
106 236
107 107
107 234
107 235
107 236
234 108
234 109
234 110
234 120
234 121
234 122
234 123
234 124
234 125
234 234
234 235
234 236
235 108
235 109
235 110
235 120
235 121
235 122
235 123
235 124
235 125
235 235
235 236
236 108
236 109
236 110
236 120
236 121
236 122
236 123
236 124
236 125
236 236
108 108
108 109
108 110
108 237
108 238
108 239
109 109
109 110
109 237
109 238
109 239
110 110
110 237
110 238
110 239
237 111
237 112
237 113
237 123
237 124
237 125
237 237
237 238
237 239
238 111
238 112
238 113
238 123
238 124
238 125
238 238
238 239
239 111
239 112
239 113
239 123
239 124
239 125
239 239
111 111
111 112
111 113
112 112
112 113
113 113
114 114
114 115
114 116
115 115
115 116
116 116
117 117
117 118
117 119
118 118
118 119
119 119
120 120
120 121
120 122
121 121
121 122
122 122
123 123
123 124
123 125
124 124
124 125
125 125
