600 7180
0 0
0 1
0 2
0 3
0 300
0 301
0 302
0 303
0 304
0 305
0 306
0 307
0 308
0 309
0 310
0 311
1 1
1 2
1 3
1 300
1 301
1 302
1 303
1 304
1 305
1 306
1 307
1 308
1 309
1 310
1 311
2 2
2 3
2 300
2 301
2 302
2 303
2 304
2 305
2 306
2 307
2 308
2 309
2 310
2 311
3 3
3 300
3 301
3 302
3 303
3 304
3 305
3 306
3 307
3 308
3 309
3 310
3 311
300 4
300 5
300 6
300 7
300 8
300 9
300 10
300 11
300 12
300 13
300 14
300 15
300 300
300 301
300 302
300 303
301 4
301 5
301 6
301 7
301 8
301 9
301 10
301 11
301 12
301 13
301 14
301 15
301 301
301 302
301 303
302 4
302 5
302 6
302 7
302 8
302 9
302 10
302 11
302 12
302 13
302 14
302 15
302 302
302 303
303 4
303 5
303 6
303 7
303 8
303 9
303 10
303 11
303 12
303 13
303 14
303 15
303 303
304 8
304 9
304 10
304 11
304 16
304 17
304 18
304 19
304 20
304 21
304 22
304 23
304 304
304 305
304 306
304 307
305 8
305 9
305 10
305 11
305 16
305 17
305 18
305 19
305 20
305 21
305 22
305 23
305 305
305 306
305 307
306 8
306 9
306 10
306 11
306 16
306 17
306 18
306 19
306 20
306 21
306 22
306 23
306 306
306 307
307 8
307 9
307 10
307 11
307 16
307 17
307 18
307 19
307 20
307 21
307 22
307 23
307 307
308 12
308 13
308 14
308 15
308 20
308 21
308 22
308 23
308 24
308 25
308 26
308 27
308 308
308 309
308 310
308 311
309 12
309 13
309 14
309 15
309 20
309 21
309 22
309 23
309 24
309 25
309 26
309 27
309 309
309 310
309 311
310 12
310 13
310 14
310 15
310 20
310 21
310 22
310 23
310 24
310 25
310 26
310 27
310 310
310 311
311 12
311 13
311 14
311 15
311 20
311 21
311 22
311 23
311 24
311 25
311 26
311 27
311 311
4 4
4 5
4 6
4 7
4 312
4 313
4 314
4 315
4 316
4 317
4 318
4 319
5 5
5 6
5 7
5 312
5 313
5 314
5 315
5 316
5 317
5 318
5 319
6 6
6 7
6 312
6 313
6 314
6 315
6 316
6 317
6 318
6 319
7 7
7 312
7 313
7 314
7 315
7 316
7 317
7 318
7 319
312 8
312 9
312 10
312 11
312 28
312 29
312 30
312 31
312 32
312 33
312 34
312 35
312 312
312 313
312 314
312 315
313 8
313 9
313 10
313 11
313 28
313 29
313 30
313 31
313 32
313 33
313 34
313 35
313 313
313 314
313 315
314 8
314 9
314 10
314 11
314 28
314 29
314 30
314 31
314 32
314 33
314 34
314 35
314 314
314 315
315 8
315 9
315 10
315 11
315 28
315 29
315 30
315 31
315 32
315 33
315 34
315 35
315 315
316 12
316 13
316 14
316 15
316 32
316 33
316 34
316 35
316 36
316 37
316 38
316 39
316 316
316 317
316 318
316 319
317 12
317 13
317 14
317 15
317 32
317 33
317 34
317 35
317 36
317 37
317 38
317 39
317 317
317 318
317 319
318 12
318 13
318 14
318 15
318 32
318 33
318 34
318 35
318 36
318 37
318 38
318 39
318 318
318 319
319 12
319 13
319 14
319 15
319 32
319 33
319 34
319 35
319 36
319 37
319 38
319 39
319 319
8 8
8 9
8 10
8 11
8 320
8 321
8 322
8 323
8 324
8 325
8 326
8 327
9 9
9 10
9 11
9 320
9 321
9 322
9 323
9 324
9 325
9 326
9 327
10 10
10 11
10 320
10 321
10 322
10 323
10 324
10 325
10 326
10 327
11 11
11 320
11 321
11 322
11 323
11 324
11 325
11 326
11 327
320 16
320 17
320 18
320 19
320 28
320 29
320 30
320 31
320 40
320 41
320 42
320 43
320 44
320 45
320 46
320 47
320 320
320 321
320 322
320 323
321 16
321 17
321 18
321 19
321 28
321 29
321 30
321 31
321 40
321 41
321 42
321 43
321 44
321 45
321 46
321 47
321 321
321 322
321 323
322 16
322 17
322 18
322 19
322 28
322 29
322 30
322 31
322 40
322 41
322 42
322 43
322 44
322 45
322 46
322 47
322 322
322 323
323 16
323 17
323 18
323 19
323 28
323 29
323 30
323 31
323 40
323 41
323 42
323 43
323 44
323 45
323 46
323 47
323 323
324 12
324 13
324 14
324 15
324 20
324 21
324 22
324 23
324 32
324 33
324 34
324 35
324 44
324 45
324 46
324 47
324 48
324 49
324 50
324 51
324 324
324 325
324 326
324 327
325 12
325 13
325 14
325 15
325 20
325 21
325 22
325 23
325 32
325 33
325 34
325 35
325 44
325 45
325 46
325 47
325 48
325 49
325 50
325 51
325 325
325 326
325 327
326 12
326 13
326 14
326 15
326 20
326 21
326 22
326 23
326 32
326 33
326 34
326 35
326 44
326 45
326 46
326 47
326 48
326 49
326 50
326 51
326 326
326 327
327 12
327 13
327 14
327 15
327 20
327 21
327 22
327 23
327 32
327 33
327 34
327 35
327 44
327 45
327 46
327 47
327 48
327 49
327 50
327 51
327 327
12 12
12 13
12 14
12 15
12 328
12 329
12 330
12 331
13 13
13 14
13 15
13 328
13 329
13 330
13 331
14 14
14 15
14 328
14 329
14 330
14 331
15 15
15 328
15 329
15 330
15 331
328 24
328 25
328 26
328 27
328 36
328 37
328 38
328 39
328 48
328 49
328 50
328 51
328 52
328 53
328 54
328 55
328 328
328 329
328 330
328 331
329 24
329 25
329 26
329 27
329 36
329 37
329 38
329 39
329 48
329 49
329 50
329 51
329 52
329 53
329 54
329 55
329 329
329 330
329 331
330 24
330 25
330 26
330 27
330 36
330 37
330 38
330 39
330 48
330 49
330 50
330 51
330 52
330 53
330 54
330 55
330 330
330 331
331 24
331 25
331 26
331 27
331 36
331 37
331 38
331 39
331 48
331 49
331 50
331 51
331 52
331 53
331 54
331 55
331 331
16 16
16 17
16 18
16 19
16 332
16 333
16 334
16 335
16 336
16 337
16 338
16 339
17 17
17 18
17 19
17 332
17 333
17 334
17 335
17 336
17 337
17 338
17 339
18 18
18 19
18 332
18 333
18 334
18 335
18 336
18 337
18 338
18 339
19 19
19 332
19 333
19 334
19 335
19 336
19 337
19 338
19 339
332 40
332 41
332 42
332 43
332 56
332 57
332 58
332 59
332 60
332 61
332 62
332 63
332 332
332 333
332 334
332 335
333 40
333 41
333 42
333 43
333 56
333 57
333 58
333 59
333 60
333 61
333 62
333 63
333 333
333 334
333 335
334 40
334 41
334 42
334 43
334 56
334 57
334 58
334 59
334 60
334 61
334 62
334 63
334 334
334 335
335 40
335 41
335 42
335 43
335 56
335 57
335 58
335 59
335 60
335 61
335 62
335 63
335 335
336 20
336 21
336 22
336 23
336 44
336 45
336 46
336 47
336 60
336 61
336 62
336 63
336 64
336 65
336 66
336 67
336 336
336 337
336 338
336 339
337 20
337 21
337 22
337 23
337 44
337 45
337 46
337 47
337 60
337 61
337 62
337 63
337 64
337 65
337 66
337 67
337 337
337 338
337 339
338 20
338 21
338 22
338 23
338 44
338 45
338 46
338 47
338 60
338 61
338 62
338 63
338 64
338 65
338 66
338 67
338 338
338 339
339 20
339 21
339 22
339 23
339 44
339 45
339 46
339 47
339 60
339 61
339 62
339 63
339 64
339 65
339 66
339 67
339 339
20 20
20 21
20 22
20 23
20 340
20 341
20 342
20 343
21 21
21 22
21 23
21 340
21 341
21 342
21 343
22 22
22 23
22 340
22 341
22 342
22 343
23 23
23 340
23 341
23 342
23 343
340 24
340 25
340 26
340 27
340 48
340 49
340 50
340 51
340 64
340 65
340 66
340 67
340 68
340 69
340 70
340 71
340 340
340 341
340 342
340 343
341 24
341 25
341 26
341 27
341 48
341 49
341 50
341 51
341 64
341 65
341 66
341 67
341 68
341 69
341 70
341 71
341 341
341 342
341 343
342 24
342 25
342 26
342 27
342 48
342 49
342 50
342 51
342 64
342 65
342 66
342 67
342 68
342 69
342 70
342 71
342 342
342 343
343 24
343 25
343 26
343 27
343 48
343 49
343 50
343 51
343 64
343 65
343 66
343 67
343 68
343 69
343 70
343 71
343 343
24 24
24 25
24 26
24 27
24 344
24 345
24 346
24 347
25 25
25 26
25 27
25 344
25 345
25 346
25 347
26 26
26 27
26 344
26 345
26 346
26 347
27 27
27 344
27 345
27 346
27 347
344 52
344 53
344 54
344 55
344 68
344 69
344 70
344 71
344 72
344 73
344 74
344 75
344 344
344 345
344 346
344 347
345 52
345 53
345 54
345 55
345 68
345 69
345 70
345 71
345 72
345 73
345 74
345 75
345 345
345 346
345 347
346 52
346 53
346 54
346 55
346 68
346 69
346 70
346 71
346 72
346 73
346 74
346 75
346 346
346 347
347 52
347 53
347 54
347 55
347 68
347 69
347 70
347 71
347 72
347 73
347 74
347 75
347 347
28 28
28 29
28 30
28 31
28 348
28 349
28 350
28 351
28 352
28 353
28 354
28 355
29 29
29 30
29 31
29 348
29 349
29 350
29 351
29 352
29 353
29 354
29 355
30 30
30 31
30 348
30 349
30 350
30 351
30 352
30 353
30 354
30 355
31 31
31 348
31 349
31 350
31 351
31 352
31 353
31 354
31 355
348 40
348 41
348 42
348 43
348 76
348 77
348 78
348 79
348 80
348 81
348 82
348 83
348 348
348 349
348 350
348 351
349 40
349 41
349 42
349 43
349 76
349 77
349 78
349 79
349 80
349 81
349 82
349 83
349 349
349 350
349 351
350 40
350 41
350 42
350 43
350 76
350 77
350 78
350 79
350 80
350 81
350 82
350 83
350 350
350 351
351 40
351 41
351 42
351 43
351 76
351 77
351 78
351 79
351 80
351 81
351 82
351 83
351 351
352 32
352 33
352 34
352 35
352 44
352 45
352 46
352 47
352 80
352 81
352 82
352 83
352 84
352 85
352 86
352 87
352 352
352 353
352 354
352 355
353 32
353 33
353 34
353 35
353 44
353 45
353 46
353 47
353 80
353 81
353 82
353 83
353 84
353 85
353 86
353 87
353 353
353 354
353 355
354 32
354 33
354 34
354 35
354 44
354 45
354 46
354 47
354 80
354 81
354 82
354 83
354 84
354 85
354 86
354 87
354 354
354 355
355 32
355 33
355 34
355 35
355 44
355 45
355 46
355 47
355 80
355 81
355 82
355 83
355 84
355 85
355 86
355 87
355 355
32 32
32 33
32 34
32 35
32 356
32 357
32 358
32 359
33 33
33 34
33 35
33 356
33 357
33 358
33 359
34 34
34 35
34 356
34 357
34 358
34 359
35 35
35 356
35 357
35 358
35 359
356 36
356 37
356 38
356 39
356 48
356 49
356 50
356 51
356 84
356 85
356 86
356 87
356 88
356 89
356 90
356 91
356 356
356 357
356 358
356 359
357 36
357 37
357 38
357 39
357 48
357 49
357 50
357 51
357 84
357 85
357 86
357 87
357 88
357 89
357 90
357 91
357 357
357 358
357 359
358 36
358 37
358 38
358 39
358 48
358 49
358 50
358 51
358 84
358 85
358 86
358 87
358 88
358 89
358 90
358 91
358 358
358 359
359 36
359 37
359 38
359 39
359 48
359 49
359 50
359 51
359 84
359 85
359 86
359 87
359 88
359 89
359 90
359 91
359 359
36 36
36 37
36 38
36 39
36 360
36 361
36 362
36 363
37 37
37 38
37 39
37 360
37 361
37 362
37 363
38 38
38 39
38 360
38 361
38 362
38 363
39 39
39 360
39 361
39 362
39 363
360 52
360 53
360 54
360 55
360 88
360 89
360 90
360 91
360 92
360 93
360 94
360 95
360 360
360 361
360 362
360 363
361 52
361 53
361 54
361 55
361 88
361 89
361 90
361 91
361 92
361 93
361 94
361 95
361 361
361 362
361 363
362 52
362 53
362 54
362 55
362 88
362 89
362 90
362 91
362 92
362 93
362 94
362 95
362 362
362 363
363 52
363 53
363 54
363 55
363 88
363 89
363 90
363 91
363 92
363 93
363 94
363 95
363 363
40 40
40 41
40 42
40 43
40 364
40 365
40 366
40 367
40 368
40 369
40 370
40 371
41 41
41 42
41 43
41 364
41 365
41 366
41 367
41 368
41 369
41 370
41 371
42 42
42 43
42 364
42 365
42 366
42 367
42 368
42 369
42 370
42 371
43 43
43 364
43 365
43 366
43 367
43 368
43 369
43 370
43 371
364 56
364 57
364 58
364 59
364 76
364 77
364 78
364 79
364 96
364 97
364 98
364 99
364 364
364 365
364 366
364 367
365 56
365 57
365 58
365 59
365 76
365 77
365 78
365 79
365 96
365 97
365 98
365 99
365 365
365 366
365 367
366 56
366 57
366 58
366 59
366 76
366 77
366 78
366 79
366 96
366 97
366 98
366 99
366 366
366 367
367 56
367 57
367 58
367 59
367 76
367 77
367 78
367 79
367 96
367 97
367 98
367 99
367 367
368 44
368 45
368 46
368 47
368 60
368 61
368 62
368 63
368 80
368 81
368 82
368 83
368 96
368 97
368 98
368 99
368 100
368 101
368 102
368 103
368 368
368 369
368 370
368 371
369 44
369 45
369 46
369 47
369 60
369 61
369 62
369 63
369 80
369 81
369 82
369 83
369 96
369 97
369 98
369 99
369 100
369 101
369 102
369 103
369 369
369 370
369 371
370 44
370 45
370 46
370 47
370 60
370 61
370 62
370 63
370 80
370 81
370 82
370 83
370 96
370 97
370 98
370 99
370 100
370 101
370 102
370 103
370 370
370 371
371 44
371 45
371 46
371 47
371 60
371 61
371 62
371 63
371 80
371 81
371 82
371 83
371 96
371 97
371 98
371 99
371 100
371 101
371 102
371 103
371 371
44 44
44 45
44 46
44 47
44 372
44 373
44 374
44 375
45 45
45 46
45 47
45 372
45 373
45 374
45 375
46 46
46 47
46 372
46 373
46 374
46 375
47 47
47 372
47 373
47 374
47 375
372 48
372 49
372 50
372 51
372 64
372 65
372 66
372 67
372 84
372 85
372 86
372 87
372 100
372 101
372 102
372 103
372 104
372 105
372 106
372 107
372 372
372 373
372 374
372 375
373 48
373 49
373 50
373 51
373 64
373 65
373 66
373 67
373 84
373 85
373 86
373 87
373 100
373 101
373 102
373 103
373 104
373 105
373 106
373 107
373 373
373 374
373 375
374 48
374 49
374 50
374 51
374 64
374 65
374 66
374 67
374 84
374 85
374 86
374 87
374 100
374 101
374 102
374 103
374 104
374 105
374 106
374 107
374 374
374 375
375 48
375 49
375 50
375 51
375 64
375 65
375 66
375 67
375 84
375 85
375 86
375 87
375 100
375 101
375 102
375 103
375 104
375 105
375 106
375 107
375 375
48 48
48 49
48 50
48 51
48 376
48 377
48 378
48 379
49 49
49 50
49 51
49 376
49 377
49 378
49 379
50 50
50 51
50 376
50 377
50 378
50 379
51 51
51 376
51 377
51 378
51 379
376 52
376 53
376 54
376 55
376 68
376 69
376 70
376 71
376 88
376 89
376 90
376 91
376 104
376 105
376 106
376 107
376 108
376 109
376 110
376 111
376 376
376 377
376 378
376 379
377 52
377 53
377 54
377 55
377 68
377 69
377 70
377 71
377 88
377 89
377 90
377 91
377 104
377 105
377 106
377 107
377 108
377 109
377 110
377 111
377 377
377 378
377 379
378 52
378 53
378 54
378 55
378 68
378 69
378 70
378 71
378 88
378 89
378 90
378 91
378 104
378 105
378 106
378 107
378 108
378 109
378 110
378 111
378 378
378 379
379 52
379 53
379 54
379 55
379 68
379 69
379 70
379 71
379 88
379 89
379 90
379 91
379 104
379 105
379 106
379 107
379 108
379 109
379 110
379 111
379 379
52 52
52 53
52 54
52 55
52 380
52 381
52 382
52 383
53 53
53 54
53 55
53 380
53 381
53 382
53 383
54 54
54 55
54 380
54 381
54 382
54 383
55 55
55 380
55 381
55 382
55 383
380 72
380 73
380 74
380 75
380 92
380 93
380 94
380 95
380 108
380 109
380 110
380 111
380 112
380 113
380 114
380 115
380 380
380 381
380 382
380 383
381 72
381 73
381 74
381 75
381 92
381 93
381 94
381 95
381 108
381 109
381 110
381 111
381 112
381 113
381 114
381 115
381 381
381 382
381 383
382 72
382 73
382 74
382 75
382 92
382 93
382 94
382 95
382 108
382 109
382 110
382 111
382 112
382 113
382 114
382 115
382 382
382 383
383 72
383 73
383 74
383 75
383 92
383 93
383 94
383 95
383 108
383 109
383 110
383 111
383 112
383 113
383 114
383 115
383 383
56 56
56 57
56 58
56 59
56 384
56 385
56 386
56 387
57 57
57 58
57 59
57 384
57 385
57 386
57 387
58 58
58 59
58 384
58 385
58 386
58 387
59 59
59 384
59 385
59 386
59 387
384 60
384 61
384 62
384 63
384 96
384 97
384 98
384 99
384 116
384 117
384 118
384 119
384 384
384 385
384 386
384 387
385 60
385 61
385 62
385 63
385 96
385 97
385 98
385 99
385 116
385 117
385 118
385 119
385 385
385 386
385 387
386 60
386 61
386 62
386 63
386 96
386 97
386 98
386 99
386 116
386 117
386 118
386 119
386 386
386 387
387 60
387 61
387 62
387 63
387 96
387 97
387 98
387 99
387 116
387 117
387 118
387 119
387 387
60 60
60 61
60 62
60 63
60 388
60 389
60 390
60 391
61 61
61 62
61 63
61 388
61 389
61 390
61 391
62 62
62 63
62 388
62 389
62 390
62 391
63 63
63 388
63 389
63 390
63 391
388 64
388 65
388 66
388 67
388 100
388 101
388 102
388 103
388 116
388 117
388 118
388 119
388 120
388 121
388 122
388 123
388 388
388 389
388 390
388 391
389 64
389 65
389 66
389 67
389 100
389 101
389 102
389 103
389 116
389 117
389 118
389 119
389 120
389 121
389 122
389 123
389 389
389 390
389 391
390 64
390 65
390 66
390 67
390 100
390 101
390 102
390 103
390 116
390 117
390 118
390 119
390 120
390 121
390 122
390 123
390 390
390 391
391 64
391 65
391 66
391 67
391 100
391 101
391 102
391 103
391 116
391 117
391 118
391 119
391 120
391 121
391 122
391 123
391 391
64 64
64 65
64 66
64 67
64 392
64 393
64 394
64 395
65 65
65 66
65 67
65 392
65 393
65 394
65 395
66 66
66 67
66 392
66 393
66 394
66 395
67 67
67 392
67 393
67 394
67 395
392 68
392 69
392 70
392 71
392 104
392 105
392 106
392 107
392 120
392 121
392 122
392 123
392 124
392 125
392 126
392 127
392 392
392 393
392 394
392 395
393 68
393 69
393 70
393 71
393 104
393 105
393 106
393 107
393 120
393 121
393 122
393 123
393 124
393 125
393 126
393 127
393 393
393 394
393 395
394 68
394 69
394 70
394 71
394 104
394 105
394 106
394 107
394 120
394 121
394 122
394 123
394 124
394 125
394 126
394 127
394 394
394 395
395 68
395 69
395 70
395 71
395 104
395 105
395 106
395 107
395 120
395 121
395 122
395 123
395 124
395 125
395 126
395 127
395 395
68 68
68 69
68 70
68 71
68 396
68 397
68 398
68 399
69 69
69 70
69 71
69 396
69 397
69 398
69 399
70 70
70 71
70 396
70 397
70 398
70 399
71 71
71 396
71 397
71 398
71 399
396 72
396 73
396 74
396 75
396 108
396 109
396 110
396 111
396 124
396 125
396 126
396 127
396 128
396 129
396 130
396 131
396 396
396 397
396 398
396 399
397 72
397 73
397 74
397 75
397 108
397 109
397 110
397 111
397 124
397 125
397 126
397 127
397 128
397 129
397 130
397 131
397 397
397 398
397 399
398 72
398 73
398 74
398 75
398 108
398 109
398 110
398 111
398 124
398 125
398 126
398 127
398 128
398 129
398 130
398 131
398 398
398 399
399 72
399 73
399 74
399 75
399 108
399 109
399 110
399 111
399 124
399 125
399 126
399 127
399 128
399 129
399 130
399 131
399 399
72 72
72 73
72 74
72 75
72 400
72 401
72 402
72 403
73 73
73 74
73 75
73 400
73 401
73 402
73 403
74 74
74 75
74 400
74 401
74 402
74 403
75 75
75 400
75 401
75 402
75 403
400 112
400 113
400 114
400 115
400 128
400 129
400 130
400 131
400 132
400 133
400 134
400 135
400 400
400 401
400 402
400 403
401 112
401 113
401 114
401 115
401 128
401 129
401 130
401 131
401 132
401 133
401 134
401 135
401 401
401 402
401 403
402 112
402 113
402 114
402 115
402 128
402 129
402 130
402 131
402 132
402 133
402 134
402 135
402 402
402 403
403 112
403 113
403 114
403 115
403 128
403 129
403 130
403 131
403 132
403 133
403 134
403 135
403 403
76 76
76 77
76 78
76 79
76 404
76 405
76 406
76 407
77 77
77 78
77 79
77 404
77 405
77 406
77 407
78 78
78 79
78 404
78 405
78 406
78 407
79 79
79 404
79 405
79 406
79 407
404 80
404 81
404 82
404 83
404 96
404 97
404 98
404 99
404 136
404 137
404 138
404 139
404 404
404 405
404 406
404 407
405 80
405 81
405 82
405 83
405 96
405 97
405 98
405 99
405 136
405 137
405 138
405 139
405 405
405 406
405 407
406 80
406 81
406 82
406 83
406 96
406 97
406 98
406 99
406 136
406 137
406 138
406 139
406 406
406 407
407 80
407 81
407 82
407 83
407 96
407 97
407 98
407 99
407 136
407 137
407 138
407 139
407 407
80 80
80 81
80 82
80 83
80 408
80 409
80 410
80 411
81 81
81 82
81 83
81 408
81 409
81 410
81 411
82 82
82 83
82 408
82 409
82 410
82 411
83 83
83 408
83 409
83 410
83 411
408 84
408 85
408 86
408 87
408 100
408 101
408 102
408 103
408 136
408 137
408 138
408 139
408 140
408 141
408 142
408 143
408 408
408 409
408 410
408 411
409 84
409 85
409 86
409 87
409 100
409 101
409 102
409 103
409 136
409 137
409 138
409 139
409 140
409 141
409 142
409 143
409 409
409 410
409 411
410 84
410 85
410 86
410 87
410 100
410 101
410 102
410 103
410 136
410 137
410 138
410 139
410 140
410 141
410 142
410 143
410 410
410 411
411 84
411 85
411 86
411 87
411 100
411 101
411 102
411 103
411 136
411 137
411 138
411 139
411 140
411 141
411 142
411 143
411 411
84 84
84 85
84 86
84 87
84 412
84 413
84 414
84 415
85 85
85 86
85 87
85 412
85 413
85 414
85 415
86 86
86 87
86 412
86 413
86 414
86 415
87 87
87 412
87 413
87 414
87 415
412 88
412 89
412 90
412 91
412 104
412 105
412 106
412 107
412 140
412 141
412 142
412 143
412 144
412 145
412 146
412 147
412 412
412 413
412 414
412 415
413 88
413 89
413 90
413 91
413 104
413 105
413 106
413 107
413 140
413 141
413 142
413 143
413 144
413 145
413 146
413 147
413 413
413 414
413 415
414 88
414 89
414 90
414 91
414 104
414 105
414 106
414 107
414 140
414 141
414 142
414 143
414 144
414 145
414 146
414 147
414 414
414 415
415 88
415 89
415 90
415 91
415 104
415 105
415 106
415 107
415 140
415 141
415 142
415 143
415 144
415 145
415 146
415 147
415 415
88 88
88 89
88 90
88 91
88 416
88 417
88 418
88 419
89 89
89 90
89 91
89 416
89 417
89 418
89 419
90 90
90 91
90 416
90 417
90 418
90 419
91 91
91 416
91 417
91 418
91 419
416 92
416 93
416 94
416 95
416 108
416 109
416 110
416 111
416 144
416 145
416 146
416 147
416 148
416 149
416 150
416 151
416 416
416 417
416 418
416 419
417 92
417 93
417 94
417 95
417 108
417 109
417 110
417 111
417 144
417 145
417 146
417 147
417 148
417 149
417 150
417 151
417 417
417 418
417 419
418 92
418 93
418 94
418 95
418 108
418 109
418 110
418 111
418 144
418 145
418 146
418 147
418 148
418 149
418 150
418 151
418 418
418 419
419 92
419 93
419 94
419 95
419 108
419 109
419 110
419 111
419 144
419 145
419 146
419 147
419 148
419 149
419 150
419 151
419 419
92 92
92 93
92 94
92 95
92 420
92 421
92 422
92 423
93 93
93 94
93 95
93 420
93 421
93 422
93 423
94 94
94 95
94 420
94 421
94 422
94 423
95 95
95 420
95 421
95 422
95 423
420 112
420 113
420 114
420 115
420 148
420 149
420 150
420 151
420 152
420 153
420 154
420 155
420 420
420 421
420 422
420 423
421 112
421 113
421 114
421 115
421 148
421 149
421 150
421 151
421 152
421 153
421 154
421 155
421 421
421 422
421 423
422 112
422 113
422 114
422 115
422 148
422 149
422 150
422 151
422 152
422 153
422 154
422 155
422 422
422 423
423 112
423 113
423 114
423 115
423 148
423 149
423 150
423 151
423 152
423 153
423 154
423 155
423 423
96 96
96 97
96 98
96 99
96 424
96 425
96 426
96 427
97 97
97 98
97 99
97 424
97 425
97 426
97 427
98 98
98 99
98 424
98 425
98 426
98 427
99 99
99 424
99 425
99 426
99 427
424 100
424 101
424 102
424 103
424 116
424 117
424 118
424 119
424 136
424 137
424 138
424 139
424 156
424 157
424 158
424 159
424 424
424 425
424 426
424 427
425 100
425 101
425 102
425 103
425 116
425 117
425 118
425 119
425 136
425 137
425 138
425 139
425 156
425 157
425 158
425 159
425 425
425 426
425 427
426 100
426 101
426 102
426 103
426 116
426 117
426 118
426 119
426 136
426 137
426 138
426 139
426 156
426 157
426 158
426 159
426 426
426 427
427 100
427 101
427 102
427 103
427 116
427 117
427 118
427 119
427 136
427 137
427 138
427 139
427 156
427 157
427 158
427 159
427 427
100 100
100 101
100 102
100 103
100 428
100 429
100 430
100 431
101 101
101 102
101 103
101 428
101 429
101 430
101 431
102 102
102 103
102 428
102 429
102 430
102 431
103 103
103 428
103 429
103 430
103 431
428 104
428 105
428 106
428 107
428 120
428 121
428 122
428 123
428 140
428 141
428 142
428 143
428 156
428 157
428 158
428 159
428 160
428 161
428 162
428 163
428 428
428 429
428 430
428 431
429 104
429 105
429 106
429 107
429 120
429 121
429 122
429 123
429 140
429 141
429 142
429 143
429 156
429 157
429 158
429 159
429 160
429 161
429 162
429 163
429 429
429 430
429 431
430 104
430 105
430 106
430 107
430 120
430 121
430 122
430 123
430 140
430 141
430 142
430 143
430 156
430 157
430 158
430 159
430 160
430 161
430 162
430 163
430 430
430 431
431 104
431 105
431 106
431 107
431 120
431 121
431 122
431 123
431 140
431 141
431 142
431 143
431 156
431 157
431 158
431 159
431 160
431 161
431 162
431 163
431 431
104 104
104 105
104 106
104 107
104 432
104 433
104 434
104 435
105 105
105 106
105 107
105 432
105 433
105 434
105 435
106 106
106 107
106 432
106 433
106 434
106 435
107 107
107 432
107 433
107 434
107 435
432 108
432 109
432 110
432 111
432 124
432 125
432 126
432 127
432 144
432 145
432 146
432 147
432 160
432 161
432 162
432 163
432 164
432 165
432 166
432 167
432 432
432 433
432 434
432 435
433 108
433 109
433 110
433 111
433 124
433 125
433 126
433 127
433 144
433 145
433 146
433 147
433 160
433 161
433 162
433 163
433 164
433 165
433 166
433 167
433 433
433 434
433 435
434 108
434 109
434 110
434 111
434 124
434 125
434 126
434 127
434 144
434 145
434 146
434 147
434 160
434 161
434 162
434 163
434 164
434 165
434 166
434 167
434 434
434 435
435 108
435 109
435 110
435 111
435 124
435 125
435 126
435 127
435 144
435 145
435 146
435 147
435 160
435 161
435 162
435 163
435 164
435 165
435 166
435 167
435 435
108 108
108 109
108 110
108 111
108 436
108 437
108 438
108 439
109 109
109 110
109 111
109 436
109 437
109 438
109 439
110 110
110 111
110 436
110 437
110 438
110 439
111 111
111 436
111 437
111 438
111 439
436 112
436 113
436 114
436 115
436 128
436 129
436 130
436 131
436 148
436 149
436 150
436 151
436 164
436 165
436 166
436 167
436 168
436 169
436 170
436 171
436 436
436 437
436 438
436 439
437 112
437 113
437 114
437 115
437 128
437 129
437 130
437 131
437 148
437 149
437 150
437 151
437 164
437 165
437 166
437 167
437 168
437 169
437 170
437 171
437 437
437 438
437 439
438 112
438 113
438 114
438 115
438 128
438 129
438 130
438 131
438 148
438 149
438 150
438 151
438 164
438 165
438 166
438 167
438 168
438 169
438 170
438 171
438 438
438 439
439 112
439 113
439 114
439 115
439 128
439 129
439 130
439 131
439 148
439 149
439 150
439 151
439 164
439 165
439 166
439 167
439 168
439 169
439 170
439 171
439 439
112 112
112 113
112 114
112 115
112 440
112 441
112 442
112 443
113 113
113 114
113 115
113 440
113 441
113 442
113 443
114 114
114 115
114 440
114 441
114 442
114 443
115 115
115 440
115 441
115 442
115 443
440 132
440 133
440 134
440 135
440 152
440 153
440 154
440 155
440 168
440 169
440 170
440 171
440 172
440 173
440 174
440 175
440 440
440 441
440 442
440 443
441 132
441 133
441 134
441 135
441 152
441 153
441 154
441 155
441 168
441 169
441 170
441 171
441 172
441 173
441 174
441 175
441 441
441 442
441 443
442 132
442 133
442 134
442 135
442 152
442 153
442 154
442 155
442 168
442 169
442 170
442 171
442 172
442 173
442 174
442 175
442 442
442 443
443 132
443 133
443 134
443 135
443 152
443 153
443 154
443 155
443 168
443 169
443 170
443 171
443 172
443 173
443 174
443 175
443 443
116 116
116 117
116 118
116 119
116 444
116 445
116 446
116 447
117 117
117 118
117 119
117 444
117 445
117 446
117 447
118 118
118 119
118 444
118 445
118 446
118 447
119 119
119 444
119 445
119 446
119 447
444 120
444 121
444 122
444 123
444 156
444 157
444 158
444 159
444 176
444 177
444 178
444 179
444 444
444 445
444 446
444 447
445 120
445 121
445 122
445 123
445 156
445 157
445 158
445 159
445 176
445 177
445 178
445 179
445 445
445 446
445 447
446 120
446 121
446 122
446 123
446 156
446 157
446 158
446 159
446 176
446 177
446 178
446 179
446 446
446 447
447 120
447 121
447 122
447 123
447 156
447 157
447 158
447 159
447 176
447 177
447 178
447 179
447 447
120 120
120 121
120 122
120 123
120 448
120 449
120 450
120 451
121 121
121 122
121 123
121 448
121 449
121 450
121 451
122 122
122 123
122 448
122 449
122 450
122 451
123 123
123 448
123 449
123 450
123 451
448 124
448 125
448 126
448 127
448 160
448 161
448 162
448 163
448 176
448 177
448 178
448 179
448 180
448 181
448 182
448 183
448 448
448 449
448 450
448 451
449 124
449 125
449 126
449 127
449 160
449 161
449 162
449 163
449 176
449 177
449 178
449 179
449 180
449 181
449 182
449 183
449 449
449 450
449 451
450 124
450 125
450 126
450 127
450 160
450 161
450 162
450 163
450 176
450 177
450 178
450 179
450 180
450 181
450 182
450 183
450 450
450 451
451 124
451 125
451 126
451 127
451 160
451 161
451 162
451 163
451 176
451 177
451 178
451 179
451 180
451 181
451 182
451 183
451 451
124 124
124 125
124 126
124 127
124 452
124 453
124 454
124 455
125 125
125 126
125 127
125 452
125 453
125 454
125 455
126 126
126 127
126 452
126 453
126 454
126 455
127 127
127 452
127 453
127 454
127 455
452 128
452 129
452 130
452 131
452 164
452 165
452 166
452 167
452 180
452 181
452 182
452 183
452 184
452 185
452 186
452 187
452 452
452 453
452 454
452 455
453 128
453 129
453 130
453 131
453 164
453 165
453 166
453 167
453 180
453 181
453 182
453 183
453 184
453 185
453 186
453 187
453 453
453 454
453 455
454 128
454 129
454 130
454 131
454 164
454 165
454 166
454 167
454 180
454 181
454 182
454 183
454 184
454 185
454 186
454 187
454 454
454 455
455 128
455 129
455 130
455 131
455 164
455 165
455 166
455 167
455 180
455 181
455 182
455 183
455 184
455 185
455 186
455 187
455 455
128 128
128 129
128 130
128 131
128 456
128 457
128 458
128 459
129 129
129 130
129 131
129 456
129 457
129 458
129 459
130 130
130 131
130 456
130 457
130 458
130 459
131 131
131 456
131 457
131 458
131 459
456 132
456 133
456 134
456 135
456 168
456 169
456 170
456 171
456 184
456 185
456 186
456 187
456 188
456 189
456 190
456 191
456 456
456 457
456 458
456 459
457 132
457 133
457 134
457 135
457 168
457 169
457 170
457 171
457 184
457 185
457 186
457 187
457 188
457 189
457 190
457 191
457 457
457 458
457 459
458 132
458 133
458 134
458 135
458 168
458 169
458 170
458 171
458 184
458 185
458 186
458 187
458 188
458 189
458 190
458 191
458 458
458 459
459 132
459 133
459 134
459 135
459 168
459 169
459 170
459 171
459 184
459 185
459 186
459 187
459 188
459 189
459 190
459 191
459 459
132 132
132 133
132 134
132 135
132 460
132 461
132 462
132 463
133 133
133 134
133 135
133 460
133 461
133 462
133 463
134 134
134 135
134 460
134 461
134 462
134 463
135 135
135 460
135 461
135 462
135 463
460 172
460 173
460 174
460 175
460 188
460 189
460 190
460 191
460 192
460 193
460 194
460 195
460 460
460 461
460 462
460 463
461 172
461 173
461 174
461 175
461 188
461 189
461 190
461 191
461 192
461 193
461 194
461 195
461 461
461 462
461 463
462 172
462 173
462 174
462 175
462 188
462 189
462 190
462 191
462 192
462 193
462 194
462 195
462 462
462 463
463 172
463 173
463 174
463 175
463 188
463 189
463 190
463 191
463 192
463 193
463 194
463 195
463 463
136 136
136 137
136 138
136 139
136 464
136 465
136 466
136 467
137 137
137 138
137 139
137 464
137 465
137 466
137 467
138 138
138 139
138 464
138 465
138 466
138 467
139 139
139 464
139 465
139 466
139 467
464 140
464 141
464 142
464 143
464 156
464 157
464 158
464 159
464 196
464 197
464 198
464 199
464 464
464 465
464 466
464 467
465 140
465 141
465 142
465 143
465 156
465 157
465 158
465 159
465 196
465 197
465 198
465 199
465 465
465 466
465 467
466 140
466 141
466 142
466 143
466 156
466 157
466 158
466 159
466 196
466 197
466 198
466 199
466 466
466 467
467 140
467 141
467 142
467 143
467 156
467 157
467 158
467 159
467 196
467 197
467 198
467 199
467 467
140 140
140 141
140 142
140 143
140 468
140 469
140 470
140 471
141 141
141 142
141 143
141 468
141 469
141 470
141 471
142 142
142 143
142 468
142 469
142 470
142 471
143 143
143 468
143 469
143 470
143 471
468 144
468 145
468 146
468 147
468 160
468 161
468 162
468 163
468 196
468 197
468 198
468 199
468 200
468 201
468 202
468 203
468 468
468 469
468 470
468 471
469 144
469 145
469 146
469 147
469 160
469 161
469 162
469 163
469 196
469 197
469 198
469 199
469 200
469 201
469 202
469 203
469 469
469 470
469 471
470 144
470 145
470 146
470 147
470 160
470 161
470 162
470 163
470 196
470 197
470 198
470 199
470 200
470 201
470 202
470 203
470 470
470 471
471 144
471 145
471 146
471 147
471 160
471 161
471 162
471 163
471 196
471 197
471 198
471 199
471 200
471 201
471 202
471 203
471 471
144 144
144 145
144 146
144 147
144 472
144 473
144 474
144 475
145 145
145 146
145 147
145 472
145 473
145 474
145 475
146 146
146 147
146 472
146 473
146 474
146 475
147 147
147 472
147 473
147 474
147 475
472 148
472 149
472 150
472 151
472 164
472 165
472 166
472 167
472 200
472 201
472 202
472 203
472 204
472 205
472 206
472 207
472 472
472 473
472 474
472 475
473 148
473 149
473 150
473 151
473 164
473 165
473 166
473 167
473 200
473 201
473 202
473 203
473 204
473 205
473 206
473 207
473 473
473 474
473 475
474 148
474 149
474 150
474 151
474 164
474 165
474 166
474 167
474 200
474 201
474 202
474 203
474 204
474 205
474 206
474 207
474 474
474 475
475 148
475 149
475 150
475 151
475 164
475 165
475 166
475 167
475 200
475 201
475 202
475 203
475 204
475 205
475 206
475 207
475 475
148 148
148 149
148 150
148 151
148 476
148 477
148 478
148 479
149 149
149 150
149 151
149 476
149 477
149 478
149 479
150 150
150 151
150 476
150 477
150 478
150 479
151 151
151 476
151 477
151 478
151 479
476 152
476 153
476 154
476 155
476 168
476 169
476 170
476 171
476 204
476 205
476 206
476 207
476 208
476 209
476 210
476 211
476 476
476 477
476 478
476 479
477 152
477 153
477 154
477 155
477 168
477 169
477 170
477 171
477 204
477 205
477 206
477 207
477 208
477 209
477 210
477 211
477 477
477 478
477 479
478 152
478 153
478 154
478 155
478 168
478 169
478 170
478 171
478 204
478 205
478 206
478 207
478 208
478 209
478 210
478 211
478 478
478 479
479 152
479 153
479 154
479 155
479 168
479 169
479 170
479 171
479 204
479 205
479 206
479 207
479 208
479 209
479 210
479 211
479 479
152 152
152 153
152 154
152 155
152 480
152 481
152 482
152 483
153 153
153 154
153 155
153 480
153 481
153 482
153 483
154 154
154 155
154 480
154 481
154 482
154 483
155 155
155 480
155 481
155 482
155 483
480 172
480 173
480 174
480 175
480 208
480 209
480 210
480 211
480 212
480 213
480 214
480 215
480 480
480 481
480 482
480 483
481 172
481 173
481 174
481 175
481 208
481 209
481 210
481 211
481 212
481 213
481 214
481 215
481 481
481 482
481 483
482 172
482 173
482 174
482 175
482 208
482 209
482 210
482 211
482 212
482 213
482 214
482 215
482 482
482 483
483 172
483 173
483 174
483 175
483 208
483 209
483 210
483 211
483 212
483 213
483 214
483 215
483 483
156 156
156 157
156 158
156 159
156 484
156 485
156 486
156 487
157 157
157 158
157 159
157 484
157 485
157 486
157 487
158 158
158 159
158 484
158 485
158 486
158 487
159 159
159 484
159 485
159 486
159 487
484 160
484 161
484 162
484 163
484 176
484 177
484 178
484 179
484 196
484 197
484 198
484 199
484 216
484 217
484 218
484 219
484 484
484 485
484 486
484 487
485 160
485 161
485 162
485 163
485 176
485 177
485 178
485 179
485 196
485 197
485 198
485 199
485 216
485 217
485 218
485 219
485 485
485 486
485 487
486 160
486 161
486 162
486 163
486 176
486 177
486 178
486 179
486 196
486 197
486 198
486 199
486 216
486 217
486 218
486 219
486 486
486 487
487 160
487 161
487 162
487 163
487 176
487 177
487 178
487 179
487 196
487 197
487 198
487 199
487 216
487 217
487 218
487 219
487 487
160 160
160 161
160 162
160 163
160 488
160 489
160 490
160 491
161 161
161 162
161 163
161 488
161 489
161 490
161 491
162 162
162 163
162 488
162 489
162 490
162 491
163 163
163 488
163 489
163 490
163 491
488 164
488 165
488 166
488 167
488 180
488 181
488 182
488 183
488 200
488 201
488 202
488 203
488 216
488 217
488 218
488 219
488 220
488 221
488 222
488 223
488 488
488 489
488 490
488 491
489 164
489 165
489 166
489 167
489 180
489 181
489 182
489 183
489 200
489 201
489 202
489 203
489 216
489 217
489 218
489 219
489 220
489 221
489 222
489 223
489 489
489 490
489 491
490 164
490 165
490 166
490 167
490 180
490 181
490 182
490 183
490 200
490 201
490 202
490 203
490 216
490 217
490 218
490 219
490 220
490 221
490 222
490 223
490 490
490 491
491 164
491 165
491 166
491 167
491 180
491 181
491 182
491 183
491 200
491 201
491 202
491 203
491 216
491 217
491 218
491 219
491 220
491 221
491 222
491 223
491 491
164 164
164 165
164 166
164 167
164 492
164 493
164 494
164 495
165 165
165 166
165 167
165 492
165 493
165 494
165 495
166 166
166 167
166 492
166 493
166 494
166 495
167 167
167 492
167 493
167 494
167 495
492 168
492 169
492 170
492 171
492 184
492 185
492 186
492 187
492 204
492 205
492 206
492 207
492 220
492 221
492 222
492 223
492 224
492 225
492 226
492 227
492 492
492 493
492 494
492 495
493 168
493 169
493 170
493 171
493 184
493 185
493 186
493 187
493 204
493 205
493 206
493 207
493 220
493 221
493 222
493 223
493 224
493 225
493 226
493 227
493 493
493 494
493 495
494 168
494 169
494 170
494 171
494 184
494 185
494 186
494 187
494 204
494 205
494 206
494 207
494 220
494 221
494 222
494 223
494 224
494 225
494 226
494 227
494 494
494 495
495 168
495 169
495 170
495 171
495 184
495 185
495 186
495 187
495 204
495 205
495 206
495 207
495 220
495 221
495 222
495 223
495 224
495 225
495 226
495 227
495 495
168 168
168 169
168 170
168 171
168 496
168 497
168 498
168 499
169 169
169 170
169 171
169 496
169 497
169 498
169 499
170 170
170 171
170 496
170 497
170 498
170 499
171 171
171 496
171 497
171 498
171 499
496 172
496 173
496 174
496 175
496 188
496 189
496 190
496 191
496 208
496 209
496 210
496 211
496 224
496 225
496 226
496 227
496 228
496 229
496 230
496 231
496 496
496 497
496 498
496 499
497 172
497 173
497 174
497 175
497 188
497 189
497 190
497 191
497 208
497 209
497 210
497 211
497 224
497 225
497 226
497 227
497 228
497 229
497 230
497 231
497 497
497 498
497 499
498 172
498 173
498 174
498 175
498 188
498 189
498 190
498 191
498 208
498 209
498 210
498 211
498 224
498 225
498 226
498 227
498 228
498 229
498 230
498 231
498 498
498 499
499 172
499 173
499 174
499 175
499 188
499 189
499 190
499 191
499 208
499 209
499 210
499 211
499 224
499 225
499 226
499 227
499 228
499 229
499 230
499 231
499 499
172 172
172 173
172 174
172 175
172 500
172 501
172 502
172 503
173 173
173 174
173 175
173 500
173 501
173 502
173 503
174 174
174 175
174 500
174 501
174 502
174 503
175 175
175 500
175 501
175 502
175 503
500 192
500 193
500 194
500 195
500 212
500 213
500 214
500 215
500 228
500 229
500 230
500 231
500 232
500 233
500 234
500 235
500 500
500 501
500 502
500 503
501 192
501 193
501 194
501 195
501 212
501 213
501 214
501 215
501 228
501 229
501 230
501 231
501 232
501 233
501 234
501 235
501 501
501 502
501 503
502 192
502 193
502 194
502 195
502 212
502 213
502 214
502 215
502 228
502 229
502 230
502 231
502 232
502 233
502 234
502 235
502 502
502 503
503 192
503 193
503 194
503 195
503 212
503 213
503 214
503 215
503 228
503 229
503 230
503 231
503 232
503 233
503 234
503 235
503 503
176 176
176 177
176 178
176 179
176 504
176 505
176 506
176 507
177 177
177 178
177 179
177 504
177 505
177 506
177 507
178 178
178 179
178 504
178 505
178 506
178 507
179 179
179 504
179 505
179 506
179 507
504 180
504 181
504 182
504 183
504 216
504 217
504 218
504 219
504 236
504 237
504 238
504 239
504 504
504 505
504 506
504 507
505 180
505 181
505 182
505 183
505 216
505 217
505 218
505 219
505 236
505 237
505 238
505 239
505 505
505 506
505 507
506 180
506 181
506 182
506 183
506 216
506 217
506 218
506 219
506 236
506 237
506 238
506 239
506 506
506 507
507 180
507 181
507 182
507 183
507 216
507 217
507 218
507 219
507 236
507 237
507 238
507 239
507 507
180 180
180 181
180 182
180 183
180 508
180 509
180 510
180 511
181 181
181 182
181 183
181 508
181 509
181 510
181 511
182 182
182 183
182 508
182 509
182 510
182 511
183 183
183 508
183 509
183 510
183 511
508 184
508 185
508 186
508 187
508 220
508 221
508 222
508 223
508 236
508 237
508 238
508 239
508 240
508 241
508 242
508 243
508 508
508 509
508 510
508 511
509 184
509 185
509 186
509 187
509 220
509 221
509 222
509 223
509 236
509 237
509 238
509 239
509 240
509 241
509 242
509 243
509 509
509 510
509 511
510 184
510 185
510 186
510 187
510 220
510 221
510 222
510 223
510 236
510 237
510 238
510 239
510 240
510 241
510 242
510 243
510 510
510 511
511 184
511 185
511 186
511 187
511 220
511 221
511 222
511 223
511 236
511 237
511 238
511 239
511 240
511 241
511 242
511 243
511 511
184 184
184 185
184 186
184 187
184 512
184 513
184 514
184 515
185 185
185 186
185 187
185 512
185 513
185 514
185 515
186 186
186 187
186 512
186 513
186 514
186 515
187 187
187 512
187 513
187 514
187 515
512 188
512 189
512 190
512 191
512 224
512 225
512 226
512 227
512 240
512 241
512 242
512 243
512 244
512 245
512 246
512 247
512 512
512 513
512 514
512 515
513 188
513 189
513 190
513 191
513 224
513 225
513 226
513 227
513 240
513 241
513 242
513 243
513 244
513 245
513 246
513 247
513 513
513 514
513 515
514 188
514 189
514 190
514 191
514 224
514 225
514 226
514 227
514 240
514 241
514 242
514 243
514 244
514 245
514 246
514 247
514 514
514 515
515 188
515 189
515 190
515 191
515 224
515 225
515 226
515 227
515 240
515 241
515 242
515 243
515 244
515 245
515 246
515 247
515 515
188 188
188 189
188 190
188 191
188 516
188 517
188 518
188 519
189 189
189 190
189 191
189 516
189 517
189 518
189 519
190 190
190 191
190 516
190 517
190 518
190 519
191 191
191 516
191 517
191 518
191 519
516 192
516 193
516 194
516 195
516 228
516 229
516 230
516 231
516 244
516 245
516 246
516 247
516 248
516 249
516 250
516 251
516 516
516 517
516 518
516 519
517 192
517 193
517 194
517 195
517 228
517 229
517 230
517 231
517 244
517 245
517 246
517 247
517 248
517 249
517 250
517 251
517 517
517 518
517 519
518 192
518 193
518 194
518 195
518 228
518 229
518 230
518 231
518 244
518 245
518 246
518 247
518 248
518 249
518 250
518 251
518 518
518 519
519 192
519 193
519 194
519 195
519 228
519 229
519 230
519 231
519 244
519 245
519 246
519 247
519 248
519 249
519 250
519 251
519 519
192 192
192 193
192 194
192 195
192 520
192 521
192 522
192 523
193 193
193 194
193 195
193 520
193 521
193 522
193 523
194 194
194 195
194 520
194 521
194 522
194 523
195 195
195 520
195 521
195 522
195 523
520 232
520 233
520 234
520 235
520 248
520 249
520 250
520 251
520 520
520 521
520 522
520 523
521 232
521 233
521 234
521 235
521 248
521 249
521 250
521 251
521 521
521 522
521 523
522 232
522 233
522 234
522 235
522 248
522 249
522 250
522 251
522 522
522 523
523 232
523 233
523 234
523 235
523 248
523 249
523 250
523 251
523 523
196 196
196 197
196 198
196 199
196 524
196 525
196 526
196 527
197 197
197 198
197 199
197 524
197 525
197 526
197 527
198 198
198 199
198 524
198 525
198 526
198 527
199 199
199 524
199 525
199 526
199 527
524 200
524 201
524 202
524 203
524 216
524 217
524 218
524 219
524 252
524 253
524 254
524 255
524 524
524 525
524 526
524 527
525 200
525 201
525 202
525 203
525 216
525 217
525 218
525 219
525 252
525 253
525 254
525 255
525 525
525 526
525 527
526 200
526 201
526 202
526 203
526 216
526 217
526 218
526 219
526 252
526 253
526 254
526 255
526 526
526 527
527 200
527 201
527 202
527 203
527 216
527 217
527 218
527 219
527 252
527 253
527 254
527 255
527 527
200 200
200 201
200 202
200 203
200 528
200 529
200 530
200 531
201 201
201 202
201 203
201 528
201 529
201 530
201 531
202 202
202 203
202 528
202 529
202 530
202 531
203 203
203 528
203 529
203 530
203 531
528 204
528 205
528 206
528 207
528 220
528 221
528 222
528 223
528 252
528 253
528 254
528 255
528 256
528 257
528 258
528 259
528 528
528 529
528 530
528 531
529 204
529 205
529 206
529 207
529 220
529 221
529 222
529 223
529 252
529 253
529 254
529 255
529 256
529 257
529 258
529 259
529 529
529 530
529 531
530 204
530 205
530 206
530 207
530 220
530 221
530 222
530 223
530 252
530 253
530 254
530 255
530 256
530 257
530 258
530 259
530 530
530 531
531 204
531 205
531 206
531 207
531 220
531 221
531 222
531 223
531 252
531 253
531 254
531 255
531 256
531 257
531 258
531 259
531 531
204 204
204 205
204 206
204 207
204 532
204 533
204 534
204 535
205 205
205 206
205 207
205 532
205 533
205 534
205 535
206 206
206 207
206 532
206 533
206 534
206 535
207 207
207 532
207 533
207 534
207 535
532 208
532 209
532 210
532 211
532 224
532 225
532 226
532 227
532 256
532 257
532 258
532 259
532 260
532 261
532 262
532 263
532 532
532 533
532 534
532 535
533 208
533 209
533 210
533 211
533 224
533 225
533 226
533 227
533 256
533 257
533 258
533 259
533 260
533 261
533 262
533 263
533 533
533 534
533 535
534 208
534 209
534 210
534 211
534 224
534 225
534 226
534 227
534 256
534 257
534 258
534 259
534 260
534 261
534 262
534 263
534 534
534 535
535 208
535 209
535 210
535 211
535 224
535 225
535 226
535 227
535 256
535 257
535 258
535 259
535 260
535 261
535 262
535 263
535 535
208 208
208 209
208 210
208 211
208 536
208 537
208 538
208 539
209 209
209 210
209 211
209 536
209 537
209 538
209 539
210 210
210 211
210 536
210 537
210 538
210 539
211 211
211 536
211 537
211 538
211 539
536 212
536 213
536 214
536 215
536 228
536 229
536 230
536 231
536 260
536 261
536 262
536 263
536 264
536 265
536 266
536 267
536 536
536 537
536 538
536 539
537 212
537 213
537 214
537 215
537 228
537 229
537 230
537 231
537 260
537 261
537 262
537 263
537 264
537 265
537 266
537 267
537 537
537 538
537 539
538 212
538 213
538 214
538 215
538 228
538 229
538 230
538 231
538 260
538 261
538 262
538 263
538 264
538 265
538 266
538 267
538 538
538 539
539 212
539 213
539 214
539 215
539 228
539 229
539 230
539 231
539 260
539 261
539 262
539 263
539 264
539 265
539 266
539 267
539 539
212 212
212 213
212 214
212 215
212 540
212 541
212 542
212 543
213 213
213 214
213 215
213 540
213 541
213 542
213 543
214 214
214 215
214 540
214 541
214 542
214 543
215 215
215 540
215 541
215 542
215 543
540 232
540 233
540 234
540 235
540 264
540 265
540 266
540 267
540 540
540 541
540 542
540 543
541 232
541 233
541 234
541 235
541 264
541 265
541 266
541 267
541 541
541 542
541 543
542 232
542 233
542 234
542 235
542 264
542 265
542 266
542 267
542 542
542 543
543 232
543 233
543 234
543 235
543 264
543 265
543 266
543 267
543 543
216 216
216 217
216 218
216 219
216 544
216 545
216 546
216 547
217 217
217 218
217 219
217 544
217 545
217 546
217 547
218 218
218 219
218 544
218 545
218 546
218 547
219 219
219 544
219 545
219 546
219 547
544 220
544 221
544 222
544 223
544 236
544 237
544 238
544 239
544 252
544 253
544 254
544 255
544 268
544 269
544 270
544 271
544 544
544 545
544 546
544 547
545 220
545 221
545 222
545 223
545 236
545 237
545 238
545 239
545 252
545 253
545 254
545 255
545 268
545 269
545 270
545 271
545 545
545 546
545 547
546 220
546 221
546 222
546 223
546 236
546 237
546 238
546 239
546 252
546 253
546 254
546 255
546 268
546 269
546 270
546 271
546 546
546 547
547 220
547 221
547 222
547 223
547 236
547 237
547 238
547 239
547 252
547 253
547 254
547 255
547 268
547 269
547 270
547 271
547 547
220 220
220 221
220 222
220 223
220 548
220 549
220 550
220 551
221 221
221 222
221 223
221 548
221 549
221 550
221 551
222 222
222 223
222 548
222 549
222 550
222 551
223 223
223 548
223 549
223 550
223 551
548 224
548 225
548 226
548 227
548 240
548 241
548 242
548 243
548 256
548 257
548 258
548 259
548 268
548 269
548 270
548 271
548 272
548 273
548 274
548 275
548 548
548 549
548 550
548 551
549 224
549 225
549 226
549 227
549 240
549 241
549 242
549 243
549 256
549 257
549 258
549 259
549 268
549 269
549 270
549 271
549 272
549 273
549 274
549 275
549 549
549 550
549 551
550 224
550 225
550 226
550 227
550 240
550 241
550 242
550 243
550 256
550 257
550 258
550 259
550 268
550 269
550 270
550 271
550 272
550 273
550 274
550 275
550 550
550 551
551 224
551 225
551 226
551 227
551 240
551 241
551 242
551 243
551 256
551 257
551 258
551 259
551 268
551 269
551 270
551 271
551 272
551 273
551 274
551 275
551 551
224 224
224 225
224 226
224 227
224 552
224 553
224 554
224 555
225 225
225 226
225 227
225 552
225 553
225 554
225 555
226 226
226 227
226 552
226 553
226 554
226 555
227 227
227 552
227 553
227 554
227 555
552 228
552 229
552 230
552 231
552 244
552 245
552 246
552 247
552 260
552 261
552 262
552 263
552 272
552 273
552 274
552 275
552 276
552 277
552 278
552 279
552 552
552 553
552 554
552 555
553 228
553 229
553 230
553 231
553 244
553 245
553 246
553 247
553 260
553 261
553 262
553 263
553 272
553 273
553 274
553 275
553 276
553 277
553 278
553 279
553 553
553 554
553 555
554 228
554 229
554 230
554 231
554 244
554 245
554 246
554 247
554 260
554 261
554 262
554 263
554 272
554 273
554 274
554 275
554 276
554 277
554 278
554 279
554 554
554 555
555 228
555 229
555 230
555 231
555 244
555 245
555 246
555 247
555 260
555 261
555 262
555 263
555 272
555 273
555 274
555 275
555 276
555 277
555 278
555 279
555 555
228 228
228 229
228 230
228 231
228 556
228 557
228 558
228 559
229 229
229 230
229 231
229 556
229 557
229 558
229 559
230 230
230 231
230 556
230 557
230 558
230 559
231 231
231 556
231 557
231 558
231 559
556 232
556 233
556 234
556 235
556 248
556 249
556 250
556 251
556 264
556 265
556 266
556 267
556 276
556 277
556 278
556 279
556 556
556 557
556 558
556 559
557 232
557 233
557 234
557 235
557 248
557 249
557 250
557 251
557 264
557 265
557 266
557 267
557 276
557 277
557 278
557 279
557 557
557 558
557 559
558 232
558 233
558 234
558 235
558 248
558 249
558 250
558 251
558 264
558 265
558 266
558 267
558 276
558 277
558 278
558 279
558 558
558 559
559 232
559 233
559 234
559 235
559 248
559 249
559 250
559 251
559 264
559 265
559 266
559 267
559 276
559 277
559 278
559 279
559 559
232 232
232 233
232 234
232 235
233 233
233 234
233 235
234 234
234 235
235 235
236 236
236 237
236 238
236 239
236 560
236 561
236 562
236 563
237 237
237 238
237 239
237 560
237 561
237 562
237 563
238 238
238 239
238 560
238 561
238 562
238 563
239 239
239 560
239 561
239 562
239 563
560 240
560 241
560 242
560 243
560 268
560 269
560 270
560 271
560 280
560 281
560 282
560 283
560 560
560 561
560 562
560 563
561 240
561 241
561 242
561 243
561 268
561 269
561 270
561 271
561 280
561 281
561 282
561 283
561 561
561 562
561 563
562 240
562 241
562 242
562 243
562 268
562 269
562 270
562 271
562 280
562 281
562 282
562 283
562 562
562 563
563 240
563 241
563 242
563 243
563 268
563 269
563 270
563 271
563 280
563 281
563 282
563 283
563 563
240 240
240 241
240 242
240 243
240 564
240 565
240 566
240 567
241 241
241 242
241 243
241 564
241 565
241 566
241 567
242 242
242 243
242 564
242 565
242 566
242 567
243 243
243 564
243 565
243 566
243 567
564 244
564 245
564 246
564 247
564 272
564 273
564 274
564 275
564 280
564 281
564 282
564 283
564 284
564 285
564 286
564 287
564 564
564 565
564 566
564 567
565 244
565 245
565 246
565 247
565 272
565 273
565 274
565 275
565 280
565 281
565 282
565 283
565 284
565 285
565 286
565 287
565 565
565 566
565 567
566 244
566 245
566 246
566 247
566 272
566 273
566 274
566 275
566 280
566 281
566 282
566 283
566 284
566 285
566 286
566 287
566 566
566 567
567 244
567 245
567 246
567 247
567 272
567 273
567 274
567 275
567 280
567 281
567 282
567 283
567 284
567 285
567 286
567 287
567 567
244 244
244 245
244 246
244 247
244 568
244 569
244 570
244 571
245 245
245 246
245 247
245 568
245 569
245 570
245 571
246 246
246 247
246 568
246 569
246 570
246 571
247 247
247 568
247 569
247 570
247 571
568 248
568 249
568 250
568 251
568 276
568 277
568 278
568 279
568 284
568 285
568 286
568 287
568 568
568 569
568 570
568 571
569 248
569 249
569 250
569 251
569 276
569 277
569 278
569 279
569 284
569 285
569 286
569 287
569 569
569 570
569 571
570 248
570 249
570 250
570 251
570 276
570 277
570 278
570 279
570 284
570 285
570 286
570 287
570 570
570 571
571 248
571 249
571 250
571 251
571 276
571 277
571 278
571 279
571 284
571 285
571 286
571 287
571 571
248 248
248 249
248 250
248 251
249 249
249 250
249 251
250 250
250 251
251 251
252 252
252 253
252 254
252 255
252 572
252 573
252 574
252 575
253 253
253 254
253 255
253 572
253 573
253 574
253 575
254 254
254 255
254 572
254 573
254 574
254 575
255 255
255 572
255 573
255 574
255 575
572 256
572 257
572 258
572 259
572 268
572 269
572 270
572 271
572 288
572 289
572 290
572 291
572 572
572 573
572 574
572 575
573 256
573 257
573 258
573 259
573 268
573 269
573 270
573 271
573 288
573 289
573 290
573 291
573 573
573 574
573 575
574 256
574 257
574 258
574 259
574 268
574 269
574 270
574 271
574 288
574 289
574 290
574 291
574 574
574 575
575 256
575 257
575 258
575 259
575 268
575 269
575 270
575 271
575 288
575 289
575 290
575 291
575 575
256 256
256 257
256 258
256 259
256 576
256 577
256 578
256 579
257 257
257 258
257 259
257 576
257 577
257 578
257 579
258 258
258 259
258 576
258 577
258 578
258 579
259 259
259 576
259 577
259 578
259 579
576 260
576 261
576 262
576 263
576 272
576 273
576 274
576 275
576 288
576 289
576 290
576 291
576 292
576 293
576 294
576 295
576 576
576 577
576 578
576 579
577 260
577 261
577 262
577 263
577 272
577 273
577 274
577 275
577 288
577 289
577 290
577 291
577 292
577 293
577 294
577 295
577 577
577 578
577 579
578 260
578 261
578 262
578 263
578 272
578 273
578 274
578 275
578 288
578 289
578 290
578 291
578 292
578 293
578 294
578 295
578 578
578 579
579 260
579 261
579 262
579 263
579 272
579 273
579 274
579 275
579 288
579 289
579 290
579 291
579 292
579 293
579 294
579 295
579 579
260 260
260 261
260 262
260 263
260 580
260 581
260 582
260 583
261 261
261 262
261 263
261 580
261 581
261 582
261 583
262 262
262 263
262 580
262 581
262 582
262 583
263 263
263 580
263 581
263 582
263 583
580 264
580 265
580 266
580 267
580 276
580 277
580 278
580 279
580 292
580 293
580 294
580 295
580 580
580 581
580 582
580 583
581 264
581 265
581 266
581 267
581 276
581 277
581 278
581 279
581 292
581 293
581 294
581 295
581 581
581 582
581 583
582 264
582 265
582 266
582 267
582 276
582 277
582 278
582 279
582 292
582 293
582 294
582 295
582 582
582 583
583 264
583 265
583 266
583 267
583 276
583 277
583 278
583 279
583 292
583 293
583 294
583 295
583 583
264 264
264 265
264 266
264 267
265 265
265 266
265 267
266 266
266 267
267 267
268 268
268 269
268 270
268 271
268 584
268 585
268 586
268 587
269 269
269 270
269 271
269 584
269 585
269 586
269 587
270 270
270 271
270 584
270 585
270 586
270 587
271 271
271 584
271 585
271 586
271 587
584 272
584 273
584 274
584 275
584 280
584 281
584 282
584 283
584 288
584 289
584 290
584 291
584 296
584 297
584 298
584 299
584 584
584 585
584 586
584 587
585 272
585 273
585 274
585 275
585 280
585 281
585 282
585 283
585 288
585 289
585 290
585 291
585 296
585 297
585 298
585 299
585 585
585 586
585 587
586 272
586 273
586 274
586 275
586 280
586 281
586 282
586 283
586 288
586 289
586 290
586 291
586 296
586 297
586 298
586 299
586 586
586 587
587 272
587 273
587 274
587 275
587 280
587 281
587 282
587 283
587 288
587 289
587 290
587 291
587 296
587 297
587 298
587 299
587 587
272 272
272 273
272 274
272 275
272 588
272 589
272 590
272 591
273 273
273 274
273 275
273 588
273 589
273 590
273 591
274 274
274 275
274 588
274 589
274 590
274 591
275 275
275 588
275 589
275 590
275 591
588 276
588 277
588 278
588 279
588 284
588 285
588 286
588 287
588 292
588 293
588 294
588 295
588 296
588 297
588 298
588 299
588 588
588 589
588 590
588 591
589 276
589 277
589 278
589 279
589 284
589 285
589 286
589 287
589 292
589 293
589 294
589 295
589 296
589 297
589 298
589 299
589 589
589 590
589 591
590 276
590 277
590 278
590 279
590 284
590 285
590 286
590 287
590 292
590 293
590 294
590 295
590 296
590 297
590 298
590 299
590 590
590 591
591 276
591 277
591 278
591 279
591 284
591 285
591 286
591 287
591 292
591 293
591 294
591 295
591 296
591 297
591 298
591 299
591 591
276 276
276 277
276 278
276 279
277 277
277 278
277 279
278 278
278 279
279 279
280 280
280 281
280 282
280 283
280 592
280 593
280 594
280 595
281 281
281 282
281 283
281 592
281 593
281 594
281 595
282 282
282 283
282 592
282 593
282 594
282 595
283 283
283 592
283 593
283 594
283 595
592 284
592 285
592 286
592 287
592 296
592 297
592 298
592 299
592 592
592 593
592 594
592 595
593 284
593 285
593 286
593 287
593 296
593 297
593 298
593 299
593 593
593 594
593 595
594 284
594 285
594 286
594 287
594 296
594 297
594 298
594 299
594 594
594 595
595 284
595 285
595 286
595 287
595 296
595 297
595 298
595 299
595 595
284 284
284 285
284 286
284 287
285 285
285 286
285 287
286 286
286 287
287 287
288 288
288 289
288 290
288 291
288 596
288 597
288 598
288 599
289 289
289 290
289 291
289 596
289 597
289 598
289 599
290 290
290 291
290 596
290 597
290 598
290 599
291 291
291 596
291 597
291 598
291 599
596 292
596 293
596 294
596 295
596 296
596 297
596 298
596 299
596 596
596 597
596 598
596 599
597 292
597 293
597 294
597 295
597 296
597 297
597 298
597 299
597 597
597 598
597 599
598 292
598 293
598 294
598 295
598 296
598 297
598 298
598 299
598 598
598 599
599 292
599 293
599 294
599 295
599 296
599 297
599 298
599 299
599 599
292 292
292 293
292 294
292 295
293 293
293 294
293 295
294 294
294 295
295 295
296 296
296 297
296 298
296 299
297 297
297 298
297 299
298 298
298 299
299 299
