80 504
0 0
0 1
0 2
0 3
0 40
0 41
0 42
0 43
1 1
1 2
1 3
1 40
1 41
1 42
1 43
2 2
2 3
2 40
2 41
2 42
2 43
3 3
3 40
3 41
3 42
3 43
40 4
40 5
40 6
40 7
40 40
40 41
40 42
40 43
41 4
41 5
41 6
41 7
41 41
41 42
41 43
42 4
42 5
42 6
42 7
42 42
42 43
43 4
43 5
43 6
43 7
43 43
4 4
4 5
4 6
4 7
4 44
4 45
4 46
4 47
5 5
5 6
5 7
5 44
5 45
5 46
5 47
6 6
6 7
6 44
6 45
6 46
6 47
7 7
7 44
7 45
7 46
7 47
44 8
44 9
44 10
44 11
44 44
44 45
44 46
44 47
45 8
45 9
45 10
45 11
45 45
45 46
45 47
46 8
46 9
46 10
46 11
46 46
46 47
47 8
47 9
47 10
47 11
47 47
8 8
8 9
8 10
8 11
8 48
8 49
8 50
8 51
9 9
9 10
9 11
9 48
9 49
9 50
9 51
10 10
10 11
10 48
10 49
10 50
10 51
11 11
11 48
11 49
11 50
11 51
48 12
48 13
48 14
48 15
48 48
48 49
48 50
48 51
49 12
49 13
49 14
49 15
49 49
49 50
49 51
50 12
50 13
50 14
50 15
50 50
50 51
51 12
51 13
51 14
51 15
51 51
12 12
12 13
12 14
12 15
12 52
12 53
12 54
12 55
13 13
13 14
13 15
13 52
13 53
13 54
13 55
14 14
14 15
14 52
14 53
14 54
14 55
15 15
15 52
15 53
15 54
15 55
52 16
52 17
52 18
52 19
52 52
52 53
52 54
52 55
53 16
53 17
53 18
53 19
53 53
53 54
53 55
54 16
54 17
54 18
54 19
54 54
54 55
55 16
55 17
55 18
55 19
55 55
16 16
16 17
16 18
16 19
16 56
16 57
16 58
16 59
17 17
17 18
17 19
17 56
17 57
17 58
17 59
18 18
18 19
18 56
18 57
18 58
18 59
19 19
19 56
19 57
19 58
19 59
56 20
56 21
56 22
56 23
56 56
56 57
56 58
56 59
57 20
57 21
57 22
57 23
57 57
57 58
57 59
58 20
58 21
58 22
58 23
58 58
58 59
59 20
59 21
59 22
59 23
59 59
20 20
20 21
20 22
20 23
20 60
20 61
20 62
20 63
21 21
21 22
21 23
21 60
21 61
21 62
21 63
22 22
22 23
22 60
22 61
22 62
22 63
23 23
23 60
23 61
23 62
23 63
60 24
60 25
60 26
60 27
60 60
60 61
60 62
60 63
61 24
61 25
61 26
61 27
61 61
61 62
61 63
62 24
62 25
62 26
62 27
62 62
62 63
63 24
63 25
63 26
63 27
63 63
24 24
24 25
24 26
24 27
24 64
24 65
24 66
24 67
25 25
25 26
25 27
25 64
25 65
25 66
25 67
26 26
26 27
26 64
26 65
26 66
26 67
27 27
27 64
27 65
27 66
27 67
64 28
64 29
64 30
64 31
64 64
64 65
64 66
64 67
65 28
65 29
65 30
65 31
65 65
65 66
65 67
66 28
66 29
66 30
66 31
66 66
66 67
67 28
67 29
67 30
67 31
67 67
28 28
28 29
28 30
28 31
28 68
28 69
28 70
28 71
29 29
29 30
29 31
29 68
29 69
29 70
29 71
30 30
30 31
30 68
30 69
30 70
30 71
31 31
31 68
31 69
31 70
31 71
68 32
68 33
68 34
68 35
68 68
68 69
68 70
68 71
69 32
69 33
69 34
69 35
69 69
69 70
69 71
70 32
70 33
70 34
70 35
70 70
70 71
71 32
71 33
71 34
71 35
71 71
32 32
32 33
32 34
32 35
32 72
32 73
32 74
32 75
33 33
33 34
33 35
33 72
33 73
33 74
33 75
34 34
34 35
34 72
34 73
34 74
34 75
35 35
35 72
35 73
35 74
35 75
72 36
72 37
72 38
72 39
72 72
72 73
72 74
72 75
73 36
73 37
73 38
73 39
73 73
73 74
73 75
74 36
74 37
74 38
74 39
74 74
74 75
75 36
75 37
75 38
75 39
75 75
36 36
36 37
36 38
36 39
36 76
36 77
36 78
36 79
37 37
37 38
37 39
37 76
37 77
37 78
37 79
38 38
38 39
38 76
38 77
38 78
38 79
39 39
39 76
39 77
39 78
39 79
76 76
76 77
76 78
76 79
77 77
77 78
77 79
78 78
78 79
79 79
