363 3126
0 0
0 359
359 3
359 4
359 5
359 6
359 7
359 8
359 9
359 10
359 11
359 12
359 13
359 14
359 15
359 16
359 17
359 18
359 45
359 49
359 54
359 227
359 277
1 4
1 5
1 12
1 27
1 47
1 51
1 62
1 84
1 115
1 266
1 270
1 271
1 283
1 355
4 222
4 335
4 336
4 337
4 338
4 339
4 340
4 341
4 342
4 343
4 344
4 345
4 347
4 349
5 28
5 132
5 335
5 336
5 337
5 338
5 339
5 340
5 341
5 342
5 343
5 344
5 345
5 346
5 347
5 348
5 349
12 31
12 29
12 226
12 335
12 336
12 337
12 338
12 339
12 340
12 341
12 342
12 343
12 344
12 345
12 346
12 347
12 348
12 349
27 30
27 266
27 343
47 6
47 20
47 58
47 157
47 272
51 21
51 50
51 158
62 2
62 14
62 33
62 37
62 64
62 93
62 218
62 280
62 281
62 282
62 284
62 285
62 286
62 287
62 290
62 291
62 292
62 293
62 294
84 26
84 294
84 349
115 22
115 25
115 71
115 176
115 297
115 298
115 299
115 300
115 301
115 302
115 303
115 304
115 305
115 306
115 307
115 308
115 309
115 310
115 311
115 357
266 194
266 206
266 233
266 234
270 24
270 192
271 23
271 54
271 202
283 25
283 79
283 201
283 238
283 239
283 241
283 242
283 243
283 244
283 245
283 246
283 247
283 248
283 249
283 250
283 251
283 252
283 253
355 32
355 216
2 55
2 56
2 57
2 58
2 59
2 60
2 61
2 63
2 64
2 65
2 66
2 67
2 68
2 69
2 79
2 85
2 86
2 87
2 88
2 96
2 133
2 356
55 14
55 121
55 67
55 93
55 218
55 280
55 281
55 282
55 284
55 285
55 286
55 287
55 290
55 292
55 294
56 14
56 23
56 122
56 93
56 218
56 280
56 281
56 282
56 284
56 285
56 286
56 287
56 290
56 291
56 292
56 293
56 294
57 14
57 24
57 123
57 93
57 218
57 280
57 281
57 282
57 284
57 285
57 286
57 287
57 290
57 291
57 292
57 293
57 294
58 9
58 13
58 14
58 16
58 37
58 45
58 75
58 93
58 218
58 269
58 280
58 281
58 282
58 284
58 285
58 286
58 287
58 290
58 291
58 292
58 293
58 294
59 14
59 37
59 145
59 93
59 218
59 262
59 280
59 281
59 282
59 284
59 285
59 286
59 287
59 290
59 291
59 292
59 293
59 294
60 14
60 31
60 37
60 146
60 93
60 218
60 280
60 281
60 282
60 284
60 285
60 286
60 287
60 290
60 291
60 292
60 293
60 294
61 14
61 37
61 147
61 93
61 218
61 279
61 280
61 281
61 282
61 284
61 285
61 286
61 287
61 290
61 291
61 292
61 293
61 294
63 14
63 37
63 174
63 93
63 136
63 218
63 280
63 281
63 282
63 284
63 285
63 286
63 287
63 290
63 291
63 292
63 293
63 294
64 14
64 23
64 31
64 37
64 48
64 93
64 218
64 268
64 280
64 281
64 282
64 284
64 285
64 286
64 287
64 290
64 291
64 292
64 293
64 294
65 14
65 23
65 31
65 110
65 118
65 119
65 121
65 150
65 152
65 180
65 93
65 218
65 268
65 280
65 281
65 282
65 284
65 285
65 286
65 287
65 290
65 291
65 292
65 293
65 294
65 316
66 14
66 33
66 166
66 173
66 174
66 176
66 205
66 207
66 236
66 93
66 218
66 280
66 281
66 282
66 284
66 285
66 286
66 287
66 290
66 291
66 292
66 293
66 294
67 14
67 23
67 31
67 34
67 93
67 165
67 218
67 268
67 280
67 281
67 282
67 284
67 285
67 286
67 287
67 290
67 291
67 292
67 293
67 294
68 14
68 35
68 284
68 285
68 287
68 316
68 318
68 329
68 330
68 331
68 332
68 333
68 334
68 335
68 336
68 337
68 338
68 339
68 340
68 341
68 342
68 343
68 344
68 345
68 346
68 347
68 93
68 218
68 280
68 281
68 282
68 286
68 290
68 291
68 292
68 293
68 294
69 14
69 36
69 148
69 93
69 165
69 218
69 280
69 281
69 282
69 284
69 285
69 286
69 287
69 290
69 291
69 292
69 293
69 294
79 284
79 285
79 287
79 316
79 318
79 329
79 330
79 331
79 332
79 333
79 334
79 335
79 336
79 337
79 338
79 339
79 340
79 341
79 342
79 343
79 344
79 345
79 346
79 347
85 14
85 113
85 93
85 159
85 280
85 281
85 282
85 284
85 285
85 286
85 287
85 290
85 291
85 292
85 293
85 294
86 14
86 117
86 93
86 160
86 280
86 281
86 282
86 284
86 285
86 286
86 287
86 290
86 291
86 292
86 293
86 294
87 14
87 221
87 228
87 229
87 231
87 260
87 262
87 292
87 93
87 161
87 280
87 281
87 282
87 284
87 285
87 286
87 287
87 290
87 291
87 293
87 294
88 14
88 167
88 168
88 169
88 170
88 171
88 172
88 173
88 204
88 93
88 162
88 281
88 282
88 284
88 285
88 286
88 287
88 290
88 291
88 292
88 293
88 294
96 14
96 23
96 31
96 52
96 93
96 219
96 220
96 221
96 222
96 223
96 224
96 225
96 226
96 227
96 228
96 229
96 230
96 231
96 232
96 233
96 244
96 249
96 250
96 251
96 252
96 260
96 300
96 165
96 218
96 268
96 280
96 281
96 282
96 284
96 285
96 286
96 287
96 290
96 291
96 292
96 293
96 294
133 164
133 268
133 306
356 38
356 52
356 217
3 219
3 220
3 221
3 222
3 223
3 224
3 225
3 226
3 227
3 228
3 229
3 230
3 231
3 232
3 233
3 242
3 249
3 250
3 251
3 252
3 260
3 298
3 361
219 10
219 11
219 15
219 28
219 30
219 43
219 74
219 94
219 118
219 154
219 344
219 349
219 257
219 296
219 330
220 10
220 11
220 15
220 28
220 30
220 43
220 74
220 89
220 94
220 118
220 154
220 175
220 345
220 350
220 240
220 296
220 330
221 10
221 11
221 15
221 28
221 30
221 43
221 74
221 89
221 94
221 118
221 154
221 175
221 346
221 351
221 296
221 330
222 10
222 11
222 15
222 28
222 30
222 43
222 74
222 89
222 94
222 118
222 154
222 175
222 212
222 347
222 352
222 296
222 330
223 10
223 11
223 15
223 28
223 30
223 43
223 74
223 89
223 94
223 118
223 154
223 175
223 212
223 348
223 353
223 236
223 296
223 330
224 7
224 10
224 11
224 15
224 28
224 30
224 43
224 74
224 89
224 94
224 118
224 154
224 175
224 212
224 357
224 296
224 330
225 10
225 11
225 15
225 28
225 30
225 43
225 74
225 89
225 91
225 94
225 118
225 153
225 154
225 164
225 165
225 166
225 167
225 168
225 169
225 170
225 171
225 172
225 173
225 174
225 175
225 176
225 177
225 178
225 181
225 194
225 195
225 196
225 197
225 205
225 212
225 236
225 296
225 330
226 7
226 8
226 9
226 10
226 11
226 13
226 15
226 28
226 30
226 43
226 44
226 74
226 89
226 94
226 117
226 118
226 154
226 175
226 212
226 296
226 330
227 10
227 11
227 15
227 28
227 30
227 43
227 74
227 89
227 90
227 94
227 118
227 151
227 154
227 162
227 175
227 212
227 296
227 330
228 7
228 10
228 11
228 15
228 28
228 30
228 32
228 43
228 73
228 74
228 89
228 94
228 118
228 153
228 154
228 173
228 174
228 175
228 176
228 205
228 207
228 212
228 243
228 240
228 296
228 330
229 7
229 10
229 11
229 15
229 28
229 30
229 32
229 43
229 74
229 89
229 94
229 118
229 153
229 154
229 175
229 316
229 317
229 319
229 240
229 264
229 296
229 330
230 10
230 11
230 15
230 28
230 30
230 32
230 43
230 74
230 89
230 94
230 118
230 154
230 164
230 165
230 166
230 167
230 168
230 169
230 170
230 171
230 172
230 173
230 174
230 175
230 176
230 177
230 178
230 180
230 194
230 195
230 196
230 197
230 205
230 235
230 296
230 330
231 7
231 10
231 11
231 15
231 28
231 30
231 32
231 43
231 53
231 74
231 89
231 94
231 97
231 99
231 100
231 102
231 118
231 153
231 154
231 156
231 175
231 240
231 296
231 330
232 10
232 11
232 15
232 28
232 30
232 43
232 74
232 89
232 94
232 98
232 118
232 153
232 154
232 156
232 175
232 211
232 296
232 330
233 10
233 11
233 15
233 28
233 30
233 43
233 53
233 74
233 89
233 94
233 99
233 118
233 154
233 175
233 208
233 209
233 211
233 296
233 330
242 275
242 276
242 277
242 278
242 279
242 280
242 281
242 282
242 284
242 285
242 286
242 287
242 288
242 289
242 293
242 305
242 306
242 307
242 308
242 316
242 344
242 345
242 346
242 347
242 322
249 10
249 11
249 15
249 28
249 30
249 43
249 74
249 89
249 94
249 118
249 154
249 175
249 195
249 275
249 276
249 277
249 278
249 279
249 280
249 281
249 282
249 284
249 285
249 286
249 287
249 288
249 289
249 300
249 305
249 306
249 307
249 308
249 316
249 344
249 345
249 346
249 347
249 296
250 10
250 11
250 15
250 28
250 30
250 43
250 74
250 89
250 94
250 118
250 154
250 175
250 196
250 276
250 277
250 278
250 279
250 280
250 281
250 282
250 284
250 285
250 286
250 287
250 288
250 289
250 301
250 305
250 306
250 307
250 308
250 316
250 344
250 345
250 346
250 347
250 296
251 10
251 11
251 15
251 28
251 30
251 43
251 74
251 89
251 94
251 118
251 154
251 175
251 197
251 275
251 276
251 277
251 278
251 279
251 280
251 281
251 282
251 284
251 285
251 286
251 287
251 288
251 289
251 302
251 305
251 306
251 307
251 308
251 316
251 344
251 345
251 346
251 347
251 296
252 10
252 11
252 15
252 28
252 30
252 43
252 74
252 89
252 94
252 154
252 175
252 198
252 276
252 277
252 278
252 279
252 280
252 281
252 282
252 284
252 285
252 286
252 287
252 288
252 289
252 303
252 305
252 306
252 307
252 308
252 316
252 344
252 345
252 346
252 347
252 296
260 7
260 10
260 11
260 15
260 28
260 30
260 32
260 43
260 53
260 74
260 89
260 94
260 118
260 153
260 154
260 175
260 240
260 260
260 261
260 263
260 296
260 330
298 109
298 110
298 111
298 112
298 113
298 114
298 116
298 117
298 118
298 119
298 120
298 121
298 122
298 123
298 125
298 139
298 140
298 141
298 142
298 150
298 180
298 247
361 50
361 72
335 6
335 7
335 8
335 9
335 10
335 11
335 13
335 14
335 15
335 16
335 17
335 18
335 19
335 34
335 35
335 36
335 38
335 45
335 70
335 108
335 112
335 116
335 128
335 129
335 130
335 131
335 134
335 139
335 140
335 238
335 254
335 275
336 6
336 7
336 8
336 9
336 10
336 11
336 13
336 14
336 15
336 16
336 17
336 18
336 20
336 34
336 35
336 36
336 37
336 45
336 71
336 108
336 112
336 116
336 128
336 129
336 130
336 131
336 134
336 139
336 140
336 238
336 254
336 275
337 6
337 7
337 8
337 9
337 10
337 11
337 13
337 14
337 15
337 16
337 17
337 18
337 21
337 34
337 35
337 36
337 37
337 45
337 72
337 108
337 112
337 116
337 128
337 129
337 130
337 131
337 134
337 139
337 140
337 238
337 254
337 275
338 6
338 7
338 8
338 9
338 10
338 11
338 13
338 14
338 15
338 16
338 17
338 18
338 22
338 34
338 35
338 36
338 37
338 45
338 73
338 108
338 112
338 116
338 128
338 129
338 130
338 131
338 134
338 139
338 140
338 238
338 254
338 275
339 6
339 7
339 8
339 9
339 10
339 11
339 13
339 14
339 15
339 16
339 17
339 18
339 23
339 34
339 35
339 36
339 37
339 45
339 74
339 108
339 112
339 116
339 128
339 129
339 130
339 131
339 134
339 139
339 140
339 238
339 254
339 275
340 6
340 7
340 8
340 9
340 10
340 11
340 13
340 14
340 15
340 16
340 17
340 18
340 24
340 34
340 35
340 36
340 37
340 45
340 75
340 108
340 112
340 116
340 128
340 129
340 130
340 131
340 134
340 139
340 140
340 238
340 254
340 275
341 6
341 7
341 8
341 9
341 10
341 11
341 13
341 14
341 15
341 16
341 17
341 18
341 25
341 34
341 35
341 36
341 37
341 45
341 76
341 108
341 112
341 116
341 128
341 129
341 130
341 131
341 134
341 139
341 140
341 238
341 254
341 275
342 6
342 7
342 8
342 9
342 10
342 11
342 13
342 14
342 15
342 16
342 17
342 18
342 26
342 34
342 35
342 36
342 37
342 45
342 77
342 108
342 112
342 116
342 128
342 129
342 130
342 131
342 134
342 139
342 140
342 238
342 254
342 275
343 6
343 7
343 8
343 9
343 10
343 11
343 13
343 14
343 15
343 16
343 17
343 18
343 34
343 35
343 36
343 37
343 45
343 78
343 108
343 112
343 116
343 128
343 129
343 130
343 131
343 134
343 139
343 140
343 238
343 254
343 275
344 6
344 7
344 8
344 9
344 10
344 11
344 13
344 14
344 15
344 16
344 17
344 18
344 28
344 34
344 35
344 36
344 37
344 45
344 108
344 112
344 116
344 128
344 129
344 130
344 131
344 134
344 139
344 140
344 201
344 239
344 241
344 243
344 244
344 245
344 246
344 247
344 248
344 253
344 254
344 275
345 6
345 7
345 8
345 9
345 10
345 11
345 13
345 14
345 15
345 16
345 17
345 18
345 29
345 34
345 35
345 36
345 37
345 45
345 80
345 108
345 112
345 116
345 128
345 129
345 130
345 131
345 134
345 139
345 140
345 201
345 239
345 241
345 243
345 244
345 245
345 246
345 247
345 248
345 253
345 254
345 275
347 6
347 7
347 8
347 9
347 10
347 11
347 13
347 14
347 15
347 16
347 17
347 18
347 31
347 34
347 35
347 36
347 37
347 45
347 82
347 108
347 112
347 116
347 129
347 130
347 131
347 134
347 139
347 140
347 201
347 241
347 243
347 244
347 245
347 246
347 247
347 248
347 253
347 254
347 275
349 6
349 7
349 8
349 9
349 10
349 11
349 13
349 14
349 15
349 16
349 17
349 18
349 20
349 33
349 34
349 35
349 36
349 37
349 45
349 143
28 238
28 294
132 93
132 305
346 6
346 7
346 8
346 9
346 10
346 11
346 13
346 14
346 15
346 16
346 17
346 18
346 30
346 34
346 35
346 36
346 37
346 45
346 81
346 108
346 112
346 116
346 128
346 129
346 130
346 131
346 134
346 139
346 140
346 201
346 239
346 241
346 243
346 244
346 245
346 246
346 247
346 248
346 253
346 254
346 275
348 6
348 7
348 8
348 9
348 10
348 11
348 13
348 14
348 15
348 16
348 17
348 18
348 32
348 34
348 35
348 36
348 37
348 45
348 83
348 128
348 239
348 255
6 10
6 13
6 14
6 16
6 45
6 76
6 276
10 240
10 296
13 360
13 157
14 73
14 127
14 92
14 157
16 284
16 285
16 287
16 288
16 289
16 316
16 318
16 330
16 331
16 332
16 333
16 334
16 46
16 157
45 111
45 46
45 157
45 256
76 176
76 286
276 129
276 201
276 238
276 239
276 241
276 243
276 244
276 245
276 246
276 247
276 248
276 253
7 262
7 295
262 32
262 153
262 240
262 331
295 94
295 107
295 151
295 162
295 244
8 120
120 288
120 297
120 299
120 300
120 301
120 302
120 303
120 304
120 305
120 306
120 307
120 308
120 309
120 310
120 311
120 357
9 167
167 91
167 92
167 104
167 159
167 314
167 317
167 318
167 319
167 320
167 321
167 322
167 323
167 324
167 325
167 326
167 327
167 328
167 353
240 291
240 320
296 153
296 245
296 246
296 302
11 248
11 304
11 273
248 275
248 277
248 278
248 279
248 280
248 281
248 282
248 284
248 285
248 286
248 287
248 288
248 289
248 299
248 305
248 306
248 307
248 308
248 316
248 328
304 109
304 110
304 111
304 112
304 113
304 114
304 116
304 117
304 118
304 119
304 121
304 122
304 123
304 131
304 139
304 140
304 141
304 142
304 150
304 186
304 253
273 238
273 330
273 333
31 98
31 129
360 54
157 15
157 81
157 351
157 352
127 362
127 300
92 39
92 155
92 161
92 166
92 168
92 263
15 243
15 299
15 141
243 275
243 277
243 278
243 279
243 280
243 281
243 282
243 284
243 285
243 286
243 287
243 288
243 289
243 294
243 305
243 306
243 307
243 308
243 316
243 323
299 109
299 110
299 111
299 112
299 113
299 114
299 116
299 117
299 118
299 119
299 121
299 122
299 123
299 126
299 139
299 140
299 141
299 142
299 150
299 181
141 173
141 297
141 300
141 301
141 302
141 303
141 305
141 306
141 307
141 308
141 309
141 310
141 311
284 74
284 108
284 109
284 112
284 116
284 128
284 129
284 130
284 131
284 134
284 139
284 140
284 201
284 238
284 239
284 241
284 244
284 245
284 246
284 247
284 253
284 254
284 275
285 75
285 108
285 112
285 116
285 128
285 129
285 130
285 131
285 134
285 139
285 140
285 142
285 201
285 238
285 239
285 241
285 244
285 245
285 246
285 247
285 253
285 254
285 275
287 77
287 108
287 112
287 116
287 119
287 128
287 129
287 130
287 131
287 134
287 139
287 140
287 201
287 213
287 238
287 239
287 241
287 244
287 245
287 246
287 247
287 253
287 254
287 275
288 39
288 40
288 41
288 42
288 201
288 238
288 239
288 241
288 244
288 245
288 246
288 247
288 253
289 116
289 118
289 121
289 128
289 201
289 213
289 238
289 239
289 241
289 244
289 245
289 246
289 247
289 253
316 108
316 112
316 116
316 128
316 129
316 130
316 131
316 134
316 139
316 140
316 201
316 213
316 238
316 239
316 241
316 244
316 245
316 246
316 247
316 253
316 254
316 275
318 108
318 112
318 116
318 128
318 129
318 130
318 131
318 134
318 138
318 139
318 140
318 164
318 165
318 166
318 168
318 169
318 170
318 171
318 172
318 173
318 174
318 175
318 176
318 177
318 178
318 183
318 194
318 195
318 196
318 197
318 205
318 238
318 254
318 275
330 108
330 112
330 116
330 128
330 129
330 130
330 131
330 134
330 139
330 140
330 218
330 238
330 254
330 264
330 275
331 108
331 112
331 116
331 128
331 129
331 130
331 131
331 134
331 139
331 140
331 238
331 254
331 263
331 275
332 108
332 112
332 116
332 128
332 129
332 130
332 131
332 134
332 139
332 140
332 238
332 254
332 267
332 275
332 309
332 323
333 108
333 112
333 116
333 128
333 129
333 130
333 131
333 134
333 139
333 140
333 238
333 254
333 265
333 275
333 321
334 108
334 112
334 116
334 128
334 129
334 130
334 131
334 134
334 139
334 140
334 164
334 173
334 174
334 176
334 178
334 198
334 205
334 207
334 212
334 238
334 254
334 275
46 18
46 44
46 256
17 41
17 42
41 21
41 94
41 150
41 156
41 315
42 102
42 151
42 156
18 279
279 108
279 201
279 238
279 239
279 241
279 244
279 245
279 246
279 247
279 253
19 39
19 40
39 21
39 148
40 21
40 93
40 149
40 156
40 315
20 350
20 351
20 354
350 52
350 89
350 103
350 144
351 103
351 143
351 145
354 205
354 210
354 215
354 218
354 265
21 106
106 274
106 166
22 168
22 173
22 174
22 176
22 205
22 207
22 238
168 91
168 93
168 160
168 267
168 314
168 317
168 319
168 320
168 321
168 322
168 323
168 324
168 325
168 326
168 327
168 328
168 353
173 75
173 105
173 146
173 200
173 314
173 317
173 319
173 320
173 321
173 322
173 323
173 324
173 325
173 326
173 327
173 328
173 353
174 75
174 142
174 147
174 200
174 314
174 317
174 319
174 320
174 321
174 322
174 323
174 324
174 325
174 326
174 327
174 328
174 353
176 75
176 112
176 113
176 114
176 116
176 117
176 118
176 149
176 189
176 200
176 314
176 317
176 319
176 320
176 321
176 322
176 323
176 324
176 325
176 326
176 327
176 328
176 353
205 75
205 189
205 200
205 310
205 311
205 312
205 324
205 259
205 314
205 317
205 319
205 320
205 321
205 322
205 323
205 325
205 326
205 327
205 328
205 353
207 75
207 200
207 305
207 310
207 313
238 275
238 277
238 278
238 280
238 281
238 282
238 286
238 320
238 328
238 329
23 98
23 125
98 111
98 268
125 313
125 281
26 172
172 140
172 145
172 314
172 317
172 319
172 320
172 321
172 322
172 323
172 324
172 325
172 326
172 327
172 328
172 353
30 235
30 291
294 138
235 101
235 108
235 155
235 200
291 81
291 135
291 201
129 329
129 302
32 301
301 109
301 110
301 111
301 112
301 113
301 114
301 116
301 117
301 118
301 119
301 121
301 122
301 123
301 128
301 139
301 140
301 142
301 150
301 175
301 183
34 148
148 95
35 149
149 177
36 150
150 44
150 71
150 177
150 258
150 297
150 300
150 302
150 303
150 305
150 306
150 307
150 308
150 309
150 310
150 311
150 357
37 95
37 151
95 143
95 165
151 258
38 91
38 152
91 155
91 160
91 263
152 43
152 44
152 71
152 107
93 78
93 162
93 263
156 105
156 170
156 182
315 213
94 239
94 163
102 50
102 256
102 158
102 170
43 237
43 293
43 274
237 319
237 320
237 322
237 317
293 83
293 137
274 49
44 114
44 118
44 119
44 121
44 184
114 171
114 297
114 300
114 302
114 303
114 305
114 306
114 307
114 308
114 309
114 310
114 311
114 357
118 71
118 234
118 253
118 290
118 297
118 300
118 302
118 303
118 305
118 306
118 307
118 308
118 309
118 310
118 311
118 357
119 71
119 188
119 297
119 300
119 302
119 303
119 305
119 306
119 307
119 308
119 309
119 310
119 311
119 357
121 71
121 177
121 297
121 300
121 302
121 303
121 305
121 306
121 307
121 308
121 309
121 310
121 311
121 357
184 195
184 200
184 302
184 319
111 99
111 297
111 300
111 302
111 303
111 305
111 306
111 307
111 308
111 309
111 310
111 311
111 357
256 48
256 193
256 197
256 202
256 203
256 204
272 48
272 49
272 72
272 329
48 50
50 49
50 362
49 317
49 158
317 164
317 165
317 166
317 169
317 170
317 171
317 175
317 177
317 178
317 182
317 194
317 195
317 196
317 197
158 166
158 169
362 54
362 101
52 97
52 99
97 261
97 278
53 259
53 278
259 206
259 208
259 212
278 107
278 110
278 131
278 201
278 239
278 241
278 244
278 245
278 246
278 247
278 253
54 199
54 200
54 201
54 218
199 181
199 183
199 190
199 253
199 258
200 80
200 165
200 181
200 191
200 192
201 181
201 185
201 190
201 191
201 192
201 275
201 277
201 280
201 281
201 282
201 286
201 305
201 306
201 307
201 308
218 100
218 108
218 353
280 70
280 89
280 112
280 124
280 239
280 241
280 244
280 245
280 246
280 247
280 253
281 71
281 113
281 134
281 239
281 241
281 244
281 245
281 246
281 247
281 253
282 72
282 126
282 239
282 241
282 244
282 245
282 246
282 247
282 253
282 275
286 130
286 140
286 239
286 241
286 244
286 245
286 246
286 247
286 253
290 80
290 134
290 239
292 74
292 82
292 136
292 241
122 310
122 297
122 300
122 302
122 303
122 305
122 306
122 307
122 308
122 309
122 311
122 357
123 311
123 177
123 297
123 300
123 302
123 303
123 305
123 306
123 307
123 308
123 309
123 310
123 357
75 175
75 245
269 191
145 169
145 179
145 180
146 352
146 169
146 178
146 179
146 180
147 353
147 180
136 309
268 181
268 190
268 193
110 297
110 300
110 302
110 303
110 305
110 306
110 307
110 308
110 309
110 310
110 311
110 357
180 215
166 90
166 314
166 319
166 320
166 321
166 322
166 323
166 324
166 325
166 326
166 327
166 328
166 353
236 74
165 314
165 319
165 320
165 321
165 322
165 323
165 324
165 325
165 326
165 327
165 328
165 353
329 108
329 112
329 116
329 128
329 130
329 131
329 134
329 139
329 217
329 254
329 261
329 275
70 170
170 100
170 314
170 319
170 320
170 321
170 322
170 323
170 324
170 325
170 326
170 327
170 328
170 353
71 185
185 196
185 303
185 320
72 261
261 107
261 358
175 245
175 314
175 319
175 320
175 321
175 322
175 323
175 324
175 325
175 326
175 327
175 328
175 353
245 275
245 277
245 305
245 306
245 307
245 308
245 325
77 177
177 314
177 319
177 320
177 321
177 322
177 323
177 324
177 325
177 326
177 327
177 328
177 353
78 178
178 144
178 161
178 213
178 189
178 314
178 319
178 320
178 321
178 322
178 323
178 324
178 325
178 326
178 327
178 328
178 353
81 144
144 169
144 171
82 202
202 186
202 192
202 254
202 324
83 203
203 187
203 254
203 255
203 325
113 297
113 300
113 302
113 303
113 305
113 306
113 307
113 308
113 309
113 310
113 311
113 357
159 90
159 155
159 179
117 297
117 300
117 302
117 303
117 305
117 306
117 307
117 308
117 309
117 310
117 311
117 357
169 213
169 314
169 319
169 320
169 321
169 322
169 323
169 324
169 325
169 326
169 327
169 328
169 353
171 139
171 314
171 319
171 320
171 321
171 322
171 323
171 324
171 325
171 326
171 327
171 328
171 353
204 189
204 255
204 257
204 326
162 312
89 247
89 303
89 163
247 275
247 277
247 305
247 306
247 307
247 308
247 327
303 109
303 112
303 116
303 130
303 139
303 140
303 142
163 353
163 357
163 358
90 155
90 263
155 358
263 234
239 275
239 277
239 305
239 306
239 307
239 309
239 319
143 297
244 275
244 277
244 305
244 306
244 307
244 308
244 324
300 109
300 112
300 116
300 139
300 140
300 142
300 182
100 254
254 193
254 195
101 255
255 193
255 196
255 323
103 257
257 198
104 258
258 153
107 153
108 357
357 109
357 112
357 116
357 154
109 135
109 297
109 302
109 305
109 306
109 307
109 309
109 311
135 308
297 112
297 116
297 124
297 139
297 140
297 154
297 179
297 246
302 112
302 116
302 139
302 140
302 142
305 112
305 116
305 139
305 140
305 142
305 187
305 241
305 246
305 253
306 112
306 116
306 139
306 140
306 142
306 188
306 208
306 241
306 246
306 253
307 112
307 116
307 134
307 139
307 140
307 142
307 189
307 209
307 241
307 246
307 253
309 112
309 116
309 139
309 140
309 142
309 191
309 211
311 112
311 116
311 138
311 139
311 140
311 142
311 193
311 208
311 216
311 217
308 112
308 116
308 139
308 140
308 142
308 190
308 210
308 241
308 246
308 253
310 112
310 116
310 137
310 139
310 140
310 142
310 192
310 215
310 216
112 137
116 265
234 264
234 322
234 314
253 275
253 277
188 323
124 312
312 206
312 209
312 215
312 216
312 217
313 208
313 210
313 217
126 314
314 164
314 179
314 194
314 195
314 196
314 198
314 211
128 275
275 164
275 241
275 246
130 277
277 241
277 246
164 319
164 320
164 321
164 322
164 323
164 324
164 326
164 328
164 353
138 319
319 194
319 195
319 196
319 197
179 214
352 198
352 212
353 209
154 241
154 182
241 321
182 211
358 210
320 194
320 195
320 196
320 197
320 214
321 186
321 194
321 195
321 196
321 197
322 187
322 194
322 195
322 196
322 197
322 206
322 214
323 194
323 195
323 196
323 197
324 189
324 193
324 194
324 195
324 196
324 197
326 191
326 194
326 195
326 196
326 197
326 246
328 193
328 194
328 195
328 196
328 197
325 190
325 194
325 195
325 196
325 197
327 192
327 194
327 195
327 196
327 197
327 215
213 181
214 191
211 194
183 194
194 209
186 197
187 198
190 216
206 264
