363 2448
0 0
0 359
359 3
359 4
359 5
359 6
359 7
359 8
359 9
359 10
359 11
359 12
359 13
359 14
359 15
359 16
359 17
359 18
359 45
359 49
359 54
359 226
1 4
1 355
4 7
4 263
4 334
4 335
4 336
4 337
4 338
4 339
4 340
4 341
4 342
4 343
4 344
4 345
4 347
4 349
355 19
355 216
2 5
2 356
5 8
5 264
5 335
5 336
5 337
5 338
5 339
5 340
5 341
5 342
5 343
5 344
5 345
5 346
5 347
5 348
5 349
356 38
356 52
356 217
3 6
3 361
6 9
6 265
6 335
6 336
6 337
6 338
6 339
6 340
6 341
6 342
6 343
6 344
6 345
6 346
6 347
6 348
6 349
361 50
361 228
7 10
7 153
7 266
7 335
7 336
7 337
7 338
7 339
7 340
7 341
7 342
7 343
7 344
7 345
7 346
7 347
7 348
7 349
263 13
263 14
263 16
263 18
263 45
263 47
263 70
263 234
263 260
263 331
334 13
334 14
334 16
334 18
334 38
334 45
334 47
334 52
334 133
334 218
334 235
334 254
335 8
335 9
335 10
335 11
335 12
335 13
335 14
335 15
335 16
335 17
335 18
335 19
335 34
335 35
335 36
335 38
335 45
335 70
335 134
335 218
335 235
335 254
336 8
336 9
336 10
336 11
336 12
336 13
336 14
336 15
336 16
336 17
336 18
336 20
336 34
336 35
336 36
336 37
336 45
336 71
336 135
336 218
336 235
336 254
337 8
337 9
337 10
337 11
337 12
337 13
337 14
337 15
337 16
337 17
337 18
337 21
337 34
337 35
337 36
337 37
337 45
337 72
337 136
337 218
337 235
337 254
338 8
338 9
338 10
338 11
338 12
338 13
338 14
338 15
338 16
338 17
338 18
338 22
338 34
338 35
338 36
338 37
338 45
338 73
338 137
338 218
338 235
338 254
339 8
339 9
339 10
339 11
339 12
339 13
339 14
339 15
339 16
339 17
339 18
339 23
339 34
339 35
339 36
339 37
339 45
339 74
339 138
339 218
339 235
339 254
340 8
340 9
340 10
340 11
340 12
340 13
340 14
340 15
340 16
340 17
340 18
340 24
340 34
340 35
340 36
340 37
340 45
340 75
340 139
340 218
340 235
340 254
341 8
341 9
341 10
341 11
341 12
341 13
341 14
341 15
341 16
341 17
341 18
341 25
341 34
341 35
341 36
341 37
341 45
341 76
341 140
341 218
341 235
341 254
342 8
342 9
342 10
342 11
342 12
342 13
342 14
342 15
342 16
342 17
342 18
342 26
342 34
342 35
342 36
342 37
342 45
342 77
342 141
342 218
342 235
342 254
343 8
343 9
343 10
343 11
343 12
343 13
343 14
343 15
343 16
343 17
343 18
343 27
343 34
343 35
343 36
343 37
343 45
343 78
343 142
343 218
343 235
343 254
344 8
344 9
344 10
344 11
344 12
344 13
344 14
344 15
344 16
344 17
344 18
344 28
344 34
344 35
344 36
344 37
344 45
344 79
344 219
344 239
344 240
344 241
344 242
344 243
344 244
344 245
344 246
344 247
344 248
344 249
344 250
344 251
344 252
344 253
344 254
345 8
345 9
345 10
345 11
345 12
345 13
345 14
345 15
345 16
345 17
345 18
345 29
345 34
345 35
345 36
345 37
345 45
345 80
345 220
345 239
345 240
345 241
345 242
345 243
345 244
345 245
345 246
345 247
345 248
345 249
345 250
345 251
345 252
345 253
345 254
347 8
347 9
347 10
347 11
347 12
347 13
347 14
347 15
347 16
347 17
347 18
347 31
347 34
347 35
347 36
347 37
347 45
347 82
347 222
347 240
347 241
347 242
347 243
347 244
347 245
347 246
347 247
347 248
347 249
347 250
347 251
347 252
347 253
349 8
349 9
349 10
349 11
349 12
349 13
349 14
349 15
349 16
349 17
349 18
349 33
349 34
349 35
349 36
349 37
349 45
349 84
349 143
349 219
8 11
8 153
8 267
8 346
8 348
264 13
264 14
264 16
264 45
264 47
264 71
264 206
264 234
264 330
346 9
346 10
346 11
346 12
346 13
346 14
346 15
346 16
346 17
346 18
346 30
346 34
346 35
346 36
346 37
346 45
346 81
346 221
346 239
346 240
346 241
346 242
346 243
346 244
346 245
346 246
346 247
346 248
346 249
346 250
346 251
346 252
346 253
346 254
348 9
348 10
348 11
348 12
348 13
348 14
348 15
348 16
348 17
348 18
348 32
348 34
348 35
348 36
348 37
348 45
348 83
348 223
348 239
348 254
348 255
9 12
9 153
9 268
265 13
265 14
265 16
265 45
265 47
265 72
265 333
265 354
10 13
10 153
10 269
153 11
153 12
153 13
153 44
153 232
153 258
153 296
266 13
266 14
266 16
266 45
266 47
266 73
266 105
266 194
266 206
266 233
266 234
11 14
11 270
267 13
267 14
267 16
267 45
267 47
267 74
267 332
12 15
12 271
268 13
268 14
268 16
268 45
268 47
268 75
268 190
13 16
13 269
13 270
13 271
13 272
13 273
13 274
13 275
13 276
13 277
269 14
269 16
269 45
269 47
269 76
269 191
14 17
14 270
14 271
14 272
14 273
14 274
14 275
14 276
14 277
270 16
270 45
270 47
270 77
270 192
15 18
15 274
271 16
271 45
271 47
271 78
271 193
271 202
16 39
16 154
16 272
16 273
16 274
16 275
16 276
16 277
272 45
272 47
272 79
272 329
273 45
273 47
273 80
273 235
273 330
273 333
274 45
274 47
274 81
274 106
274 236
275 45
275 47
275 82
275 107
275 235
275 239
275 240
275 241
275 242
275 243
275 244
275 245
275 246
275 247
275 248
275 249
275 251
275 253
275 254
276 17
276 18
276 45
276 47
276 83
276 108
276 235
276 239
276 240
276 241
276 242
276 243
276 244
276 245
276 246
276 247
276 248
276 249
276 250
276 251
276 252
276 253
277 18
277 45
277 47
277 84
277 109
277 235
277 239
277 240
277 241
277 242
277 243
277 244
277 245
277 246
277 247
277 248
277 249
277 250
277 251
277 252
277 253
17 40
18 41
18 154
39 92
39 148
39 155
39 157
154 44
154 45
154 182
154 232
154 357
40 93
40 149
40 155
40 156
40 157
41 94
41 150
41 155
41 156
41 157
19 42
42 102
42 151
42 156
20 43
43 109
43 152
21 51
51 117
51 158
51 230
22 55
55 121
55 280
55 281
55 282
55 283
55 284
55 285
55 286
55 287
55 288
55 289
55 290
55 292
55 294
23 56
56 122
56 280
56 281
56 282
56 283
56 284
56 285
56 286
56 287
56 288
56 289
56 290
56 291
56 292
56 293
56 294
24 57
57 123
57 280
57 281
57 282
57 283
57 284
57 285
57 286
57 287
57 288
57 289
57 290
57 291
57 292
57 293
57 294
25 58
58 144
58 164
58 280
58 281
58 282
58 283
58 284
58 285
58 286
58 287
58 288
58 289
58 290
58 291
58 292
58 293
58 294
26 59
59 145
59 164
59 280
59 281
59 282
59 283
59 284
59 285
59 286
59 287
59 288
59 289
59 290
59 291
59 292
59 293
59 294
27 60
60 146
60 164
60 280
60 281
60 282
60 283
60 284
60 285
60 286
60 287
60 288
60 289
60 290
60 291
60 292
60 293
60 294
28 61
61 147
61 164
61 280
61 281
61 282
61 283
61 284
61 285
61 286
61 287
61 288
61 289
61 290
61 291
61 292
61 293
61 294
29 62
62 148
62 164
62 280
62 281
62 282
62 283
62 284
62 285
62 286
62 287
62 288
62 289
62 290
62 291
62 292
62 293
62 294
30 63
63 156
63 164
63 280
63 281
63 282
63 283
63 284
63 285
63 286
63 287
63 288
63 289
63 290
63 291
63 292
63 293
63 294
31 64
64 164
64 280
64 281
64 282
64 283
64 284
64 285
64 286
64 287
64 288
64 289
64 290
64 291
64 292
64 293
64 294
32 65
65 165
65 280
65 281
65 282
65 283
65 284
65 285
65 286
65 287
65 288
65 289
65 290
65 291
65 292
65 293
65 294
33 66
66 166
66 280
66 281
66 282
66 283
66 284
66 285
66 286
66 287
66 288
66 289
66 290
66 291
66 292
66 293
66 294
34 67
34 148
67 167
67 165
67 280
67 281
67 282
67 283
67 284
67 285
67 286
67 287
67 288
67 289
67 290
67 291
67 292
67 293
67 294
148 175
35 68
35 149
68 168
68 280
68 281
68 282
68 283
68 284
68 285
68 286
68 287
68 288
68 289
68 290
68 291
68 292
68 293
68 294
149 176
149 177
36 69
36 150
69 169
69 165
69 280
69 281
69 282
69 283
69 284
69 285
69 286
69 287
69 288
69 289
69 290
69 291
69 292
69 293
69 294
150 177
150 258
150 297
150 298
150 299
150 300
150 301
150 302
150 303
150 304
150 305
150 306
150 307
150 308
150 309
150 310
150 311
150 357
37 90
37 151
90 224
90 159
90 166
90 167
90 169
151 258
151 295
38 91
38 152
91 225
91 160
91 167
91 168
91 169
152 296
92 226
92 161
92 166
92 167
92 168
92 169
155 104
155 358
157 106
157 351
157 352
93 227
93 162
93 168
156 105
156 170
156 182
156 231
156 232
94 228
94 163
102 256
102 158
102 170
102 230
102 231
109 297
109 298
109 299
109 300
109 301
109 302
109 303
109 304
109 305
109 306
109 307
109 309
109 311
109 357
44 110
110 278
110 297
110 298
110 299
110 300
110 301
110 302
110 303
110 304
110 305
110 306
110 307
110 308
110 309
110 310
110 311
110 357
45 111
45 256
111 279
111 297
111 298
111 299
111 300
111 301
111 302
111 303
111 304
111 305
111 306
111 307
111 308
111 309
111 310
111 311
111 357
256 46
256 48
256 197
256 202
256 203
256 204
256 205
46 112
46 261
112 280
112 176
112 297
112 298
112 299
112 300
112 301
112 302
112 303
112 304
112 305
112 306
112 307
112 308
112 309
112 310
112 311
112 357
261 53
261 260
261 357
261 329
47 113
47 262
113 281
113 176
113 297
113 298
113 299
113 300
113 301
113 302
113 303
113 304
113 305
113 306
113 307
113 308
113 309
113 310
113 311
113 357
262 48
262 331
48 114
48 230
114 282
114 176
114 297
114 298
114 299
114 300
114 301
114 302
114 303
114 304
114 305
114 306
114 307
114 308
114 309
114 310
114 311
114 357
230 49
230 96
230 330
49 115
49 158
115 283
115 176
115 297
115 298
115 299
115 300
115 301
115 302
115 303
115 304
115 305
115 306
115 307
115 308
115 309
115 310
115 311
115 357
158 166
50 116
50 362
116 284
116 176
116 297
116 298
116 299
116 300
116 301
116 302
116 303
116 304
116 305
116 306
116 307
116 308
116 309
116 310
116 311
116 357
362 54
362 101
362 229
362 236
117 285
117 176
117 297
117 298
117 299
117 300
117 301
117 302
117 303
117 304
117 305
117 306
117 307
117 308
117 309
117 310
117 311
117 357
52 118
52 350
118 286
118 176
118 297
118 298
118 299
118 300
118 301
118 302
118 303
118 304
118 305
118 306
118 307
118 308
118 309
118 310
118 311
118 357
350 89
350 103
350 144
350 220
53 119
53 278
119 287
119 297
119 298
119 299
119 300
119 301
119 302
119 303
119 304
119 305
119 306
119 307
119 308
119 309
119 310
119 311
119 357
278 97
278 107
278 212
278 235
278 239
278 240
278 241
278 242
278 243
278 244
278 245
278 246
278 247
278 248
278 249
278 250
278 251
278 252
278 253
54 120
54 360
120 288
120 297
120 298
120 299
120 300
120 301
120 302
120 303
120 304
120 305
120 306
120 307
120 308
120 309
120 310
120 311
120 357
360 227
121 289
121 177
121 297
121 298
121 299
121 300
121 301
121 302
121 303
121 304
121 305
121 306
121 307
121 308
121 309
121 310
121 311
121 357
280 70
280 85
280 86
280 87
280 89
280 96
280 124
280 212
280 235
280 239
280 240
280 241
280 242
280 243
280 244
280 245
280 246
280 247
280 248
280 249
280 250
280 251
280 252
280 253
281 71
281 85
281 86
281 87
281 88
281 96
281 125
281 212
281 235
281 239
281 240
281 241
281 242
281 243
281 244
281 245
281 246
281 247
281 248
281 249
281 250
281 251
281 252
281 253
282 72
282 85
282 86
282 87
282 88
282 96
282 126
282 212
282 235
282 239
282 240
282 241
282 242
282 243
282 244
282 245
282 246
282 247
282 248
282 249
282 250
282 251
282 252
282 253
283 73
283 85
283 86
283 87
283 88
283 96
283 127
283 212
283 235
283 239
283 240
283 241
283 242
283 243
283 244
283 245
283 246
283 247
283 248
283 249
283 250
283 251
283 252
283 253
284 74
284 85
284 86
284 87
284 88
284 96
284 128
284 212
284 235
284 239
284 240
284 241
284 242
284 243
284 244
284 245
284 246
284 247
284 248
284 249
284 250
284 251
284 252
284 253
284 254
285 75
285 85
285 86
285 87
285 88
285 96
285 129
285 235
285 239
285 240
285 241
285 242
285 243
285 244
285 245
285 246
285 247
285 248
285 249
285 250
285 251
285 252
285 253
285 254
286 76
286 85
286 86
286 87
286 88
286 96
286 130
286 235
286 239
286 240
286 241
286 242
286 243
286 244
286 245
286 246
286 247
286 248
286 249
286 250
286 251
286 252
286 253
287 77
287 85
287 86
287 87
287 88
287 96
287 131
287 213
287 235
287 239
287 240
287 241
287 242
287 243
287 244
287 245
287 246
287 247
287 248
287 249
287 250
287 251
287 252
287 253
287 254
288 78
288 85
288 86
288 87
288 88
288 96
288 132
288 235
288 239
288 240
288 241
288 242
288 243
288 244
288 245
288 246
288 247
288 248
288 249
288 250
288 251
288 252
288 253
289 79
289 85
289 86
289 87
289 88
289 96
289 133
289 213
289 235
289 239
289 240
289 241
289 242
289 243
289 244
289 245
289 246
289 247
289 248
289 249
289 250
289 251
289 252
289 253
289 254
290 80
290 85
290 86
290 87
290 88
290 96
290 134
290 239
292 82
292 85
292 86
292 87
292 88
292 96
292 136
292 241
294 84
294 85
294 86
294 87
294 88
294 96
294 138
294 243
122 310
122 297
122 298
122 299
122 300
122 301
122 302
122 303
122 304
122 305
122 306
122 307
122 308
122 309
122 311
122 357
291 81
291 85
291 86
291 87
291 88
291 96
291 135
291 240
293 83
293 85
293 86
293 87
293 88
293 96
293 137
293 242
123 311
123 177
123 297
123 298
123 299
123 300
123 301
123 302
123 303
123 304
123 305
123 306
123 307
123 308
123 309
123 310
123 357
144 171
144 178
144 179
144 181
164 95
164 314
164 315
164 316
164 317
164 318
164 319
164 320
164 321
164 322
164 323
164 324
164 326
164 328
164 353
145 351
145 172
145 179
145 180
145 181
146 352
146 173
146 178
146 179
146 180
146 181
147 353
147 174
147 180
165 95
165 96
165 314
165 315
165 316
165 317
165 318
165 319
165 320
165 321
165 322
165 323
165 324
165 325
165 326
165 327
165 328
165 353
166 106
166 314
166 315
166 316
166 317
166 318
166 319
166 320
166 321
166 322
166 323
166 324
166 325
166 326
166 327
166 328
166 353
167 159
167 188
167 314
167 315
167 316
167 317
167 318
167 319
167 320
167 321
167 322
167 323
167 324
167 325
167 326
167 327
167 328
167 353
168 160
168 188
168 314
168 315
168 316
168 317
168 318
168 319
168 320
168 321
168 322
168 323
168 324
168 325
168 326
168 327
168 328
168 353
169 161
169 188
169 314
169 315
169 316
169 317
169 318
169 319
169 320
169 321
169 322
169 323
169 324
169 325
169 326
169 327
169 328
169 353
70 170
170 100
170 188
170 314
170 315
170 316
170 317
170 318
170 319
170 320
170 321
170 322
170 323
170 324
170 325
170 326
170 327
170 328
170 353
71 171
171 139
171 188
171 314
171 315
171 316
171 317
171 318
171 319
171 320
171 321
171 322
171 323
171 324
171 325
171 326
171 327
171 328
171 353
72 172
172 140
172 188
172 314
172 315
172 316
172 317
172 318
172 319
172 320
172 321
172 322
172 323
172 324
172 325
172 326
172 327
172 328
172 353
73 173
173 141
173 188
173 314
173 315
173 316
173 317
173 318
173 319
173 320
173 321
173 322
173 323
173 324
173 325
173 326
173 327
173 328
173 353
74 174
174 142
174 314
174 315
174 316
174 317
174 318
174 319
174 320
174 321
174 322
174 323
174 324
174 325
174 326
174 327
174 328
174 353
75 175
175 143
175 314
175 315
175 316
175 317
175 318
175 319
175 320
175 321
175 322
175 323
175 324
175 325
175 326
175 327
175 328
175 353
76 176
176 189
176 314
176 315
176 316
176 317
176 318
176 319
176 320
176 321
176 322
176 323
176 324
176 325
176 326
176 327
176 328
176 353
77 177
177 314
177 315
177 316
177 317
177 318
177 319
177 320
177 321
177 322
177 323
177 324
177 325
177 326
177 327
177 328
177 353
78 178
178 161
178 213
178 189
178 314
178 315
178 316
178 317
178 318
178 319
178 320
178 321
178 322
178 323
178 324
178 325
178 326
178 327
178 328
178 353
79 199
199 183
199 190
199 191
199 193
199 253
199 258
80 200
200 184
200 191
200 192
200 193
200 222
200 223
200 224
200 225
200 226
200 227
200 228
200 259
81 201
201 185
201 190
201 191
201 192
201 193
201 231
201 233
201 259
201 260
82 202
202 186
202 192
202 254
202 324
83 203
203 187
203 254
203 255
203 325
84 211
211 182
211 194
211 309
211 314
211 232
211 233
85 219
85 159
219 330
86 220
86 160
220 330
87 221
87 161
221 351
221 330
88 222
88 162
222 352
222 330
162 295
162 312
89 223
89 163
223 353
223 330
163 353
163 357
163 358
224 357
224 330
225 358
225 330
226 330
227 330
228 330
95 229
229 330
96 257
257 97
257 99
257 103
257 198
257 204
97 231
231 99
231 100
231 330
98 232
98 279
232 330
279 99
279 212
279 235
279 239
279 240
279 241
279 242
279 243
279 244
279 245
279 246
279 247
279 248
279 249
279 250
279 251
279 252
279 253
99 233
233 208
233 209
233 330
100 254
254 195
254 205
254 316
254 318
254 329
254 330
254 331
254 332
254 333
101 255
255 196
255 204
255 205
255 323
103 351
351 143
104 258
107 295
295 244
108 357
297 124
297 139
297 140
297 141
297 143
297 179
297 246
298 125
298 139
298 140
298 141
298 142
298 180
298 247
299 126
299 139
299 140
299 141
299 142
299 181
299 248
300 127
300 139
300 140
300 141
300 142
300 182
300 249
301 128
301 139
301 140
301 141
301 142
301 183
301 250
302 129
302 139
302 140
302 141
302 142
302 184
302 251
303 130
303 139
303 140
303 141
303 142
303 185
303 252
304 131
304 139
304 140
304 141
304 142
304 186
304 253
305 132
305 139
305 140
305 141
305 142
305 187
305 207
305 239
305 240
305 241
305 242
305 243
305 244
305 245
305 246
305 247
305 248
305 249
305 250
305 251
305 252
305 253
306 133
306 139
306 140
306 141
306 142
306 188
306 208
306 239
306 240
306 241
306 242
306 243
306 244
306 245
306 246
306 247
306 248
306 249
306 250
306 251
306 252
306 253
307 134
307 139
307 140
307 141
307 142
307 189
307 209
307 239
307 240
307 241
307 242
307 243
307 244
307 245
307 246
307 247
307 248
307 249
307 250
307 251
307 252
307 253
309 136
309 139
309 140
309 141
309 142
309 191
309 239
309 332
311 138
311 139
311 140
311 141
311 142
311 193
311 208
311 216
311 217
308 135
308 139
308 140
308 141
308 142
308 190
308 210
308 240
308 241
308 242
308 243
308 244
308 245
308 246
308 247
308 248
308 249
308 250
308 251
308 252
308 253
310 137
310 139
310 140
310 141
310 142
310 192
310 207
310 215
310 216
124 312
312 206
312 209
312 215
312 216
312 217
125 313
313 207
313 208
313 210
313 217
126 314
314 179
314 194
314 195
314 196
314 198
314 205
314 234
127 322
322 187
322 194
322 195
322 196
322 197
322 205
322 206
322 214
322 234
322 237
322 242
128 329
329 217
329 218
329 235
129 330
330 218
330 235
330 260
130 331
331 218
331 235
131 332
332 218
332 235
332 323
132 333
333 218
333 235
333 321
179 214
181 216
181 316
180 215
180 315
352 198
352 212
353 205
353 209
353 218
296 245
182 317
358 210
315 194
315 195
315 196
315 197
315 205
315 212
315 213
315 235
316 194
316 195
316 196
316 197
316 205
316 213
316 235
316 236
316 239
316 240
316 241
316 242
316 243
316 244
316 245
316 246
316 247
316 248
316 249
316 250
316 251
316 252
316 253
317 194
317 195
317 196
317 197
317 205
317 236
317 237
318 183
318 194
318 195
318 196
318 197
318 205
318 238
319 184
319 194
319 195
319 196
319 197
319 205
319 237
319 239
320 185
320 194
320 195
320 196
320 197
320 205
320 214
320 235
320 237
320 240
321 186
321 194
321 195
321 196
321 197
321 205
321 238
321 241
323 188
323 194
323 195
323 196
323 197
323 205
323 243
324 189
324 194
324 195
324 196
324 197
324 205
324 244
326 191
326 194
326 195
326 196
326 197
326 204
326 205
326 246
328 193
328 194
328 195
328 196
328 197
328 205
328 218
328 235
328 238
328 248
325 190
325 194
325 195
325 196
325 197
325 205
325 245
327 192
327 194
327 195
327 196
327 197
327 205
327 215
327 247
188 204
189 204
189 205
215 354
216 190
183 194
194 209
184 195
195 249
185 196
196 250
186 197
197 251
187 198
198 252
205 259
259 206
259 208
260 260
210 354
354 218
