363 3051
0 0
0 359
359 3
359 4
359 5
359 6
359 7
359 8
359 9
359 10
359 11
359 12
359 13
359 14
359 15
359 16
359 17
359 18
359 45
359 49
359 54
359 226
1 4
1 27
1 47
1 51
1 274
4 7
4 263
4 334
4 335
4 336
4 337
4 338
4 339
4 340
4 341
4 342
4 343
4 344
4 345
4 347
4 349
27 30
27 343
47 20
47 115
47 132
47 256
47 263
47 266
47 267
47 268
47 269
47 270
47 271
47 272
47 273
47 334
51 21
51 158
274 33
274 49
274 106
2 55
2 56
2 57
2 58
2 59
2 60
2 61
2 62
2 63
2 64
2 65
2 66
2 67
2 68
2 69
2 79
2 85
2 86
2 87
2 88
2 96
2 133
2 356
55 121
55 93
55 235
55 277
55 280
55 281
55 282
55 284
55 285
55 286
55 287
55 290
55 292
55 294
56 23
56 122
56 93
56 235
56 280
56 281
56 282
56 284
56 285
56 286
56 287
56 290
56 291
56 292
56 293
56 294
57 24
57 123
57 93
57 235
57 276
57 280
57 281
57 282
57 284
57 285
57 286
57 287
57 290
57 291
57 292
57 293
57 294
58 25
58 144
58 93
58 164
58 235
58 280
58 281
58 282
58 283
58 284
58 285
58 286
58 287
58 290
58 291
58 292
58 293
58 294
59 26
59 145
59 93
59 164
59 235
59 280
59 281
59 282
59 284
59 285
59 286
59 287
59 290
59 291
59 292
59 293
59 294
60 20
60 146
60 93
60 164
60 235
60 280
60 281
60 282
60 284
60 285
60 286
60 287
60 290
60 291
60 292
60 293
60 294
61 147
61 93
61 164
61 235
61 279
61 280
61 281
61 282
61 284
61 285
61 286
61 287
61 290
61 291
61 292
61 293
61 294
62 29
62 148
62 93
62 164
62 235
62 280
62 281
62 282
62 284
62 285
62 286
62 287
62 290
62 291
62 292
62 293
62 294
63 156
63 93
63 164
63 235
63 280
63 281
63 282
63 284
63 285
63 286
63 287
63 288
63 290
63 291
63 292
63 293
63 294
64 26
64 48
64 164
64 173
64 174
64 176
64 178
64 205
64 207
64 234
64 93
64 235
64 276
64 277
64 280
64 281
64 282
64 283
64 284
64 285
64 286
64 287
64 288
64 290
64 291
64 292
64 293
64 294
65 26
65 110
65 93
65 235
65 276
65 277
65 280
65 281
65 282
65 283
65 284
65 285
65 286
65 287
65 288
65 290
65 291
65 292
65 293
65 294
66 33
66 166
66 93
66 235
66 280
66 281
66 282
66 284
66 285
66 286
66 287
66 290
66 291
66 292
66 293
66 294
67 26
67 34
67 167
67 93
67 165
67 235
67 276
67 277
67 280
67 281
67 282
67 283
67 284
67 285
67 286
67 287
67 288
67 290
67 291
67 292
67 293
67 294
68 35
68 284
68 285
68 287
68 316
68 318
68 329
68 330
68 331
68 332
68 333
68 334
68 335
68 336
68 337
68 338
68 339
68 340
68 341
68 342
68 343
68 344
68 345
68 346
68 347
68 93
68 235
68 280
68 281
68 282
68 286
68 290
68 291
68 292
68 293
68 294
69 36
69 225
69 228
69 229
69 231
69 260
69 262
69 296
69 93
69 165
69 235
69 277
69 280
69 281
69 282
69 284
69 285
69 286
69 287
69 290
69 291
69 292
69 293
69 294
79 199
79 272
79 344
85 113
85 118
85 119
85 121
85 150
85 152
85 183
85 93
85 159
85 280
85 281
85 282
85 284
85 285
85 286
85 287
85 290
85 291
85 292
85 293
85 294
86 117
86 118
86 119
86 121
86 150
86 152
86 187
86 93
86 160
86 280
86 281
86 282
86 284
86 285
86 286
86 287
86 290
86 291
86 292
86 293
86 294
87 221
87 93
87 161
87 280
87 281
87 282
87 284
87 285
87 286
87 287
87 290
87 291
87 292
87 293
87 294
88 222
88 93
88 162
88 281
88 282
88 284
88 285
88 286
88 287
88 290
88 291
88 292
88 293
88 294
96 26
96 52
96 93
96 219
96 220
96 221
96 222
96 223
96 224
96 225
96 226
96 227
96 228
96 229
96 230
96 231
96 232
96 233
96 244
96 249
96 250
96 251
96 252
96 260
96 300
96 165
96 235
96 276
96 277
96 280
96 281
96 282
96 283
96 284
96 285
96 286
96 287
96 288
96 290
96 291
96 292
96 293
96 294
133 334
133 306
356 38
356 52
356 217
3 219
3 220
3 221
3 222
3 223
3 224
3 225
3 226
3 227
3 228
3 229
3 230
3 231
3 232
3 233
3 242
3 249
3 250
3 251
3 252
3 260
3 298
3 361
219 10
219 11
219 15
219 28
219 30
219 43
219 74
219 94
219 118
219 154
219 344
219 349
219 257
219 296
219 330
220 10
220 11
220 15
220 28
220 30
220 43
220 74
220 89
220 94
220 118
220 154
220 175
220 345
220 350
220 240
220 296
220 330
221 10
221 11
221 15
221 28
221 30
221 43
221 74
221 89
221 94
221 118
221 154
221 175
221 346
221 351
221 296
221 330
222 10
222 11
222 15
222 28
222 30
222 43
222 74
222 89
222 94
222 118
222 154
222 175
222 200
222 347
222 352
222 296
222 330
223 10
223 11
223 15
223 28
223 30
223 43
223 74
223 89
223 94
223 118
223 154
223 175
223 200
223 348
223 353
223 236
223 296
223 330
224 10
224 11
224 15
224 28
224 30
224 43
224 74
224 89
224 90
224 94
224 118
224 154
224 175
224 200
224 357
224 296
224 330
225 10
225 11
225 15
225 28
225 30
225 43
225 74
225 89
225 91
225 94
225 118
225 154
225 164
225 165
225 166
225 167
225 168
225 169
225 170
225 171
225 172
225 173
225 174
225 175
225 176
225 177
225 178
225 181
225 194
225 195
225 196
225 197
225 200
225 205
225 236
225 296
225 330
226 10
226 11
226 15
226 28
226 30
226 43
226 74
226 89
226 94
226 118
226 137
226 154
226 175
226 200
226 296
226 330
227 10
227 11
227 15
227 28
227 30
227 43
227 74
227 89
227 94
227 118
227 154
227 175
227 200
227 360
227 296
227 330
228 10
228 11
228 15
228 28
228 30
228 43
228 72
228 73
228 74
228 89
228 94
228 118
228 154
228 175
228 200
228 361
228 236
228 240
228 257
228 296
228 330
229 10
229 11
229 15
229 28
229 30
229 43
229 72
229 74
229 89
229 94
229 118
229 154
229 175
229 316
229 317
229 319
229 236
229 240
229 257
229 296
229 330
230 10
230 11
230 15
230 28
230 30
230 32
230 43
230 74
230 89
230 94
230 118
230 154
230 164
230 165
230 166
230 167
230 168
230 169
230 170
230 171
230 172
230 173
230 174
230 175
230 176
230 177
230 178
230 180
230 194
230 195
230 196
230 197
230 205
230 235
230 296
230 330
231 10
231 11
231 15
231 28
231 30
231 43
231 53
231 72
231 74
231 89
231 94
231 97
231 99
231 100
231 102
231 118
231 154
231 156
231 175
231 236
231 240
231 257
231 296
231 330
232 10
232 11
232 15
232 28
232 30
232 43
232 72
232 74
232 89
232 94
232 98
232 118
232 153
232 154
232 156
232 175
232 211
232 296
232 330
233 10
233 11
233 15
233 28
233 30
233 43
233 53
233 72
233 74
233 89
233 94
233 99
233 118
233 154
233 175
233 208
233 209
233 211
233 266
233 257
233 296
233 330
242 275
242 276
242 277
242 278
242 279
242 280
242 281
242 282
242 283
242 284
242 285
242 286
242 287
242 288
242 289
242 293
242 305
242 306
242 307
242 308
242 316
242 344
242 345
242 346
242 347
242 322
249 10
249 11
249 15
249 28
249 30
249 43
249 74
249 89
249 94
249 118
249 154
249 175
249 195
249 275
249 276
249 277
249 278
249 279
249 280
249 281
249 282
249 283
249 284
249 285
249 286
249 287
249 288
249 289
249 300
249 305
249 306
249 307
249 308
249 316
249 344
249 345
249 346
249 347
249 296
250 10
250 11
250 15
250 28
250 30
250 43
250 74
250 89
250 94
250 118
250 154
250 175
250 196
250 276
250 277
250 278
250 279
250 280
250 281
250 282
250 283
250 284
250 285
250 286
250 287
250 288
250 289
250 301
250 305
250 306
250 307
250 308
250 316
250 344
250 345
250 346
250 347
250 296
251 10
251 11
251 15
251 28
251 30
251 43
251 74
251 89
251 94
251 118
251 154
251 175
251 197
251 275
251 276
251 277
251 278
251 279
251 280
251 281
251 282
251 283
251 284
251 285
251 286
251 287
251 288
251 289
251 302
251 305
251 306
251 307
251 308
251 316
251 344
251 345
251 346
251 347
251 296
252 10
252 11
252 15
252 28
252 30
252 43
252 74
252 89
252 94
252 154
252 175
252 198
252 276
252 277
252 278
252 279
252 280
252 281
252 282
252 283
252 284
252 285
252 286
252 287
252 288
252 289
252 303
252 305
252 306
252 307
252 308
252 316
252 344
252 345
252 346
252 347
252 296
260 10
260 11
260 15
260 28
260 30
260 43
260 53
260 72
260 74
260 89
260 94
260 118
260 154
260 175
260 236
260 240
260 257
260 260
260 261
260 263
260 296
260 330
298 109
298 110
298 111
298 112
298 113
298 114
298 115
298 116
298 117
298 118
298 119
298 120
298 121
298 122
298 123
298 125
298 139
298 140
298 141
298 142
298 150
298 180
298 247
361 50
7 10
7 153
7 266
7 335
7 336
7 337
7 338
7 339
7 340
7 341
7 342
7 343
7 344
7 345
7 346
7 347
7 348
7 349
263 13
263 14
263 16
263 18
263 45
263 70
263 234
263 331
334 13
334 14
334 16
334 18
334 38
334 45
334 52
334 108
334 116
334 128
334 129
334 131
334 134
334 139
334 140
334 218
334 254
334 275
335 5
335 6
335 8
335 9
335 10
335 11
335 12
335 13
335 14
335 15
335 16
335 17
335 18
335 19
335 34
335 35
335 36
335 38
335 45
335 70
335 108
335 116
335 128
335 129
335 131
335 134
335 139
335 140
335 218
335 254
335 275
336 5
336 6
336 8
336 9
336 10
336 11
336 12
336 13
336 14
336 15
336 16
336 17
336 18
336 20
336 34
336 35
336 36
336 37
336 45
336 71
336 108
336 116
336 128
336 129
336 131
336 134
336 139
336 140
336 218
336 254
336 275
337 5
337 6
337 8
337 9
337 10
337 11
337 12
337 13
337 14
337 15
337 16
337 17
337 18
337 21
337 34
337 35
337 36
337 37
337 45
337 72
337 108
337 116
337 128
337 129
337 131
337 134
337 136
337 139
337 140
337 218
337 254
337 275
338 5
338 6
338 8
338 9
338 10
338 11
338 12
338 13
338 14
338 15
338 16
338 17
338 18
338 22
338 34
338 35
338 36
338 37
338 45
338 73
338 108
338 116
338 128
338 129
338 131
338 134
338 139
338 140
338 218
338 254
338 275
339 5
339 6
339 8
339 9
339 10
339 11
339 12
339 13
339 14
339 15
339 16
339 17
339 18
339 23
339 34
339 35
339 36
339 37
339 45
339 74
339 108
339 116
339 128
339 129
339 131
339 134
339 139
339 140
339 218
339 254
339 275
340 5
340 6
340 8
340 9
340 10
340 11
340 12
340 13
340 14
340 15
340 16
340 17
340 18
340 24
340 34
340 35
340 36
340 37
340 45
340 75
340 108
340 116
340 128
340 129
340 131
340 134
340 139
340 140
340 218
340 254
340 275
341 5
341 6
341 8
341 9
341 10
341 11
341 12
341 13
341 14
341 15
341 16
341 17
341 18
341 25
341 34
341 35
341 36
341 37
341 45
341 76
341 108
341 116
341 128
341 129
341 131
341 134
341 139
341 140
341 218
341 254
341 275
342 5
342 6
342 8
342 9
342 10
342 11
342 12
342 13
342 14
342 15
342 16
342 17
342 18
342 26
342 34
342 35
342 36
342 37
342 45
342 77
342 108
342 116
342 128
342 129
342 131
342 134
342 139
342 140
342 141
342 218
342 254
342 275
343 5
343 6
343 8
343 9
343 10
343 11
343 12
343 13
343 14
343 15
343 16
343 17
343 18
343 34
343 35
343 36
343 37
343 45
343 78
343 108
343 116
343 128
343 129
343 131
343 134
343 139
343 140
343 142
343 218
343 254
343 275
344 5
344 6
344 8
344 9
344 10
344 11
344 12
344 13
344 14
344 15
344 16
344 17
344 18
344 28
344 34
344 35
344 36
344 37
344 45
344 108
344 116
344 128
344 129
344 131
344 134
344 139
344 140
344 201
344 239
344 241
344 243
344 244
344 245
344 246
344 247
344 248
344 253
344 254
344 275
345 5
345 6
345 8
345 9
345 10
345 11
345 12
345 13
345 14
345 15
345 16
345 17
345 18
345 29
345 34
345 35
345 36
345 37
345 45
345 80
345 108
345 116
345 128
345 129
345 131
345 134
345 139
345 140
345 201
345 239
345 241
345 243
345 244
345 245
345 246
345 247
345 248
345 253
345 254
345 275
347 5
347 6
347 8
347 9
347 10
347 11
347 12
347 13
347 14
347 15
347 16
347 17
347 18
347 31
347 34
347 35
347 36
347 37
347 45
347 82
347 108
347 116
347 129
347 131
347 134
347 139
347 140
347 201
347 241
347 243
347 244
347 245
347 246
347 247
347 248
347 253
347 254
347 275
349 5
349 6
349 8
349 9
349 10
349 11
349 12
349 13
349 14
349 15
349 16
349 17
349 18
349 33
349 34
349 35
349 36
349 37
349 45
349 84
349 143
5 8
5 132
5 346
5 348
8 11
8 153
8 267
8 346
8 348
132 13
132 14
132 16
132 45
132 71
132 93
132 288
132 305
346 6
346 9
346 10
346 11
346 12
346 13
346 14
346 15
346 16
346 17
346 18
346 30
346 34
346 35
346 36
346 37
346 45
346 81
346 108
346 116
346 128
346 129
346 131
346 134
346 139
346 140
346 201
346 239
346 241
346 243
346 244
346 245
346 246
346 247
346 248
346 253
346 254
346 275
348 6
348 9
348 10
348 11
348 12
348 13
348 14
348 15
348 16
348 17
348 18
348 32
348 34
348 35
348 36
348 37
348 45
348 83
348 128
348 239
348 255
6 9
6 264
9 12
9 153
9 268
264 206
264 234
264 330
10 240
10 296
10 153
10 269
153 11
153 12
153 13
153 44
153 107
153 258
266 13
266 14
266 16
266 45
266 73
266 105
266 194
266 206
266 234
11 248
11 304
11 270
267 13
267 14
267 16
267 45
267 74
267 332
12 286
12 271
268 13
268 14
268 16
268 45
268 75
268 190
240 262
240 291
240 320
296 245
296 246
296 302
269 13
269 14
269 16
269 45
269 76
269 191
248 275
248 276
248 277
248 278
248 279
248 280
248 281
248 282
248 283
248 284
248 285
248 286
248 287
248 288
248 289
248 299
248 305
248 306
248 307
248 308
248 316
248 328
304 109
304 110
304 111
304 112
304 113
304 114
304 115
304 116
304 117
304 118
304 119
304 120
304 121
304 122
304 123
304 131
304 139
304 140
304 141
304 142
304 150
304 186
304 253
270 13
270 14
270 16
270 45
270 77
270 192
286 76
286 130
286 140
286 201
286 239
286 241
286 243
286 244
286 245
286 246
286 247
286 253
271 13
271 14
271 16
271 45
271 78
271 193
271 202
13 16
13 115
13 262
13 272
13 273
16 283
16 46
16 115
16 272
16 273
115 14
115 15
115 45
115 71
115 81
115 176
115 297
115 299
115 300
115 301
115 302
115 303
115 305
115 306
115 307
115 308
115 309
115 310
115 311
115 357
262 72
262 236
262 257
262 331
272 14
272 45
272 49
272 329
273 14
273 45
273 80
273 330
273 333
14 17
14 92
17 40
92 39
92 161
92 166
92 167
92 168
92 169
15 243
15 299
243 275
243 276
243 277
243 278
243 279
243 280
243 281
243 282
243 283
243 284
243 285
243 287
243 288
243 289
243 294
243 305
243 306
243 307
243 308
243 316
243 323
299 109
299 110
299 111
299 112
299 113
299 114
299 116
299 117
299 118
299 119
299 120
299 121
299 122
299 123
299 126
299 139
299 140
299 141
299 142
299 150
299 181
283 98
283 127
283 201
283 212
283 239
283 241
283 244
283 245
283 246
283 247
283 253
46 18
46 44
46 45
46 50
40 93
40 149
40 155
40 156
40 157
40 355
18 41
18 31
41 94
41 150
41 155
41 156
41 157
41 355
31 42
31 43
19 42
42 102
42 151
42 156
42 355
22 168
22 173
22 174
22 176
22 205
22 207
22 238
168 91
168 93
168 160
168 188
168 314
168 317
168 318
168 319
168 320
168 321
168 322
168 323
168 324
168 325
168 326
168 327
168 328
168 353
173 141
173 146
173 188
173 314
173 315
173 316
173 317
173 318
173 319
173 320
173 321
173 322
173 323
173 324
173 325
173 326
173 327
173 328
173 353
174 142
174 147
174 314
174 315
174 316
174 317
174 318
174 319
174 320
174 321
174 322
174 323
174 324
174 325
174 326
174 327
174 328
174 353
176 76
176 112
176 113
176 114
176 116
176 117
176 118
176 149
176 189
176 314
176 315
176 316
176 317
176 318
176 319
176 320
176 321
176 322
176 323
176 324
176 325
176 326
176 327
176 328
176 353
205 189
205 254
205 255
205 256
205 327
205 259
205 314
205 315
205 316
205 317
205 318
205 319
205 320
205 321
205 322
205 323
205 324
205 325
205 326
205 328
205 353
207 305
207 310
207 313
207 315
207 316
238 28
238 321
238 328
238 318
26 98
26 128
98 111
98 276
98 277
98 288
128 275
128 284
128 285
128 287
128 289
128 316
128 318
128 329
128 330
128 331
128 332
128 333
128 301
30 235
30 291
28 294
294 84
294 138
294 236
235 54
235 100
235 108
235 315
291 81
291 135
291 201
43 237
43 293
43 152
34 148
148 39
148 95
35 149
149 177
36 150
150 44
150 71
150 177
150 258
150 289
150 297
150 300
150 301
150 302
150 303
150 305
150 306
150 307
150 308
150 309
150 310
150 311
150 357
37 90
37 151
90 159
90 166
90 167
90 169
151 258
151 295
38 91
38 152
91 160
91 167
91 169
152 44
152 71
152 107
152 289
39 155
39 157
39 355
155 104
155 358
157 106
157 351
157 352
355 216
93 78
93 162
156 105
156 170
156 182
94 239
94 295
94 163
102 256
102 158
102 170
237 319
237 320
237 322
237 317
293 83
293 137
44 114
44 118
44 119
44 121
44 184
114 171
114 297
114 300
114 301
114 302
114 303
114 305
114 306
114 307
114 308
114 309
114 310
114 311
114 357
118 71
118 234
118 253
118 290
118 289
118 297
118 300
118 301
118 302
118 303
118 305
118 306
118 307
118 308
118 309
118 310
118 311
118 357
119 71
119 287
119 289
119 297
119 300
119 301
119 302
119 303
119 305
119 306
119 307
119 308
119 309
119 310
119 311
119 357
121 71
121 289
121 177
121 297
121 300
121 301
121 302
121 303
121 305
121 306
121 307
121 308
121 309
121 310
121 311
121 357
184 195
184 200
184 302
184 319
45 111
111 99
111 297
111 300
111 301
111 302
111 303
111 305
111 306
111 307
111 308
111 309
111 310
111 311
111 357
50 53
50 357
50 362
256 48
256 197
256 202
256 203
256 204
49 317
49 158
317 164
317 165
317 166
317 167
317 169
317 170
317 171
317 172
317 175
317 177
317 178
317 182
317 194
317 195
317 196
317 197
158 166
53 259
53 278
357 108
357 109
357 110
357 112
357 113
357 116
357 117
357 120
357 122
357 123
357 154
357 163
362 54
362 101
362 127
52 97
52 99
52 350
97 261
97 278
350 89
350 103
350 144
259 200
259 206
259 208
278 107
278 110
278 131
278 201
278 212
278 239
278 241
278 244
278 245
278 246
278 247
278 253
54 120
54 360
120 288
120 297
120 300
120 301
120 302
120 303
120 305
120 306
120 307
120 308
120 309
120 310
120 311
277 109
277 124
277 201
277 239
277 241
277 244
277 245
277 246
277 247
277 253
280 70
280 89
280 112
280 124
280 201
280 212
280 239
280 241
280 244
280 245
280 246
280 247
280 253
281 71
281 113
281 125
281 134
281 201
281 212
281 239
281 241
281 244
281 245
281 246
281 247
281 253
282 72
282 126
282 201
282 212
282 239
282 241
282 244
282 245
282 246
282 247
282 253
282 275
284 74
284 108
284 116
284 129
284 131
284 134
284 139
284 140
284 201
284 212
284 239
284 241
284 244
284 245
284 246
284 247
284 253
284 254
284 275
285 75
285 108
285 116
285 117
285 129
285 131
285 134
285 139
285 140
285 201
285 239
285 241
285 244
285 245
285 246
285 247
285 253
285 254
285 275
287 77
287 108
287 116
287 129
287 131
287 134
287 139
287 140
287 201
287 213
287 239
287 241
287 244
287 245
287 246
287 247
287 253
287 254
287 275
290 80
290 134
290 239
290 257
292 74
292 82
292 136
292 241
122 310
122 297
122 300
122 301
122 302
122 303
122 305
122 306
122 307
122 308
122 309
122 311
123 311
123 177
123 297
123 300
123 301
123 302
123 303
123 305
123 306
123 307
123 308
123 309
123 310
276 126
276 129
276 201
276 239
276 241
276 244
276 245
276 246
276 247
276 253
144 171
144 178
144 179
144 181
164 95
164 314
164 318
164 319
164 320
164 321
164 322
164 323
164 324
164 326
164 328
164 353
145 351
145 172
145 179
145 180
145 181
146 352
146 178
146 179
146 180
146 181
147 353
147 180
279 108
279 201
279 212
279 239
279 241
279 244
279 245
279 246
279 247
279 253
288 201
288 239
288 241
288 244
288 245
288 246
288 247
288 253
178 78
178 161
178 213
178 189
178 314
178 318
178 319
178 320
178 321
178 322
178 323
178 324
178 325
178 326
178 327
178 328
178 353
234 322
234 314
110 297
110 300
110 301
110 302
110 303
110 305
110 306
110 307
110 308
110 309
110 310
110 311
166 106
166 314
166 316
166 318
166 319
166 320
166 321
166 322
166 323
166 324
166 325
166 326
166 327
166 328
166 353
167 159
167 188
167 314
167 318
167 319
167 320
167 321
167 322
167 323
167 324
167 325
167 326
167 327
167 328
167 353
165 95
165 314
165 315
165 318
165 319
165 320
165 321
165 322
165 323
165 324
165 325
165 326
165 327
165 328
165 353
316 108
316 116
316 129
316 131
316 134
316 139
316 140
316 201
316 213
316 236
316 239
316 241
316 244
316 245
316 246
316 247
316 253
316 254
316 275
318 108
318 116
318 129
318 131
318 134
318 138
318 139
318 140
318 169
318 170
318 171
318 172
318 175
318 177
318 183
318 194
318 195
318 196
318 197
318 254
318 275
329 108
329 116
329 129
329 131
329 134
329 139
329 217
329 218
329 254
329 261
329 275
330 108
330 116
330 129
330 131
330 134
330 139
330 140
330 218
330 254
330 275
331 108
331 116
331 129
331 130
331 131
331 134
331 139
331 140
331 218
331 254
331 275
332 108
332 116
332 129
332 131
332 134
332 139
332 140
332 218
332 254
332 275
332 309
332 323
333 108
333 116
333 129
333 131
333 134
333 139
333 140
333 218
333 254
333 265
333 275
333 321
70 170
170 100
170 188
170 314
170 319
170 320
170 321
170 322
170 323
170 324
170 325
170 326
170 327
170 328
170 353
71 185
185 196
185 201
185 303
185 320
72 303
303 89
303 109
303 112
303 113
303 116
303 117
303 130
303 139
303 140
303 141
303 142
74 236
75 175
175 245
175 301
175 314
175 319
175 320
175 321
175 322
175 323
175 324
175 325
175 326
175 327
175 328
175 353
77 177
177 314
177 319
177 320
177 321
177 322
177 323
177 324
177 325
177 326
177 327
177 328
177 353
199 183
199 190
199 191
199 193
199 253
199 258
80 200
200 191
200 192
200 193
81 201
201 190
201 191
201 192
201 193
201 275
201 289
201 305
201 306
201 307
201 308
82 202
202 186
202 192
202 254
202 324
83 203
203 187
203 254
203 255
203 325
84 211
211 182
211 194
211 309
211 314
113 297
113 300
113 301
113 302
113 305
113 306
113 307
113 308
113 309
113 310
113 311
183 194
183 301
117 297
117 300
117 301
117 302
117 305
117 306
117 307
117 308
117 309
117 310
117 311
187 198
187 305
187 322
161 169
162 295
162 312
89 247
89 163
247 275
247 289
247 305
247 306
247 307
247 308
247 327
163 353
163 358
169 188
169 314
169 319
169 320
169 321
169 322
169 323
169 324
169 325
169 326
169 327
169 328
169 353
239 275
239 289
239 305
239 306
239 307
239 309
239 319
295 107
295 244
95 143
143 297
143 351
244 275
244 289
244 305
244 306
244 307
244 308
244 324
300 109
300 112
300 116
300 127
300 139
300 140
300 141
300 142
300 182
261 107
261 358
100 254
254 195
101 255
255 196
255 204
255 323
103 257
103 351
257 198
257 204
104 258
109 135
109 297
109 301
109 302
109 305
109 306
109 307
109 309
109 311
135 308
297 112
297 116
297 124
297 139
297 140
297 141
297 154
297 179
297 246
301 112
301 116
301 139
301 140
301 141
301 142
302 112
302 116
302 129
302 139
302 140
302 141
302 142
305 112
305 116
305 139
305 140
305 141
305 142
305 241
305 245
305 246
305 253
306 112
306 116
306 139
306 140
306 141
306 142
306 188
306 208
306 241
306 245
306 246
306 253
307 112
307 116
307 134
307 139
307 140
307 141
307 142
307 189
307 209
307 241
307 245
307 246
307 253
309 112
309 116
309 136
309 139
309 140
309 141
309 142
309 191
311 112
311 116
311 138
311 139
311 140
311 141
311 142
311 193
311 208
311 216
311 217
308 112
308 116
308 139
308 140
308 141
308 142
308 190
308 210
308 241
308 245
308 246
308 253
310 112
310 116
310 137
310 139
310 140
310 141
310 142
310 192
310 215
310 216
171 139
171 188
171 314
171 319
171 320
171 321
171 322
171 323
171 324
171 325
171 326
171 327
171 328
171 353
116 289
116 265
289 188
289 213
289 241
289 245
289 246
289 253
265 354
253 275
124 312
312 206
312 209
312 215
312 216
312 217
125 313
313 208
313 210
313 217
126 314
314 172
314 179
314 194
314 195
314 196
314 198
275 241
275 245
275 246
138 319
319 172
319 194
319 195
319 196
319 197
140 172
172 188
172 320
172 321
172 322
172 323
172 324
172 325
172 326
172 327
172 328
172 353
179 214
181 216
180 215
352 198
352 212
353 209
353 218
154 241
154 182
241 321
358 210
320 194
320 195
320 196
320 197
320 214
321 186
321 194
321 195
321 196
321 197
322 194
322 195
322 196
322 197
322 206
322 214
323 188
323 194
323 195
323 196
323 197
324 189
324 194
324 195
324 196
324 197
326 191
326 194
326 195
326 196
326 197
326 204
326 246
328 193
328 194
328 195
328 196
328 197
328 218
315 212
315 213
325 190
325 194
325 195
325 196
325 197
325 245
327 192
327 194
327 195
327 196
327 197
327 215
188 204
189 204
215 354
216 190
194 209
186 197
210 354
354 218
