199 682
0 90
0 127
0 128
0 157
0 158
0 45
0 60
0 135
90 30
90 31
90 60
90 90
127 43
127 75
127 193
127 194
127 176
128 45
128 75
128 77
128 194
128 195
128 177
157 13
157 14
157 15
157 74
158 1
158 15
158 16
158 76
45 1
45 82
45 97
45 113
60 1
60 15
60 30
60 135
60 150
135 4
135 29
135 79
135 182
135 180
1 91
1 129
1 130
1 159
1 136
1 151
91 31
91 32
91 33
91 61
91 91
129 47
129 76
129 79
129 195
129 196
129 177
130 49
130 76
130 81
130 196
130 178
159 2
159 17
159 78
136 2
136 4
136 62
136 79
136 184
136 181
151 12
151 62
151 87
151 185
151 188
2 92
2 131
2 132
2 160
2 46
2 61
92 32
92 33
92 34
92 35
92 62
92 92
131 51
131 77
131 83
131 178
132 53
132 77
132 85
132 179
160 3
160 18
160 19
160 80
46 3
46 83
46 98
46 113
61 3
61 15
61 30
61 105
61 120
3 93
3 105
3 133
3 134
3 161
3 162
3 137
3 152
93 33
93 34
93 36
93 37
93 63
93 93
105 30
105 48
105 59
105 165
133 55
133 78
133 87
133 179
134 57
134 78
134 89
134 180
161 4
161 19
161 21
161 82
161 191
162 4
162 19
162 23
162 84
137 4
137 5
137 64
137 80
137 186
137 181
152 12
152 64
152 87
152 187
152 189
4 94
4 106
4 107
4 163
4 164
4 47
4 62
94 34
94 35
94 38
94 39
94 64
94 94
106 31
106 32
106 49
106 63
106 165
107 33
107 34
107 49
107 65
107 166
163 5
163 20
163 25
163 86
163 191
163 192
164 5
164 20
164 27
164 88
47 5
47 83
47 98
47 114
62 5
62 16
62 31
5 95
5 108
5 109
5 138
5 165
5 166
5 153
95 35
95 36
95 40
95 41
95 65
95 95
108 35
108 36
108 50
108 67
108 166
109 37
109 38
109 50
109 69
109 167
138 6
138 66
138 80
138 188
138 182
165 6
165 21
165 192
165 193
166 6
166 21
153 13
153 66
153 88
153 189
6 96
6 110
6 111
6 139
6 140
6 167
6 168
6 48
6 63
96 36
96 37
96 42
96 43
96 66
96 96
110 39
110 40
110 51
110 71
110 190
110 167
111 41
111 42
111 51
111 73
111 191
111 168
139 7
139 8
139 68
139 81
139 182
140 9
140 10
140 70
140 81
140 183
167 7
167 22
167 193
167 194
168 7
168 22
168 112
48 7
48 84
48 99
48 114
63 7
63 16
63 31
63 121
7 97
7 112
7 113
7 141
7 142
7 169
7 170
7 154
97 37
97 38
97 44
97 67
97 97
112 43
112 44
112 52
112 75
112 192
113 52
113 77
113 193
113 169
141 11
141 12
141 72
141 82
141 183
142 13
142 14
142 74
142 82
142 184
169 8
169 23
169 114
169 194
169 195
170 8
170 23
170 115
170 116
154 13
154 68
154 88
154 190
8 98
8 114
8 115
8 143
8 144
8 171
8 172
8 49
8 64
98 38
98 39
98 68
98 98
114 53
114 79
114 194
115 49
115 50
115 53
115 81
115 195
143 15
143 16
143 76
143 83
143 184
144 17
144 18
144 78
144 83
144 185
171 9
171 24
171 117
171 118
171 195
171 196
172 9
172 24
172 119
172 120
49 9
49 84
49 99
64 9
64 17
64 32
9 99
9 116
9 117
9 145
9 146
9 173
9 174
9 155
99 39
99 40
99 69
99 99
116 51
116 52
116 54
116 83
116 196
117 53
117 54
117 85
145 19
145 20
145 80
145 84
145 185
146 21
146 22
146 82
146 84
146 186
173 10
173 25
173 121
173 122
173 196
173 197
174 10
174 25
174 123
174 124
155 14
155 70
155 89
155 190
10 100
10 118
10 119
10 147
10 148
10 175
10 176
10 50
10 65
100 40
100 41
100 50
100 51
100 70
100 100
118 55
118 56
118 87
119 55
119 57
119 58
119 89
147 23
147 24
147 84
147 85
147 186
148 25
148 26
148 85
148 86
148 187
175 11
175 26
175 125
175 126
175 197
176 11
176 26
176 156
50 11
50 85
65 11
65 17
65 32
65 122
11 101
11 120
11 121
11 149
11 150
11 177
11 178
11 156
101 41
101 42
101 52
101 53
101 71
101 101
120 56
120 59
121 31
121 56
149 27
149 28
149 86
149 88
149 187
150 29
150 86
150 183
150 188
177 12
177 27
178 12
178 27
156 14
156 72
156 89
12 102
12 122
12 123
12 179
12 180
12 51
12 66
102 42
102 43
102 54
102 55
102 72
102 102
122 33
122 57
123 35
123 57
123 67
123 190
179 13
179 28
180 13
180 28
51 13
51 85
66 13
66 18
66 33
13 103
13 124
13 125
13 181
13 182
103 43
103 44
103 56
103 57
103 73
103 103
124 37
124 58
124 69
124 190
124 191
125 39
125 58
125 71
125 191
125 192
181 14
181 29
182 14
182 29
14 104
14 126
14 52
14 67
104 30
104 44
104 58
104 59
104 74
104 104
126 41
126 59
126 73
126 192
126 193
52 15
52 86
67 15
67 18
67 33
16 53
16 68
53 17
53 86
68 17
68 19
68 34
18 54
18 69
54 19
54 87
69 19
69 34
20 70
20 71
20 55
70 21
70 35
71 22
71 23
71 35
55 21
55 87
21 72
21 73
72 24
72 25
72 36
73 26
73 27
73 36
22 74
22 75
22 56
74 28
74 29
74 37
75 30
75 31
75 37
56 23
56 88
23 76
23 77
76 32
76 33
76 38
77 34
77 35
77 38
24 78
24 79
24 57
78 36
78 37
78 39
79 38
79 39
57 25
57 88
25 80
25 81
80 40
80 41
81 40
81 42
81 43
26 82
26 83
26 58
82 41
82 44
83 41
58 27
58 89
27 84
27 85
84 42
85 42
28 86
28 87
28 59
86 43
87 43
59 29
59 89
29 88
29 89
88 44
89 44
191 191
191 198
192 192
192 198
193 193
193 198
194 194
195 195
195 198
196 196
196 198
197 197
197 198
