0 1856
0 2018
0 1313
1 1469
1 2122
1 1072
2 1079
2 652
2 1264
3 515
3 1392
3 1350
4 1097
4 824
4 581
5 557
5 1643
5 1613
6 370
6 1532
6 2085
7 1741
7 1544
7 1084
8 111
8 1425
8 2095
9 1508
9 1115
9 1785
10 704
10 1500
10 2081
11 1382
11 1606
11 1686
12 123
12 741
12 1219
13 2077
13 1405
13 128
14 213
14 2089
14 1234
15 115
15 1945
15 716
16 2166
16 506
16 1645
17 844
17 1176
17 1930
18 317
18 1919
18 465
19 1660
19 501
19 654
20 1665
20 1213
20 1566
21 1292
21 918
21 998
22 194
22 1366
22 2087
23 1345
23 1865
23 1805
24 341
24 400
24 1834
25 104
25 2101
25 1626
26 78
26 574
26 1222
27 263
27 423
27 592
28 1524
28 347
28 1766
29 135
29 2110
29 2145
30 1706
30 762
30 1909
31 1032
31 492
31 1729
32 1656
32 162
32 538
33 657
33 808
33 1913
34 1416
34 1717
34 542
35 1737
35 883
35 1330
36 514
36 1992
36 1926
37 2039
37 1872
37 1679
38 364
38 76
38 1050
39 1322
39 254
39 1583
40 1366
40 1229
40 1340
41 394
41 884
41 1448
42 1614
42 649
42 1236
43 1267
43 620
43 1646
44 665
44 2148
44 1676
45 2161
45 763
45 2090
46 598
46 1887
46 1161
47 1992
47 56
47 915
48 1010
48 1065
48 1586
49 251
49 1488
49 1141
50 789
50 439
50 157
51 575
51 236
51 1077
52 1031
52 2136
52 1911
53 1020
53 1587
53 842
54 1948
54 1061
54 1475
55 931
55 2089
55 103
56 1181
56 571
57 1048
57 2107
57 403
58 947
58 380
58 348
59 1555
59 455
59 1884
60 1047
60 664
60 1603
61 1043
61 1719
61 320
62 135
62 1801
62 395
63 1443
63 861
63 886
64 1813
64 1849
64 275
65 1560
65 280
65 1607
66 1062
66 990
66 131
67 1596
67 187
67 224
68 239
68 1389
68 656
69 1066
69 1787
69 2108
70 607
70 2133
70 1949
71 1189
71 1928
71 1755
72 613
72 1818
72 2199
73 1166
73 1874
73 1615
74 605
74 100
74 1483
75 1578
75 1969
75 1743
76 2111
76 2091
77 467
77 2044
77 1715
78 543
78 759
79 1226
79 224
79 1131
80 1742
80 2182
80 631
81 1828
81 1192
81 1423
82 2093
82 1225
82 1658
83 479
83 143
83 1950
84 1810
84 356
84 1838
85 358
85 2049
85 91
86 1378
86 1844
86 2187
87 695
87 398
87 574
88 1029
88 1172
88 172
89 1333
89 1224
89 1083
90 397
90 530
90 2044
91 670
91 960
92 1845
92 235
92 856
93 2129
93 965
93 1671
94 178
94 369
94 1019
95 1922
95 235
95 1639
96 588
96 1955
96 1385
97 1170
97 436
97 978
98 292
98 1516
98 1518
99 155
99 2065
99 2186
100 361
100 1175
101 2046
101 416
101 1593
102 1781
102 442
102 534
103 159
103 1701
104 1193
104 346
105 2097
105 2133
105 2059
106 2130
106 919
106 1252
107 1069
107 1213
107 1109
108 1816
108 659
108 1620
109 1819
109 1550
109 141
110 2196
110 1878
110 568
111 1566
111 1116
112 1215
112 738
112 165
113 790
113 1881
113 1220
114 575
114 1262
114 1782
115 683
115 1554
116 1730
116 1014
116 289
117 171
117 714
117 1677
118 1350
118 516
118 1808
119 1176
119 1400
119 2063
120 1896
120 1738
120 1221
121 216
121 1822
121 976
122 632
122 1726
122 655
123 454
123 2122
124 1253
124 155
124 1151
125 1096
125 360
125 1335
126 1611
126 335
126 702
127 589
127 2143
127 369
128 1150
128 2033
129 1457
129 667
129 150
130 351
130 1666
130 1172
131 1923
131 647
132 318
132 1356
132 1204
133 459
133 1038
133 1789
134 581
134 1863
134 760
135 1817
136 1627
136 1599
136 1171
137 1573
137 1202
137 939
138 580
138 2068
138 428
139 284
139 1179
139 2042
140 342
140 1765
140 1021
141 1287
141 2019
142 784
142 1679
142 876
143 209
143 929
144 211
144 1248
144 1040
145 162
145 1728
145 1929
146 1353
146 1334
146 708
147 245
147 770
147 1861
148 795
148 1821
148 1398
149 887
149 715
149 1933
150 1394
150 1687
151 261
151 1088
151 2132
152 271
152 1322
152 553
153 1639
153 1083
153 994
154 1486
154 917
154 959
155 1704
156 1829
156 203
156 1868
157 730
157 1725
158 1878
158 1956
158 1257
159 1988
159 868
160 787
160 1672
160 625
161 879
161 1242
161 2001
162 331
163 2178
163 1784
163 1522
164 1837
164 2138
164 1984
165 561
165 1381
166 1604
166 659
166 1357
167 1556
167 1890
167 2061
168 1452
168 1892
168 409
169 2012
169 1187
169 1855
170 561
170 1185
170 306
171 979
171 1129
172 464
172 1447
173 1655
173 2156
173 2025
174 176
174 1599
174 1273
175 1617
175 1067
175 1497
176 929
176 501
177 1986
177 491
177 1958
178 691
178 2103
179 838
179 1304
179 1856
180 1270
180 2006
180 540
181 1458
181 1394
181 517
182 1119
182 625
182 1829
183 1916
183 344
183 434
184 2006
184 2141
184 1628
185 993
185 554
185 346
186 622
186 2196
186 742
187 834
187 1287
188 1843
188 1592
188 745
189 1301
189 289
189 462
190 2194
190 1116
190 734
191 1284
191 1658
191 624
192 1279
192 1458
192 392
193 2072
193 1142
193 1891
194 1826
194 226
195 378
195 1453
195 1056
196 2001
196 495
196 1532
197 2120
197 1869
197 822
198 1241
198 1895
198 1329
199 940
199 1013
199 2187
200 1206
200 1563
200 582
201 2115
201 974
201 558
202 1010
202 1016
202 676
203 2131
203 1956
204 398
204 2193
204 1126
205 1813
205 2112
205 1510
206 1403
206 1910
206 284
207 1040
207 379
207 1471
208 732
208 215
208 1968
209 1887
209 2015
210 1100
210 560
210 272
211 1859
211 1435
212 523
212 756
212 1747
213 1526
213 477
214 489
214 776
214 250
215 2063
215 718
216 1664
216 467
217 1612
217 600
217 279
218 1705
218 692
218 1012
219 1904
219 751
219 654
220 1290
220 1117
220 1144
221 967
221 1975
221 454
222 1368
222 312
222 793
223 1854
223 2050
223 1169
224 1307
225 613
225 2104
225 1687
226 751
226 1981
227 662
227 818
227 528
228 519
228 1843
228 1812
229 963
229 1218
229 1119
230 1977
230 912
230 1188
231 766
231 998
231 758
232 888
232 1850
232 308
233 1515
233 573
233 774
234 682
234 2094
234 1842
235 1209
236 2027
236 1903
237 2183
237 1085
237 2122
238 1244
238 908
238 1901
239 242
239 290
240 1211
240 421
240 930
241 1721
241 723
241 1147
242 297
242 1026
243 2052
243 1855
243 1685
244 1834
244 1684
244 1893
245 474
245 1364
246 891
246 802
246 995
247 1426
247 1690
247 1641
248 1910
248 490
248 1448
249 421
249 1788
249 897
250 2029
250 808
251 2079
251 985
252 1541
252 1486
252 1224
253 1280
253 1890
253 1140
254 2106
254 2062
255 1456
255 1042
255 546
256 404
256 2114
256 887
257 2125
257 765
257 1175
258 2179
258 415
258 680
259 968
259 1634
259 1908
260 2118
260 1321
260 1519
261 752
261 779
262 1374
262 1921
262 532
263 435
263 1166
264 1720
264 656
264 618
265 1405
265 1125
265 1832
266 1902
266 1696
266 575
267 406
267 532
267 756
268 1867
268 1265
268 740
269 1005
269 1910
269 723
270 529
270 584
270 677
271 890
271 2174
272 2091
272 1375
273 1611
273 1633
273 1306
274 1237
274 1688
274 999
275 1967
275 573
276 2116
276 1646
276 778
277 444
277 813
277 1918
278 2008
278 1051
278 397
279 965
279 2148
280 1758
280 486
281 1780
281 1484
281 351
282 1451
282 2182
282 794
283 330
283 433
283 1941
284 486
285 1598
285 752
285 1568
286 1536
286 865
286 549
287 494
287 1773
287 710
288 2167
288 690
288 1963
289 1768
290 412
290 1695
291 1710
291 627
291 1906
292 1426
292 528
293 1932
293 698
293 1130
294 1574
294 350
294 1706
295 524
295 906
295 1295
296 1473
296 1870
296 1837
297 1089
297 1131
298 578
298 793
298 981
299 933
299 2083
299 2197
300 507
300 1491
300 504
301 1905
301 1960
301 623
302 988
302 1191
302 640
303 1833
303 314
303 1978
304 1727
304 1654
304 2134
305 1371
305 965
305 1423
306 1802
306 1010
307 927
307 1666
307 552
308 1581
308 1320
309 1093
309 359
309 2004
310 686
310 741
310 394
311 1335
311 1151
311 2093
312 2165
312 1913
313 2000
313 1629
313 1700
314 835
314 731
315 647
315 1111
315 553
316 1162
316 2180
316 1337
317 414
317 512
318 892
318 2041
319 1036
319 644
319 1340
320 639
320 1194
321 914
321 1291
321 1471
322 718
322 1293
322 1378
323 585
323 1240
323 1827
324 381
324 721
324 1564
325 1654
325 1726
325 1716
326 1033
326 1632
326 2017
327 1271
327 1863
327 1126
328 840
328 713
328 1808
329 1156
329 1886
329 917
330 368
330 564
331 569
331 1369
332 637
332 1081
332 2076
333 1324
333 369
333 1561
334 2014
334 2183
334 1120
335 1796
335 914
336 1353
336 1369
336 1748
337 642
337 1713
337 777
338 2030
338 1493
338 347
339 2037
339 1608
339 364
340 1251
340 590
340 1152
341 795
341 1937
342 1290
342 820
343 1459
343 1736
343 1771
344 1691
344 1969
345 1701
345 2177
345 1015
346 1792
347 1353
348 1333
348 1757
349 1042
349 2038
349 1619
350 1226
350 2065
351 1742
352 1061
352 1759
352 711
353 2048
353 1281
353 1192
354 834
354 1190
354 1979
355 1634
355 1009
355 428
356 860
356 663
357 2067
357 987
357 1111
358 752
358 1826
359 1661
359 714
360 997
360 2057
361 367
361 593
362 697
362 413
362 1649
363 1384
363 1557
363 1379
364 608
365 932
365 1824
365 1568
366 776
366 803
366 542
367 1717
367 1284
368 982
368 1601
370 1508
370 725
371 1996
371 1940
371 402
372 462
372 1158
372 456
373 1115
373 612
373 513
374 2188
374 1287
374 494
375 858
375 1587
375 1102
376 2147
376 658
376 1366
377 2041
377 2103
377 1896
378 382
378 1830
379 1888
379 787
380 1296
380 716
381 559
381 1379
382 568
382 2049
383 1000
383 1517
383 1218
384 2162
384 1733
384 1537
385 1689
385 2087
385 503
386 524
386 687
386 603
387 1024
387 588
387 2055
388 964
388 976
388 1805
389 725
389 504
389 529
390 1152
390 866
390 2011
391 600
391 1054
391 1618
392 2029
392 1132
393 1362
393 1266
393 399
394 754
395 1537
395 1746
396 852
396 498
396 640
397 1669
398 539
399 474
399 1066
400 1413
400 2135
401 769
401 875
401 2108
402 727
402 955
403 2099
403 1811
404 1966
404 1317
405 1004
405 533
405 788
406 1448
406 877
407 1998
407 492
407 1422
408 992
408 922
408 1817
409 1761
409 782
410 2177
410 1196
410 450
411 1346
411 422
411 418
412 1008
412 1736
413 587
413 608
414 2066
414 1411
415 1571
415 1888
416 2134
416 425
417 1881
417 451
417 1987
418 1314
418 566
419 956
419 1740
419 2142
420 1974
420 1272
420 1228
421 1494
422 1455
422 1706
423 1756
423 1739
424 1579
424 1326
424 1497
425 1206
425 899
426 621
426 845
426 584
427 2080
427 2015
427 837
428 1868
429 1395
429 1551
429 1711
430 1763
430 826
430 1141
431 1273
431 2169
431 960
432 1006
432 2025
432 2073
433 1378
433 1109
434 614
434 1159
435 1349
435 623
436 1915
436 707
437 669
437 1170
437 1205
438 1261
438 609
438 535
439 1858
439 689
440 1920
440 1462
440 1874
441 545
441 1208
441 2025
442 698
442 1698
443 979
443 1974
443 1940
444 806
444 1297
445 843
445 1529
445 1531
446 2096
446 1067
446 1413
447 1186
447 2040
447 1742
448 1296
448 1979
448 1083
449 1244
449 2136
449 572
450 2190
450 1952
451 923
451 792
452 885
452 1505
452 912
453 1137
453 973
453 1485
454 1418
455 1358
455 536
456 1121
456 2006
457 1027
457 857
457 1894
458 2152
458 2100
458 1274
459 1845
459 1522
460 1663
460 1918
460 962
461 1902
461 688
461 475
462 826
463 1074
463 766
463 1011
464 829
464 1483
465 2054
465 2109
466 2052
466 2097
466 1449
467 1661
468 994
468 578
468 1605
469 1231
469 680
469 1694
470 868
470 1940
470 1150
471 1676
471 799
471 1911
472 1889
472 2034
472 1496
473 555
473 1127
473 474
475 939
475 1203
476 1359
476 809
476 1876
477 1339
477 659
478 1772
478 1994
478 1625
479 1854
479 1853
480 2159
480 1973
480 840
481 2023
481 2107
481 1953
482 1912
482 658
482 1237
483 1102
483 1600
483 510
484 1286
484 488
484 1634
485 1689
485 2165
485 1243
486 1849
487 1942
487 1891
487 1422
488 1212
488 2099
489 1080
489 1836
490 1680
490 1957
491 1456
491 931
492 2054
493 722
493 1354
493 2184
494 1616
495 1696
495 2083
496 1194
496 1630
496 1246
497 1539
497 2009
497 939
498 1576
498 1841
499 936
499 1233
499 1480
500 1480
500 1867
500 668
501 915
502 1372
502 1437
502 549
503 570
503 883
504 2040
505 974
505 877
505 1772
506 1732
506 627
507 1798
507 1078
508 1799
508 1419
508 1630
509 780
509 1564
509 708
510 1657
510 1130
511 1098
511 1882
511 806
512 1524
512 675
513 692
513 1793
514 1513
514 1084
515 1767
515 1773
516 2019
516 1086
517 1727
517 1944
518 1488
518 2062
518 972
519 2028
519 1036
520 1670
520 1008
520 813
521 1631
521 1075
521 1735
522 2195
522 1150
522 1319
523 699
523 2181
524 1358
525 1249
525 2191
525 596
526 1206
526 1667
526 1719
527 2071
527 2146
527 591
528 1618
529 1464
530 1709
530 953
531 758
531 1970
531 896
532 1409
533 1331
533 1919
534 2097
534 744
535 1715
535 1371
536 1520
536 1233
537 798
537 1283
537 1495
538 1823
538 2092
539 1307
539 748
540 544
540 1604
541 1786
541 1451
541 1815
542 2075
543 726
543 1357
544 1397
544 1024
545 976
545 1813
546 1044
546 1528
547 1999
547 1582
547 1922
548 1828
548 1799
548 1157
549 1769
550 1000
550 946
550 837
551 1420
551 2123
551 1065
552 1136
552 1325
553 967
554 1340
554 1198
555 2153
555 1454
556 1680
556 1326
556 1515
557 1753
557 855
558 1095
558 1360
559 2119
559 2020
560 1119
560 869
561 1415
562 599
562 2189
562 1127
563 700
563 814
563 1867
564 1388
564 1017
565 2039
565 1864
565 1327
566 1519
566 1642
567 1859
567 1904
567 975
568 2078
569 1490
569 1084
570 2007
570 1959
571 1998
571 1350
572 2065
572 1553
573 1567
574 1044
576 1401
576 921
576 1203
577 1763
577 1887
577 2108
578 945
579 2098
579 661
579 1579
580 1474
580 2036
581 1655
582 1012
582 1636
583 713
583 1191
583 2195
584 622
585 2059
585 2055
586 923
586 1842
586 1316
587 1875
587 1943
588 1796
589 1954
589 1192
590 930
590 1759
591 1598
591 1704
592 1391
592 2110
593 745
593 982
594 1748
594 862
594 1038
595 1804
595 846
595 739
596 1472
596 607
597 2057
597 2138
597 681
598 831
598 1052
599 746
599 825
600 1735
601 861
601 1938
601 1794
602 1520
602 1291
602 847
603 964
603 1155
604 1996
604 1950
604 1490
605 1978
605 1649
606 760
606 772
606 1425
607 2162
608 728
609 1833
609 1455
610 2127
610 817
610 2042
611 1091
611 883
611 1690
612 1981
612 803
613 872
614 1546
614 1558
615 1380
615 1071
615 1120
616 902
616 1181
616 1952
617 911
617 1522
617 1800
618 696
618 1076
619 1268
619 762
619 820
620 663
620 2198
621 1998
621 877
622 1718
623 681
624 1952
624 636
625 1178
626 1294
626 2066
626 1980
627 961
628 907
628 1912
628 805
629 1074
629 1929
629 755
630 2045
630 2156
630 1377
631 1802
631 1826
632 1575
632 1991
633 1265
633 1250
633 1668
634 1007
634 2145
634 1079
635 1686
635 761
635 1588
636 728
636 739
637 1345
637 811
638 2072
638 1577
638 1412
639 1625
639 1957
640 1364
641 786
641 2143
641 1565
642 1811
642 1720
643 1786
643 1932
643 1071
644 2001
644 971
645 1502
645 1848
645 1177
646 882
646 950
646 821
647 1621
648 2014
648 1047
648 747
649 1572
649 1144
650 746
650 1730
650 1723
651 941
651 845
651 925
652 2106
652 1145
653 2177
653 1419
653 715
654 1652
655 876
655 2132
656 1943
657 1566
657 1771
658 1774
660 910
660 1178
660 759
661 1063
661 2140
662 1099
662 1684
663 1348
664 937
664 1201
665 940
665 2002
666 1368
666 2127
666 971
667 1213
667 1593
668 1485
668 1498
669 1476
669 1359
670 1589
670 1301
671 2051
671 729
671 1705
672 765
672 1651
672 682
673 1733
673 1162
673 1549
674 819
674 1220
674 1895
675 1260
675 810
676 1092
676 1172
677 1552
677 1305
678 1835
678 870
678 1641
679 1015
679 1753
679 1965
680 2106
681 1862
682 1670
683 1935
683 1255
684 1117
684 1139
684 2113
685 1301
685 1013
685 936
686 1441
686 1077
687 1308
687 1496
688 2017
688 1312
689 1638
689 1642
690 1925
690 691
691 1876
692 1719
693 1175
693 1926
693 771
694 1110
694 859
694 2148
695 1173
695 881
696 1760
696 749
697 1671
697 2018
698 903
699 1643
699 1302
700 1313
700 1160
701 2191
701 1399
701 1888
702 1108
702 2026
703 2082
703 1711
703 1397
704 2165
704 1320
705 1791
705 804
705 1323
706 1704
706 1210
706 1144
707 2051
707 1454
708 797
709 1502
709 1946
709 712
710 1543
710 1810
711 920
711 1277
712 1145
712 1091
713 2169
714 1343
715 833
716 1414
717 928
717 1074
717 1581
718 730
719 1816
719 905
719 1255
720 1481
720 867
720 2038
721 1180
721 1295
722 1534
722 2197
723 1989
724 1657
724 1215
724 1001
725 1665
726 1547
726 2164
727 1053
727 1041
728 1980
729 2085
729 1930
730 800
731 1263
731 1770
732 1738
732 1999
733 831
733 2070
733 2064
734 1298
734 2043
735 980
735 1600
735 1142
736 1710
736 1143
736 2157
737 2103
737 1072
737 2069
738 2092
738 2172
739 958
740 1745
740 1250
741 874
742 1766
742 1718
743 808
743 919
743 1177
744 1514
744 1082
745 1225
746 1989
747 767
747 2120
748 1370
748 2047
749 926
749 1623
750 884
750 1433
750 1559
751 895
753 996
753 1947
753 1482
754 1765
754 855
755 1187
755 1320
756 1300
757 1806
757 841
757 1557
758 1503
759 1917
760 1628
761 2173
761 903
762 1472
763 1804
763 1476
764 1789
764 951
764 2010
765 1935
766 1329
767 826
767 1584
768 1718
768 2047
768 1507
769 1745
769 1159
770 1146
770 1231
771 1558
771 1098
772 2077
772 2118
773 1523
773 2198
773 1625
774 1571
774 1176
775 1362
775 1815
775 1913
776 1040
777 1678
777 1249
778 977
778 1065
779 862
779 1347
780 950
780 1667
781 1885
781 1505
781 1449
782 1384
782 1061
783 1565
783 1729
783 1165
784 2013
784 1827
785 1839
785 1698
785 1136
786 2176
786 867
787 2125
788 1157
788 2151
789 1193
789 1727
790 2160
790 1554
791 1017
791 1658
791 1563
792 820
792 900
793 1245
794 959
794 1216
795 1990
796 1107
796 856
796 1948
797 1936
797 896
798 1245
798 1793
799 1286
799 2050
800 1268
800 1454
801 1432
801 1670
801 975
802 1850
802 1274
803 1217
804 1447
804 1583
805 1994
805 1665
806 1064
807 2064
807 839
807 1797
809 1230
809 1325
810 1149
810 1138
811 948
811 1147
812 1958
812 2076
812 1009
813 1424
814 1293
814 1743
815 1816
815 1014
815 1291
816 2074
816 970
816 927
817 1785
817 1039
818 893
818 1280
819 1395
819 1331
821 1078
821 1588
822 1801
822 1683
823 1513
823 2022
823 1409
824 1512
824 2067
825 1333
825 2124
827 832
827 1451
827 1861
828 1342
828 1897
828 1900
829 2102
829 1060
830 1493
830 1982
830 1873
831 2027
832 1846
832 1953
833 1478
833 1540
834 1379
835 1517
835 1130
836 841
836 1757
836 906
837 1430
838 1475
838 1406
839 857
839 2060
840 1789
841 2084
842 2099
842 879
843 1521
843 1303
844 1615
844 1703
845 1289
846 1339
846 1542
847 892
847 1008
848 1474
848 1289
848 2128
849 2161
849 1967
849 1439
850 1818
850 1208
850 1674
851 1288
851 1420
851 1541
852 868
852 1059
853 1757
853 1614
853 1750
854 1736
854 1037
854 1899
855 1976
856 1725
857 1563
858 1876
858 1410
859 1404
859 1413
860 2004
860 1389
861 2031
862 2185
863 1054
863 1156
863 1443
864 928
864 1081
864 1924
865 1148
865 1934
866 1703
866 1749
867 963
869 1265
869 1653
870 1057
870 1034
871 1623
871 2179
871 1529
872 1386
872 2170
873 918
873 2089
873 1771
874 1866
874 1444
875 1030
875 1011
876 995
878 1894
878 1146
878 1299
879 1398
880 1439
880 987
880 1462
881 1367
881 1551
882 2186
882 2045
884 1233
885 1709
885 1237
886 2062
886 983
887 1635
888 1656
888 2003
889 1207
889 911
889 2102
890 988
890 1688
891 1999
891 982
892 1200
893 1871
893 1445
894 1492
894 1674
894 1624
895 1830
895 1015
896 2192
897 1730
897 1418
898 1022
898 1613
898 1711
899 1971
899 1450
900 954
900 1032
901 1601
901 1007
901 2011
902 1051
902 1949
903 1080
904 1271
904 1261
904 979
905 1095
905 1112
906 1131
907 2079
907 1783
908 1723
908 1606
909 2084
909 1125
909 1445
910 947
910 1014
911 1327
912 1254
913 1115
913 1834
913 1866
914 1662
915 1188
916 2026
916 1357
916 1373
917 2149
918 2023
919 2081
920 1619
920 1428
921 1067
921 1386
922 1995
922 1700
923 1847
924 1439
924 1299
924 959
925 1359
925 1199
926 1775
926 1191
927 1864
928 1148
929 1709
930 984
931 1491
932 2166
932 1716
933 1358
933 964
934 1996
934 1776
934 1055
935 2042
935 1285
935 2016
936 2034
937 1702
937 1548
938 1215
938 1538
938 2080
940 946
941 1870
941 1761
942 1595
942 2095
942 1874
943 1539
943 1600
943 1238
944 1056
944 1661
944 1819
945 966
945 992
946 1338
947 1985
948 1608
948 1466
949 1939
949 957
949 1590
950 1078
951 2013
951 1511
952 1071
952 1142
952 1663
953 1591
953 1767
954 1216
954 1569
955 983
955 1637
956 1512
956 1613
957 2176
957 1409
958 1388
958 1783
960 1171
961 1821
961 1845
962 1242
962 2085
963 1868
966 2168
966 2125
967 1636
968 1681
968 1928
969 1611
969 1770
969 1933
970 2010
970 1977
971 1348
972 1282
972 2189
973 1315
973 1488
974 1650
975 2154
977 1548
977 1338
978 1849
978 1635
980 2028
980 1304
981 1577
981 1297
983 2077
984 1042
984 1107
985 1438
985 2171
986 1883
986 1128
986 1821
987 1224
988 1702
989 1133
989 2114
989 1402
990 1673
990 1431
991 2117
991 1637
991 1330
992 1125
993 1441
993 1794
994 1550
995 1164
996 2053
996 1810
997 1200
997 1360
998 1968
999 1035
999 1914
1000 1159
1001 1227
1001 1586
1002 1434
1002 1218
1002 1085
1003 1882
1003 1411
1003 2075
1004 1268
1004 1608
1005 1774
1005 1906
1006 1241
1006 2049
1007 2066
1009 1043
1011 1903
1012 2124
1013 1190
1016 2022
1016 1449
1017 1701
1018 1499
1018 1885
1018 1292
1019 1204
1019 1850
1020 1298
1020 1653
1021 1305
1021 2070
1022 2121
1022 1110
1023 2101
1023 1760
1023 2041
1024 1682
1025 1598
1025 2175
1025 1526
1026 1875
1026 1380
1027 1597
1027 1621
1028 1585
1028 1214
1028 1824
1029 2183
1029 1567
1030 1617
1030 1158
1031 1984
1031 1315
1032 2031
1033 1153
1033 1373
1034 1898
1034 1573
1035 1235
1035 2074
1036 1946
1037 1859
1037 1046
1038 2138
1039 1349
1039 1462
1041 1848
1041 1055
1043 1195
1044 1555
1045 2157
1045 1089
1045 1478
1046 1101
1046 1489
1047 1437
1048 1387
1048 1577
1049 1134
1049 1493
1049 2158
1050 1124
1050 1799
1051 1668
1052 1506
1052 1123
1053 1447
1053 1875
1054 1597
1055 1838
1056 1272
1057 1966
1057 1923
1058 1429
1058 1114
1058 1809
1059 1450
1059 1928
1060 1790
1060 1279
1062 1955
1062 1840
1063 1344
1063 1275
1064 2149
1064 1535
1066 1364
1068 1560
1068 1726
1068 2192
1069 1500
1069 1181
1070 1234
1070 2172
1070 1707
1072 2010
1073 1097
1073 1416
1073 1426
1075 1729
1075 1678
1076 1480
1076 2150
1077 1570
1079 1758
1080 2096
1081 2155
1082 2030
1082 1737
1085 1633
1086 1377
1086 1470
1087 1746
1087 1988
1087 1993
1088 2139
1088 1486
1089 2155
1090 1948
1090 1168
1090 2150
1091 1976
1092 1669
1092 1617
1093 1584
1093 1344
1094 1707
1094 1274
1094 2133
1095 1525
1096 2109
1096 2045
1097 2063
1098 1964
1099 1533
1099 1624
1100 1281
1100 1440
1101 1351
1101 1517
1102 2083
1103 1871
1103 1376
1103 1457
1104 1557
1104 2127
1104 2061
1105 1710
1105 1425
1105 1561
1106 1647
1106 1997
1106 1555
1107 1659
1108 1279
1108 1755
1109 1945
1110 1377
1111 1880
1112 1204
1112 1820
1113 1214
1113 1769
1113 1394
1114 2073
1114 1556
1116 1781
1117 2009
1118 1622
1118 1202
1118 1424
1120 1562
1121 1922
1121 1154
1122 1507
1122 1644
1122 1346
1123 2198
1123 1836
1124 1431
1124 1797
1126 1937
1127 1223
1128 1337
1128 1271
1129 2073
1129 2076
1132 1553
1132 1534
1133 1356
1133 1853
1134 1936
1134 1827
1135 1985
1135 1283
1135 1648
1136 1786
1137 2159
1137 2016
1138 1367
1138 1576
1139 1933
1139 1463
1140 1550
1140 2126
1141 1442
1143 1311
1143 1814
1145 2048
1146 1805
1147 1492
1148 2046
1149 1882
1149 1760
1151 1184
1152 1724
1153 1452
1153 2030
1154 1467
1154 1547
1155 2000
1155 1689
1156 2024
1157 1735
1158 1256
1160 1166
1160 2128
1161 1918
1161 1806
1162 1260
1163 1266
1163 1217
1163 1683
1164 1444
1164 1324
1165 1182
1165 1626
1167 1865
1167 1538
1167 1752
1168 1466
1168 1193
1169 1498
1169 1465
1170 1693
1171 1329
1173 2032
1173 2050
1174 1825
1174 1722
1174 2188
1177 1595
1178 1934
1179 1616
1179 1380
1180 1894
1180 1455
1182 2059
1182 1603
1183 1954
1183 1427
1183 1912
1184 1400
1184 1440
1185 2105
1185 1269
1186 1217
1186 1396
1187 1814
1188 2193
1189 1857
1189 1276
1190 1234
1194 1209
1195 2098
1195 1483
1196 2017
1196 1640
1197 1924
1197 1390
1197 1889
1198 1368
1198 1654
1199 2147
1199 2131
1200 2158
1201 1968
1201 1310
1202 1352
1203 2023
1205 1504
1205 1965
1207 1667
1207 1512
1208 1597
1209 2116
1210 1851
1210 1484
1211 2026
1211 1907
1212 1499
1212 1899
1214 2014
1216 2003
1219 2190
1219 1990
1220 1695
1221 1406
1221 1521
1222 1573
1222 1983
1223 2021
1223 1403
1225 1941
1226 2056
1227 2027
1227 1583
1228 1257
1228 1724
1229 2033
1229 1767
1230 1983
1230 1881
1231 1511
1232 1802
1232 1869
1232 2002
1235 1249
1235 1299
1236 1396
1236 1520
1238 1890
1238 1803
1239 1823
1239 2110
1239 1278
1240 1946
1240 1752
1241 1552
1242 1954
1243 1417
1243 2168
1244 1501
1245 1970
1246 1365
1246 2192
1247 2167
1247 1384
1247 1878
1248 1754
1248 1259
1250 1305
1251 1294
1251 1529
1252 1306
1252 1629
1253 1886
1253 2162
1254 2194
1254 1904
1255 1302
1256 1937
1256 1355
1257 1647
1258 1351
1258 1310
1258 2107
1259 1939
1259 1408
1260 1543
1261 1693
1262 1470
1262 1383
1263 1481
1263 1284
1264 1367
1264 1640
1266 1870
1267 1932
1267 1792
1269 1315
1269 1839
1270 1397
1270 1642
1272 2181
1273 1321
1275 2035
1275 1544
1276 1318
1276 1703
1277 1832
1277 1571
1278 1421
1278 1698
1280 1750
1281 1673
1282 1531
1282 1527
1283 1917
1285 2058
1285 1445
1286 1442
1288 1761
1288 1961
1289 1428
1290 1694
1292 1705
1293 1962
1294 2178
1295 2155
1296 1398
1297 1569
1298 1930
1300 1308
1300 1672
1302 1865
1303 1556
1303 1334
1304 1450
1306 1949
1307 1927
1308 1558
1309 1428
1309 1399
1309 1647
1310 2112
1311 1851
1311 1501
1312 1508
1312 1446
1313 1562
1314 1877
1314 1616
1316 1531
1316 1623
1317 1781
1317 1692
1318 1402
1318 1427
1319 1833
1319 2005
1321 1440
1322 2051
1323 1740
1323 1712
1324 2186
1325 1532
1326 1914
1327 1846
1328 1602
1328 1675
1328 1652
1330 1375
1331 1599
1332 2181
1332 1494
1332 1916
1334 1650
1335 2141
1336 1393
1336 1363
1336 1564
1337 2174
1338 1552
1339 2034
1341 2199
1341 1985
1341 1962
1342 1444
1342 1898
1343 1621
1343 1415
1344 1602
1345 2060
1346 1699
1347 1972
1347 1438
1348 1594
1349 2035
1351 1938
1352 2157
1352 1476
1354 1468
1354 2056
1355 1917
1355 1629
1356 1635
1360 1715
1361 1841
1361 1712
1361 1685
1362 1504
1363 2171
1363 1734
1365 1533
1365 1659
1369 2190
1370 1527
1370 1641
1371 2142
1372 1697
1372 1909
1373 1503
1374 1977
1374 2109
1375 1656
1376 1957
1376 1561
1381 2096
1381 1956
1382 2038
1382 2068
1383 1811
1383 1860
1385 1639
1385 1489
1386 1588
1387 1953
1387 1846
1388 1648
1389 1893
1390 2123
1390 1966
1391 1684
1391 1465
1392 2102
1392 1978
1393 2013
1393 1509
1395 1479
1396 2140
1399 1911
1400 1410
1401 1412
1401 2019
1402 1626
1403 1900
1404 1899
1404 1732
1405 1525
1406 1831
1407 2055
1407 1829
1407 1436
1408 1549
1408 1443
1410 1737
1411 2123
1412 1791
1414 2086
1414 2105
1415 1970
1416 1491
1417 1675
1417 1477
1418 1798
1419 2039
1420 2119
1421 1921
1421 2144
1422 1796
1423 1605
1424 1528
1427 1467
1429 2015
1429 1830
1430 1592
1430 1680
1431 1511
1432 2091
1432 1942
1433 1559
1433 2047
1434 2008
1434 1858
1435 1525
1435 2154
1436 1523
1436 1477
1437 2173
1438 1707
1441 1893
1442 1581
1446 2145
1446 1879
1452 1603
1453 2021
1453 1903
1456 1669
1457 1659
1458 2052
1459 1506
1459 1609
1460 2024
1460 1484
1460 1575
1461 2074
1461 2153
1461 2068
1463 1754
1463 1822
1464 1774
1464 1792
1465 1825
1466 1779
1467 1470
1468 2088
1468 1835
1469 1883
1469 2182
1471 1807
1472 1944
1473 1982
1473 1895
1474 2007
1475 1858
1477 1971
1478 2005
1479 1877
1479 1803
1481 1974
1482 2188
1482 1494
1485 1740
1487 1569
1487 1797
1487 1593
1489 2116
1490 2058
1492 1513
1495 1828
1495 1941
1496 2007
1497 1964
1498 1533
1499 1820
1500 1969
1501 2150
1502 1779
1503 1906
1504 2090
1505 1653
1506 1739
1507 2086
1509 1784
1509 1691
1510 2100
1510 1535
1514 2173
1514 1791
1515 2057
1516 2141
1516 1649
1518 1905
1518 1731
1519 2176
1521 1880
1523 2056
1524 1979
1526 1640
1527 1574
1528 2000
1530 1854
1530 1691
1530 1871
1534 2071
1535 2044
1536 1984
1536 2072
1537 1963
1538 2144
1539 1744
1540 1884
1540 1589
1541 1815
1542 1591
1542 1724
1543 1764
1544 2135
1545 2018
1545 1546
1545 2079
1546 1779
1547 1632
1548 1714
1549 1920
1551 1839
1553 2094
1554 1700
1559 1915
1560 1580
1562 1973
1565 2180
1567 2037
1568 1655
1570 1695
1570 1743
1572 2163
1572 1758
1574 2195
1575 2139
1576 1610
1578 1622
1578 1981
1579 2193
1580 1596
1580 1951
1582 1822
1582 1585
1584 1744
1585 2064
1586 1666
1587 2020
1589 2088
1590 1787
1590 1592
1591 1686
1594 2143
1594 1772
1595 1892
1596 1960
1601 2163
1602 1951
1604 2187
1605 1795
1606 2088
1607 1947
1607 1832
1609 1627
1609 2147
1610 1942
1610 1714
1612 1825
1612 1662
1614 2029
1615 1993
1618 2137
1619 2120
1620 1967
1620 1628
1622 1782
1624 2139
1627 1861
1630 1812
1631 1831
1631 1677
1632 2053
1633 2185
1636 1751
1637 1675
1638 1770
1638 2130
1643 1664
1644 1927
1644 1987
1645 1717
1645 2121
1646 1762
1648 2111
1650 1682
1651 1660
1651 1809
1652 2004
1657 1747
1660 1668
1662 1994
1663 2117
1664 1783
1671 2071
1672 1958
1673 1749
1674 2171
1676 1733
1677 1853
1678 1960
1679 1997
1681 1790
1681 1862
1682 1855
1683 2128
1685 1713
1687 1819
1688 1835
1690 2048
1692 2158
1692 1919
1693 2179
1694 1873
1696 1748
1697 2070
1697 1988
1699 1925
1699 2078
1702 2174
1708 1788
1708 1934
1708 2199
1712 1909
1713 1959
1714 1997
1716 2036
1720 1840
1721 1788
1721 2053
1722 2036
1722 2090
1723 1773
1725 1856
1728 1807
1728 2137
1731 2129
1731 1752
1732 1866
1734 2002
1734 1820
1738 1769
1739 1745
1741 1765
1741 1898
1744 2129
1746 1814
1747 2194
1749 1798
1750 1907
1751 1901
1751 1794
1753 1916
1754 1943
1755 1863
1756 2009
1756 1778
1759 1891
1762 2170
1762 1908
1763 2149
1764 2170
1764 1983
1766 1965
1768 1795
1768 1929
1775 2146
1775 1852
1776 1862
1776 1907
1777 1809
1777 1843
1777 2163
1778 2037
1778 2115
1780 2082
1780 1951
1782 2082
1784 1884
1785 2160
1787 1847
1790 1840
1793 2152
1795 1872
1800 2185
1800 2008
1801 2022
1803 2003
1804 2040
1806 2043
1807 1935
1808 2118
1812 2021
1817 1931
1818 2135
1823 2175
1824 1947
1831 2144
1836 2191
1837 1980
1838 1844
1841 2069
1842 2086
1844 1883
1847 2093
1848 2054
1851 2167
1852 2092
1852 1877
1857 2101
1857 2172
1860 2069
1860 2131
1864 1982
1869 2032
1872 2100
1873 2140
1879 1993
1879 2081
1880 2005
1885 1886
1889 2094
1892 2169
1896 1924
1897 2161
1897 1964
1900 1944
1901 2121
1902 2124
1905 2164
1908 1914
1915 2164
1920 1921
1923 2166
1925 1936
1926 1945
1927 2104
1931 2168
1931 1950
1938 2031
1939 2159
1955 2046
1959 2197
1961 2020
1961 2032
1962 1986
1963 2146
1971 2115
1972 2095
1972 2142
1973 2111
1975 2153
1975 2016
1976 2119
1986 2130
1987 1990
1989 2061
1991 2098
1991 1992
1995 2152
1995 2024
2011 2134
2012 2114
2012 2080
2028 2078
2033 2196
2035 2084
2043 2151
2058 2060
2067 2075
2087 2113
2104 2132
2105 2112
2113 2184
2117 2178
2126 2184
2126 2156
2136 2160
2137 2154
2151 2180
2175 2189
