0 180
0 31
0 264
1 113
1 48
1 267
2 53
2 47
2 14
3 55
3 68
3 313
4 144
4 107
4 286
5 16
5 299
5 70
6 357
6 73
6 54
7 285
7 111
7 283
8 150
8 266
8 117
9 329
9 36
9 399
10 399
10 188
10 192
11 32
11 366
11 141
12 370
12 360
12 79
13 315
13 244
13 131
14 135
14 269
15 373
15 158
15 88
16 316
16 110
17 284
17 105
17 328
18 74
18 334
18 198
19 228
19 321
19 382
20 80
20 205
20 123
21 333
21 210
21 222
22 386
22 25
22 239
23 379
23 79
23 137
24 45
24 305
24 25
25 336
26 384
26 267
26 179
27 204
27 36
27 300
28 140
28 148
28 165
29 397
29 346
29 228
30 102
30 315
30 132
31 47
31 54
32 352
32 219
33 92
33 248
33 355
34 379
34 328
34 204
35 190
35 263
35 39
36 270
37 121
37 232
37 68
38 60
38 225
38 172
39 326
39 190
40 122
40 385
40 353
41 325
41 161
41 335
42 230
42 116
42 84
43 220
43 350
43 89
44 49
44 100
44 72
45 380
45 371
46 110
46 82
46 323
47 153
48 115
48 83
49 72
49 89
50 362
50 161
50 295
51 322
51 288
51 120
52 60
52 258
52 332
53 113
53 130
54 377
55 218
55 133
56 254
56 206
56 71
57 208
57 277
57 261
58 150
58 166
58 170
59 96
59 387
59 251
60 160
61 372
61 310
61 142
62 383
62 145
62 97
63 275
63 380
63 114
64 281
64 209
64 221
65 358
65 324
65 355
66 310
66 268
66 86
67 189
67 292
67 340
68 362
69 126
69 309
69 277
70 179
70 241
71 95
71 346
72 361
73 175
73 163
74 322
74 304
75 249
75 177
75 77
76 250
76 215
76 80
77 296
77 379
78 157
78 249
78 183
79 191
80 211
81 194
81 383
81 345
82 265
82 125
83 302
83 149
84 352
84 261
85 367
85 250
85 359
86 272
86 218
87 237
87 145
87 279
88 167
88 125
89 90
90 185
90 194
91 114
91 214
91 287
92 328
92 276
93 139
93 299
93 397
94 195
94 154
94 344
95 255
95 214
96 288
96 230
97 274
97 292
98 259
98 198
98 294
99 229
99 283
99 371
100 393
100 139
101 366
101 337
101 219
102 284
102 295
103 276
103 234
103 168
104 391
104 213
104 304
105 128
105 238
106 239
106 201
106 144
107 216
107 286
108 171
108 252
108 363
109 391
109 343
109 147
110 235
111 212
111 201
112 352
112 282
112 271
113 132
114 251
115 385
115 332
116 182
116 325
117 394
117 210
118 306
118 175
118 305
119 396
119 191
119 240
120 246
120 319
121 155
121 158
122 332
122 298
123 369
123 327
124 294
124 374
124 357
125 314
126 129
126 211
127 171
127 177
127 289
128 399
128 182
129 132
129 215
130 307
130 358
131 232
131 217
133 396
133 172
134 196
134 293
134 278
135 138
135 370
136 230
136 281
136 164
137 284
137 389
138 374
138 269
139 256
140 240
140 207
141 282
141 265
142 395
142 361
143 191
143 163
143 202
144 209
145 214
146 186
146 390
146 375
147 244
147 350
148 224
148 298
149 318
149 308
150 189
151 393
151 159
151 312
152 197
152 349
152 306
153 362
153 217
154 159
154 189
155 337
155 339
156 176
156 395
156 388
157 266
157 398
158 302
159 365
160 169
160 181
161 330
162 187
162 268
162 338
163 259
164 269
164 206
165 169
165 220
166 282
166 267
167 393
167 271
168 262
168 376
169 226
170 177
170 384
171 314
172 235
173 323
173 183
173 279
174 250
174 372
174 353
175 255
176 213
176 188
178 227
178 263
178 337
179 369
180 303
180 339
181 317
181 260
182 196
183 186
184 270
184 237
184 208
185 296
185 365
186 210
187 216
187 260
188 232
190 254
192 253
192 335
193 360
193 331
193 308
194 257
195 347
195 371
196 354
197 349
197 293
198 375
199 390
199 222
199 324
200 281
200 290
200 345
201 213
202 326
202 397
203 275
203 246
203 376
204 264
205 260
205 278
206 336
207 310
207 248
208 227
209 388
211 365
212 355
212 242
215 300
216 326
217 245
218 291
219 327
220 276
221 265
221 366
222 261
223 382
223 233
223 348
224 394
224 329
225 236
225 249
226 316
226 229
227 293
228 233
229 266
231 356
231 243
231 334
233 245
234 302
234 374
235 333
236 290
236 289
237 380
238 313
238 360
239 289
240 381
241 303
241 247
242 330
242 320
243 246
243 273
244 318
245 324
247 254
247 285
248 280
251 389
252 364
252 350
253 278
253 257
255 340
256 263
256 271
257 322
258 376
258 359
259 344
262 305
262 303
264 367
268 296
270 373
272 315
272 285
273 356
273 378
274 351
274 381
275 384
277 342
279 307
280 351
280 320
283 386
286 335
287 377
287 364
288 341
290 363
291 388
291 333
292 314
294 390
295 317
297 344
297 311
297 347
298 331
299 372
300 378
301 327
301 343
301 389
304 394
306 311
307 354
308 319
309 317
309 398
311 316
312 368
312 330
313 396
318 342
319 369
320 364
321 359
321 348
323 346
325 386
329 368
331 348
334 341
336 361
338 367
338 356
339 378
340 342
341 358
343 381
345 395
347 351
349 353
354 370
357 377
363 383
368 373
375 387
382 392
385 391
387 392
392 398
