0 1377
0 1721
0 1999
1 1578
1 194
1 562
2 1542
2 607
2 874
3 1212
3 1036
3 2042
4 616
4 2282
4 1823
5 292
5 826
5 1413
6 1090
6 1718
6 2252
7 717
7 1591
7 615
8 2135
8 1326
8 15
9 834
9 647
9 1650
10 1356
10 991
10 1920
11 1141
11 1905
11 585
12 123
12 1612
12 694
13 47
13 1578
13 1285
14 1280
14 501
14 1937
15 1483
15 1300
16 694
16 730
16 1680
17 1604
17 1840
17 886
18 2172
18 2338
18 720
19 532
19 2282
19 820
20 567
20 1160
20 2176
21 1277
21 1115
21 2288
22 2205
22 632
22 689
23 1178
23 131
23 2165
24 858
24 45
24 922
25 1925
25 1265
25 1077
26 1983
26 2360
26 1237
27 1149
27 1371
27 1750
28 2364
28 2190
28 867
29 791
29 2016
29 595
30 1156
30 1224
30 1489
31 281
31 1407
31 2310
32 950
32 1508
32 307
33 404
33 199
33 1887
34 128
34 1522
34 1742
35 1464
35 142
35 553
36 438
36 747
36 1802
37 1378
37 1322
37 1459
38 1897
38 927
38 326
39 1438
39 1851
39 2261
40 199
40 1427
40 1915
41 1676
41 365
41 1061
42 1658
42 1844
42 1978
43 750
43 55
43 761
44 631
44 2201
44 287
45 48
45 538
46 128
46 1387
46 836
47 1558
47 1046
48 1382
48 215
49 713
49 624
49 197
50 2309
50 1566
50 281
51 753
51 924
51 1653
52 767
52 1213
52 1160
53 502
53 676
53 718
54 1960
54 1470
54 1237
55 1170
55 355
56 1401
56 1358
56 422
57 230
57 1403
57 2310
58 664
58 207
58 2068
59 1687
59 1833
59 255
60 1200
60 408
60 960
61 191
61 2353
61 860
62 1208
62 2226
62 871
63 1329
63 592
63 520
64 655
64 1276
64 2115
65 2240
65 929
65 1070
66 1087
66 320
66 2096
67 837
67 1877
67 433
68 2002
68 483
68 1509
69 686
69 2307
69 798
70 697
70 978
70 271
71 980
71 779
71 350
72 1254
72 231
72 193
73 132
73 1713
73 1375
74 1750
74 1437
74 171
75 1119
75 183
75 1894
76 1510
76 1127
76 1418
77 1456
77 1478
77 877
78 156
78 1520
78 1444
79 643
79 2120
79 1652
80 2168
80 1516
80 1682
81 215
81 849
81 1774
82 99
82 475
82 1635
83 752
83 2229
83 498
84 1989
84 1052
84 2160
85 338
85 1139
85 1623
86 1534
86 675
86 105
87 1632
87 1790
87 1406
88 567
88 1371
88 910
89 2380
89 632
89 1668
90 983
90 1604
90 1705
91 1959
91 859
91 1739
92 941
92 1473
92 117
93 828
93 1478
93 415
94 2299
94 2283
94 1370
95 1691
95 742
95 881
96 445
96 1593
96 359
97 1835
97 964
97 1742
98 1006
98 1669
98 528
99 1946
99 977
100 1237
100 203
100 963
101 1882
101 1742
101 1424
102 188
102 764
102 1954
103 1031
103 981
103 1016
104 680
104 2044
104 349
105 1365
105 1994
106 1700
106 756
106 1187
107 1799
107 1855
107 1251
108 1743
108 118
108 1532
109 1219
109 1317
109 1430
110 134
110 971
110 2263
111 1486
111 1808
111 1280
112 2372
112 1605
112 868
113 2067
113 2070
113 2369
114 2320
114 1868
114 187
115 1608
115 984
115 544
116 1037
116 719
116 953
117 657
117 948
118 614
118 1918
119 1289
119 1773
119 715
120 1740
120 761
120 303
121 2358
121 2000
121 1065
122 1704
122 296
122 378
123 1006
123 2262
124 426
124 2076
124 1538
125 544
125 419
125 684
126 1288
126 1286
126 1299
127 313
127 1201
127 585
128 619
129 1457
129 996
129 1230
130 889
130 1719
130 1047
131 209
131 2160
132 1741
132 1047
133 1860
133 2104
133 1288
134 2170
134 2330
135 1832
135 268
135 1027
136 1178
136 2325
136 1580
137 1321
137 2226
137 2118
138 847
138 728
138 2123
139 2095
139 1427
139 1244
140 1888
140 2174
140 2046
141 1256
141 643
141 1396
142 853
142 2085
143 1309
143 932
143 846
144 365
144 1642
144 818
145 1536
145 1670
145 1728
146 1178
146 1499
146 586
147 651
147 405
147 936
148 2009
148 2013
148 2147
149 1009
149 2374
149 577
150 390
150 926
150 961
151 880
151 1819
151 1649
152 2278
152 1587
152 1596
153 2271
153 1306
153 1242
154 2258
154 1024
154 245
155 855
155 1559
155 304
156 1164
156 239
157 486
157 1709
157 1935
158 1855
158 1613
158 2291
159 1705
159 1641
159 463
160 1130
160 2209
160 1718
161 1908
161 941
161 1332
162 1846
162 2264
162 1324
163 455
163 1672
163 695
164 1967
164 1296
164 2182
165 1462
165 1276
165 1884
166 1836
166 243
166 1072
167 512
167 1657
167 2037
168 468
168 1334
168 1193
169 1892
169 970
169 1723
170 1851
170 2283
170 1028
171 770
171 2028
172 1465
172 1169
172 1231
173 377
173 1557
173 1406
174 872
174 2316
174 1261
175 1797
175 666
175 2256
176 2130
176 1084
176 1880
177 1721
177 1446
177 555
178 1514
178 1899
178 1297
179 1929
179 1908
179 2372
180 503
180 722
180 885
181 2382
181 1580
181 474
182 2222
182 1010
182 240
183 946
183 703
184 1565
184 764
184 1932
185 1185
185 680
185 1684
186 1022
186 1898
186 2119
187 443
187 432
188 814
188 2286
189 2383
189 1591
189 1296
190 883
190 1736
190 1560
191 214
191 369
192 1204
192 823
192 1804
193 2106
193 2124
194 2362
194 787
195 1452
195 1726
195 308
196 1028
196 2271
196 830
197 539
197 264
198 556
198 1222
198 2295
199 1039
200 544
200 1850
200 1179
201 1972
201 1487
201 1603
202 1683
202 1155
202 1138
203 2229
203 489
204 618
204 1325
204 1141
205 419
205 781
205 2017
206 816
206 301
206 1858
207 2334
207 1950
208 888
208 429
208 625
209 1666
209 700
210 2029
210 999
210 1443
211 2211
211 681
211 582
212 1644
212 1335
212 1649
213 1324
213 1278
213 440
214 246
214 1029
215 658
216 1472
216 1583
216 1987
217 1720
217 1487
217 1208
218 1107
218 1787
218 225
219 317
219 808
219 379
220 1255
220 1448
220 1041
221 1145
221 1788
221 555
222 1105
222 1934
222 1739
223 1460
223 1937
223 614
224 1454
224 407
224 397
225 1405
225 1605
226 315
226 2121
226 1926
227 2168
227 716
227 496
228 1701
228 1273
228 1515
229 702
229 295
229 654
230 438
230 356
231 1621
231 1846
232 2287
232 2038
232 1193
233 1933
233 637
233 1797
234 1719
234 598
234 2020
235 772
235 893
235 653
236 1157
236 1212
236 2220
237 760
237 1106
237 879
238 1858
238 2239
238 1292
239 1887
239 968
240 1677
240 1745
241 521
241 1482
241 1529
242 905
242 2304
242 757
243 2396
243 1606
244 841
244 1259
244 1494
245 519
245 1696
246 2201
246 1916
247 2082
247 2250
247 2019
248 748
248 639
248 2237
249 725
249 1002
249 1234
250 1773
250 928
250 1871
251 256
251 731
251 1359
252 2367
252 2105
252 1512
253 904
253 1555
253 2185
254 1585
254 2391
254 1689
255 2188
255 1102
256 2369
256 812
257 560
257 453
257 622
258 433
258 1019
258 1068
259 1657
259 690
259 1794
260 613
260 2368
260 1981
261 289
261 2343
261 1826
262 770
262 1050
262 2077
263 1959
263 1488
263 871
264 2328
264 2392
265 2134
265 561
265 819
266 545
266 1915
266 1532
267 627
267 2253
267 1284
268 1715
268 1258
269 1391
269 1392
269 1518
270 1777
270 699
270 1515
271 2277
271 2292
272 1268
272 912
272 2049
273 1966
273 379
273 765
274 2138
274 2265
274 464
275 1260
275 1106
275 963
276 2028
276 2097
276 1286
277 1049
277 734
277 1947
278 2352
278 1350
278 1585
279 704
279 1005
279 795
280 1976
280 1386
280 1345
281 599
282 964
282 1509
282 2114
283 2289
283 1533
283 521
284 460
284 1962
284 2228
285 1804
285 1861
285 1997
286 627
286 934
286 1002
287 341
287 443
288 1582
288 2076
288 546
289 1477
289 922
290 2234
290 617
290 2022
291 610
291 988
291 994
292 1952
292 481
293 2155
293 590
293 1044
294 2230
294 1837
294 1616
295 2245
295 1355
296 1091
296 1669
297 1767
297 1289
297 421
298 1834
298 1671
298 1531
299 946
299 1665
299 2108
300 1525
300 1130
300 590
301 1639
301 1910
302 1319
302 2390
302 1977
303 1719
303 524
304 849
304 812
305 2275
305 1122
305 2336
306 859
306 1181
306 986
307 1800
307 1829
308 640
308 740
309 1246
309 2187
309 1574
310 2078
310 1288
310 1310
311 1955
311 2163
311 2249
312 1776
312 895
312 816
313 2122
313 2293
314 1902
314 733
314 771
315 1422
315 334
316 924
316 1279
316 2185
317 992
317 587
318 1627
318 2062
318 1743
319 1654
319 1379
319 2362
320 586
320 359
321 2015
321 795
321 1779
322 629
322 1844
322 482
323 1220
323 1734
323 788
324 2152
324 587
324 1333
325 1453
325 1029
325 538
326 854
326 1236
327 663
327 2142
327 1583
328 1043
328 469
328 1143
329 1056
329 2213
329 2129
330 851
330 2113
330 1121
331 1231
331 2180
331 1567
332 480
332 789
332 803
333 536
333 1434
333 1998
334 2250
334 577
335 362
335 1454
335 345
336 1680
336 1309
336 504
337 1154
337 442
337 1107
338 2173
338 1936
339 1167
339 1786
339 741
340 1175
340 1663
340 520
341 1871
341 1124
342 1566
342 1981
342 2290
343 1184
343 568
343 1407
344 446
344 1295
344 1508
345 866
345 1978
346 1891
346 1267
346 1614
347 1554
347 618
347 2139
348 1560
348 2039
348 1829
349 2144
349 2175
350 1659
350 1861
351 2047
351 984
351 555
352 1949
352 1402
352 1297
353 1707
353 667
353 624
354 1467
354 696
354 2217
355 763
355 1637
356 2114
356 866
357 2020
357 1505
357 1164
358 1183
358 1137
358 2121
359 499
360 1578
360 556
360 1527
361 2108
361 1724
361 1547
362 1404
362 2043
363 1195
363 1184
363 843
364 425
364 1648
364 1055
365 735
366 1609
366 1278
366 1093
367 835
367 670
367 2045
368 1056
368 2007
368 1246
369 2181
369 1554
370 758
370 2049
370 2351
371 1074
371 802
371 1673
372 631
372 1112
372 947
373 2058
373 1992
373 1354
374 1874
374 2042
374 2148
375 1179
375 754
375 769
376 1607
376 1133
376 979
377 2357
377 1542
378 1166
378 1316
379 1929
380 2219
380 2196
380 1439
381 1517
381 1368
381 873
382 842
382 1682
382 1003
383 393
383 1091
383 939
384 1937
384 1419
384 1867
385 1455
385 1812
385 1991
386 2333
386 1953
386 578
387 1561
387 737
387 1589
388 1895
388 2006
388 535
389 429
389 1904
389 1763
390 1045
390 1489
391 1733
391 1186
391 1772
392 1168
392 1798
392 1585
393 1338
393 1416
394 666
394 2053
394 1813
395 2355
395 815
395 575
396 2113
396 1491
396 1713
397 615
397 684
398 1823
398 1398
398 1982
399 811
399 1486
399 1930
400 2072
400 1898
400 1151
401 2135
401 2281
401 1260
402 1436
402 1920
402 1860
403 1987
403 821
403 1956
404 1771
404 1606
405 573
405 2299
406 2162
406 2397
406 1187
407 1741
407 2104
408 653
408 1703
409 1452
409 1939
409 606
410 1435
410 1215
410 1720
411 1414
411 507
411 739
412 609
412 2035
412 2370
413 467
413 1339
413 1582
414 1385
414 1973
414 1842
415 600
415 1059
416 1115
416 1955
416 786
417 1166
417 890
417 1435
418 1421
418 783
418 616
419 420
420 661
420 907
421 1895
421 1116
422 1005
422 1417
423 2152
423 852
423 1472
424 1095
424 2243
424 1297
425 1281
425 1078
426 2356
426 1249
427 1294
427 484
427 506
428 936
428 1553
428 1618
429 2326
430 1520
430 1819
430 623
431 857
431 670
431 1222
432 470
432 1335
433 898
434 1039
434 546
434 644
435 1327
435 1945
435 934
436 1287
436 1134
436 1381
437 768
437 1601
437 2025
438 926
439 2150
439 1623
439 921
440 1173
440 1817
441 1487
441 2080
441 2301
442 1495
442 1820
443 649
444 1348
444 977
444 1276
445 1670
445 1716
446 714
446 2116
447 1321
447 1080
447 2184
448 1558
448 603
448 662
449 798
449 500
449 1549
450 1532
450 1292
450 1160
451 1449
451 1782
451 1211
452 2356
452 542
452 1099
453 794
453 1801
454 672
454 1662
454 837
455 1732
455 1493
456 1543
456 1217
456 1567
457 1314
457 1529
457 1453
458 1336
458 1903
458 1466
459 1536
459 2249
459 541
460 1803
460 1891
461 1174
461 925
461 841
462 1778
462 2136
462 1963
463 1153
463 1264
464 1374
464 1419
465 2296
465 1836
465 524
466 2348
466 1360
466 711
467 1644
467 600
468 943
468 1331
469 2354
469 1453
470 646
470 1362
471 962
471 1449
471 903
472 1409
472 499
472 2155
473 2238
473 1614
473 715
474 2353
474 945
475 2177
475 702
476 1074
476 2279
476 1653
477 2230
477 1811
477 1895
478 870
478 860
478 2132
479 1670
479 667
479 1377
480 2038
480 1422
481 1051
481 616
482 2272
482 816
483 2158
483 1811
484 2070
484 1789
485 1183
485 2123
485 669
486 2214
486 750
487 1479
487 973
487 803
488 2141
488 636
488 1518
489 1524
489 1726
490 2171
490 1114
490 1235
491 605
491 1435
491 685
492 2388
492 2191
492 937
493 1581
493 997
493 1473
494 777
494 2275
494 892
495 1196
495 1122
495 1446
496 1036
496 2327
497 1876
497 1097
497 622
498 879
498 1522
499 1986
500 2387
500 1699
501 1240
501 2264
502 2223
502 1014
503 1906
503 529
504 1260
504 2233
505 547
505 877
505 2004
506 2396
506 891
507 1389
507 2014
508 1493
508 1626
508 1704
509 1581
509 612
509 1949
510 2144
510 2248
510 2192
511 819
511 1926
511 2112
512 2092
512 2138
513 2094
513 766
513 1780
514 1708
514 2293
514 1196
515 1415
515 898
515 572
516 1583
516 1257
516 2296
517 1618
517 806
517 1149
518 1026
518 578
518 1769
519 1447
519 1185
520 606
521 1990
522 2238
522 854
522 2034
523 1766
523 1216
523 1903
524 1889
525 1097
525 935
525 654
526 2109
526 1979
526 1176
527 1194
527 669
527 1176
528 744
528 599
529 2033
529 737
530 568
530 683
530 1899
531 1147
531 2292
531 2352
532 1625
532 1392
533 1462
533 1050
533 534
534 815
534 674
535 2365
535 1870
536 1478
536 1463
537 968
537 919
537 1881
538 2173
539 1864
539 2196
540 1423
540 1556
540 855
541 1854
541 581
542 2101
542 589
543 1738
543 1641
543 825
545 931
545 2215
546 688
547 1842
547 1889
548 2319
548 2386
548 2212
549 1550
549 1451
549 1891
550 1210
550 1058
550 2063
551 2210
551 1253
551 1817
552 901
552 850
552 1758
553 1676
553 1945
554 2140
554 1479
554 1592
556 2391
557 696
557 2385
557 1922
558 2008
558 817
558 1939
559 1360
559 1770
559 1997
560 2010
560 1298
561 658
561 2027
562 1661
562 1664
563 783
563 1261
563 930
564 708
564 1666
564 1779
565 836
565 987
565 579
566 1455
566 1051
566 2329
567 1883
568 1245
569 2043
569 1404
569 1218
570 1854
570 1030
570 989
571 2117
571 2263
571 2244
572 913
572 1548
573 2351
573 1503
574 1500
574 701
574 637
575 1645
575 1440
576 1394
576 1236
576 2083
577 1630
578 1070
579 788
579 920
580 869
580 937
580 676
581 2183
581 2064
582 1818
582 635
583 2071
583 1880
583 797
584 1188
584 2106
584 846
585 1658
586 658
587 2232
588 1577
588 1736
588 1737
589 2186
589 906
590 2345
591 2102
591 1607
591 1596
592 1159
592 2038
593 2124
593 1692
593 2281
594 1801
594 2182
594 650
595 2164
595 2387
596 2135
596 1788
596 2099
597 2000
597 1175
597 1822
598 2110
598 636
599 2189
600 1868
601 1269
601 1382
601 1353
602 1057
602 2240
602 2043
603 2110
603 1451
604 1092
604 2373
604 746
605 1905
605 1584
606 1203
607 2057
607 1239
608 1264
608 768
608 2260
609 1204
609 1825
610 1924
610 2184
611 621
611 1441
611 1610
612 1227
612 1223
613 1367
613 2133
614 1564
615 751
617 1320
617 2207
618 1951
619 2021
619 721
620 1191
620 2199
620 1364
621 739
621 1660
622 907
623 1041
623 2249
624 1941
625 1496
625 2183
626 1126
626 1701
626 2189
627 2381
628 2164
628 2399
628 1641
629 1275
629 1951
630 724
630 1628
630 1663
631 867
632 1753
633 1274
633 2224
633 1543
634 1316
634 1936
634 1167
635 1290
635 642
636 1927
637 951
638 1873
638 1845
638 2192
639 978
639 1154
640 1101
640 919
641 2102
641 1362
641 704
642 2305
642 1400
643 906
644 2126
644 1298
645 1283
645 1408
645 1586
646 2017
646 1073
647 2266
647 2041
648 1089
648 1489
648 1176
649 1153
649 1106
650 1163
650 753
651 2348
651 933
652 760
652 844
652 1109
653 1186
654 1540
655 1997
655 1064
656 1271
656 1169
656 1479
657 762
657 1640
659 1251
659 990
659 1938
660 2387
660 2091
660 2191
661 1687
661 1134
662 1559
662 782
663 705
663 1113
664 1484
664 1398
665 1300
665 2127
665 1227
666 894
667 2035
668 1411
668 2232
668 1923
669 2231
670 847
671 2136
671 1939
671 1370
672 1278
672 1199
673 2294
673 1228
673 2221
674 2383
674 1040
675 2174
675 1646
676 768
677 2122
677 1413
677 1901
678 706
678 1642
678 1111
679 2139
679 1379
679 1151
680 1609
681 1474
681 1783
682 948
682 2117
682 2053
683 1441
683 1525
684 1250
685 1432
685 743
686 2054
686 1659
687 2052
687 1170
687 1364
688 2063
688 988
689 1119
689 1836
690 1727
690 1244
691 1426
691 836
691 2130
692 2268
692 2346
692 2303
693 1693
693 1927
693 2378
694 2362
695 2175
695 1573
696 2338
697 1211
697 894
698 2059
698 2119
698 1268
699 1931
699 1620
700 1087
700 1574
701 1190
701 951
702 2037
703 1831
703 983
704 2213
705 1599
705 918
706 1480
706 2214
707 1372
707 1616
707 780
708 1380
708 1985
709 977
709 979
709 1764
710 964
710 868
710 795
711 1156
711 2019
712 1320
712 915
712 1986
713 1221
713 2394
714 1980
714 1818
715 942
716 2286
716 1690
717 2390
717 1304
718 924
718 1363
719 1270
719 1809
720 2132
720 1099
721 1420
721 1497
722 1407
722 839
723 1170
723 2363
723 1917
724 1882
724 1319
725 2067
725 2190
726 1359
726 1074
726 1904
727 2198
727 1675
727 1387
728 1803
728 1199
729 1330
729 1674
729 1399
730 942
730 1881
731 1686
731 1225
732 1570
732 2291
732 1646
733 1341
733 2159
734 1468
734 858
735 1675
735 2027
736 1885
736 2374
736 2300
737 1266
738 2396
738 1209
738 917
739 1926
740 1468
740 1395
741 2209
741 1086
742 1458
742 1684
743 1216
743 897
744 1267
744 1146
745 1514
745 961
745 1357
746 2202
746 1117
747 2289
747 1952
748 1760
748 1781
749 1893
749 1372
749 1548
750 1675
751 2172
751 2374
752 2349
752 1913
753 1539
754 1432
754 2308
755 1645
755 2375
755 823
756 1117
756 921
757 1295
757 1886
758 1315
758 1025
759 1974
759 1165
759 2225
760 1964
761 1555
762 1333
762 1459
763 1000
763 1401
764 1313
765 1522
765 1790
766 1358
766 2197
767 2174
767 1030
769 2248
769 777
770 788
771 1588
771 1545
772 2002
772 2233
773 947
773 1962
773 1422
774 840
774 1504
774 1408
775 920
775 2083
775 1258
776 2254
776 1792
776 2119
777 1526
778 2023
778 1759
778 858
779 793
779 2296
780 2312
780 1354
781 1440
781 1539
782 996
782 2200
783 1992
784 1542
784 1047
784 810
785 1896
785 2245
785 1386
786 1722
786 1848
787 1668
787 1814
789 2032
789 989
790 1977
790 798
790 2266
791 1943
791 2285
792 1681
792 1100
792 1266
793 2270
793 2329
794 1351
794 1820
796 995
796 2284
796 1501
797 1209
797 1146
799 1261
799 1771
799 1932
800 1877
800 2242
800 1575
801 2213
801 1812
801 1726
802 1728
802 1122
803 1104
804 1466
804 1302
804 1323
805 1569
805 2267
805 1289
806 1792
806 1991
807 890
807 975
807 1366
808 1790
808 1500
809 1672
809 1132
809 1147
810 2179
810 2165
811 1537
811 2279
812 2337
813 1626
813 2025
813 1282
814 1872
814 2096
815 2326
817 1382
817 2300
818 911
818 1140
819 1131
820 1303
820 1424
821 1754
821 2036
822 1481
822 1681
822 1948
823 2263
824 1813
824 1484
824 2005
825 974
825 1885
826 1989
826 1247
827 1924
827 1364
827 1012
828 1923
828 1647
829 1349
829 2332
829 1038
830 1582
830 1326
831 2313
831 2265
831 1339
832 2080
832 1562
832 881
833 1272
833 1307
833 910
834 2216
834 1341
835 1308
835 1158
837 1835
838 2118
838 2107
838 1264
839 1621
839 1393
840 936
840 1001
841 2021
842 2241
842 2111
843 995
843 1239
844 1576
844 1399
845 1385
845 1357
845 1833
846 2122
847 2195
848 1447
848 1172
848 1429
849 1850
850 1157
850 1007
851 1711
851 2145
852 1550
852 1883
853 2357
853 1220
854 1953
855 1127
856 1678
856 1471
856 1242
857 1098
857 1456
859 1814
860 1806
861 1372
861 2346
861 957
862 2358
862 1002
862 2392
863 1804
863 2179
863 1458
864 956
864 905
864 2318
865 1222
865 2317
865 1793
866 1823
867 1651
868 986
869 1445
869 1163
870 1062
870 898
871 2366
872 1412
872 1896
873 2191
873 1202
874 2255
874 1573
875 1019
875 2298
875 1477
876 1747
876 1123
876 1313
877 1593
878 1784
878 1780
878 1878
879 958
880 1845
880 1180
881 2169
882 1746
882 1310
882 1248
883 1424
883 1116
884 2350
884 1767
884 2253
885 1854
885 1136
886 1414
886 2136
887 969
887 1874
887 1252
888 1619
888 1676
889 1534
889 1442
890 1918
891 1361
891 2237
892 1306
892 2147
893 1572
893 1082
894 1224
895 1143
895 1865
896 1870
896 908
896 1133
897 1730
897 1881
899 2215
899 2116
899 1263
900 1311
900 947
900 1257
901 2324
901 1679
902 1774
902 1136
902 1181
903 1554
903 1604
904 1205
904 1636
905 1353
906 1224
907 970
908 1899
908 1230
909 2105
909 2194
909 1492
910 1103
911 2356
911 955
912 1541
912 1291
913 2157
913 1300
914 1727
914 1603
914 1518
915 1287
915 1741
916 990
916 2006
916 1799
917 1082
917 2055
918 1533
918 2255
919 1000
920 959
921 1888
922 1365
923 2342
923 1249
923 1950
925 1749
925 1153
926 2193
927 1053
927 1136
928 2316
928 1866
929 1332
929 1896
930 1421
930 2313
931 971
931 1054
932 1110
932 1327
933 995
933 1143
934 1634
935 1531
935 2309
937 1347
938 1783
938 1651
938 1244
939 2244
939 1795
940 1847
940 1015
940 1843
941 1410
942 1648
943 2103
943 2306
944 1462
944 2026
944 2161
945 1764
945 1864
946 2384
948 1815
949 1169
949 1403
949 1053
950 1384
950 1683
951 1398
952 1014
952 1501
952 2115
953 1921
953 1207
954 1878
954 1069
954 957
955 1556
955 2062
956 1969
956 1311
957 1513
958 1345
958 1096
959 1659
959 1944
960 1355
960 1225
961 2346
962 985
962 1617
963 1694
965 1623
965 1436
965 1252
966 1157
966 1096
966 1506
967 1231
967 2269
967 1702
968 1318
969 2307
969 2322
970 1941
971 2287
972 1015
972 1173
972 2275
973 1371
973 1833
974 2319
974 1467
975 1319
975 1417
976 1437
976 2067
976 1039
978 2222
979 1999
980 1852
980 1745
981 1787
981 1426
982 1643
982 2208
982 2144
983 2090
984 1048
985 1801
985 1350
986 2015
987 1591
987 1697
988 1190
989 2378
990 1761
991 2347
991 1878
992 2166
992 1023
993 2199
993 1388
993 1499
994 1273
994 1284
996 2277
997 1875
997 1595
998 1232
998 1664
998 1601
999 1575
999 1590
1000 2197
1001 2111
1001 2011
1003 2046
1003 1537
1004 2311
1004 2147
1004 1303
1005 1886
1006 1008
1007 1930
1007 1632
1008 1627
1008 1975
1009 2155
1009 1019
1010 1857
1010 1367
1011 1902
1011 1529
1011 2070
1012 1749
1012 1621
1013 1233
1013 1987
1013 1120
1014 1969
1015 1725
1016 1312
1016 1250
1017 1219
1017 2153
1017 1702
1018 1809
1018 1110
1018 2182
1020 2087
1020 1867
1020 1329
1021 1643
1021 1551
1021 2018
1022 1058
1022 2340
1023 2121
1023 2231
1024 1215
1024 1063
1025 1450
1025 2099
1026 1483
1026 2320
1027 2342
1027 1815
1028 1671
1029 1835
1030 1906
1031 2200
1031 1380
1032 2273
1032 1062
1032 2311
1033 2359
1033 1984
1033 1622
1034 1677
1034 1712
1034 1993
1035 1049
1035 1493
1035 1552
1036 1183
1037 1805
1037 1995
1038 2389
1038 1299
1040 2388
1040 1465
1041 1634
1042 2048
1042 1046
1042 2274
1043 2061
1043 1734
1044 1639
1044 2254
1045 1639
1045 2218
1046 2018
1048 1474
1048 1624
1049 1112
1050 1708
1051 1221
1052 1986
1052 1441
1053 1679
1054 1517
1054 1706
1055 1965
1055 1339
1056 2073
1057 1557
1057 1697
1058 1613
1059 2056
1059 1210
1060 1282
1060 2127
1060 1553
1061 1196
1061 1695
1062 1584
1063 1565
1063 2062
1064 1586
1064 1428
1065 1294
1065 1338
1066 2162
1066 2054
1066 2167
1067 2355
1067 2169
1067 1171
1068 2050
1068 1680
1069 1711
1069 1751
1070 1830
1071 1697
1071 1831
1071 1290
1072 1793
1072 1352
1073 1195
1073 1254
1075 2178
1075 2278
1075 1313
1076 2142
1076 1126
1076 1404
1077 1138
1077 2008
1078 1229
1078 1615
1079 2393
1079 2022
1079 2123
1080 1886
1080 1217
1081 1482
1081 1617
1081 2338
1082 2258
1083 1618
1083 1552
1083 1821
1084 2114
1084 1861
1085 1909
1085 2304
1085 2234
1086 1699
1086 1977
1087 1322
1088 2010
1088 1947
1088 2170
1089 2131
1089 1756
1090 1481
1090 2177
1091 2225
1092 2001
1092 1512
1093 1305
1093 2366
1094 2204
1094 1390
1094 1672
1095 1342
1095 1305
1096 1974
1097 1763
1098 2351
1098 1537
1099 1535
1100 2365
1100 1914
1101 2348
1101 1884
1102 2120
1102 2203
1103 2154
1103 2016
1104 1913
1104 2104
1105 2277
1105 1267
1107 1612
1108 1892
1108 2116
1108 1402
1109 1638
1109 2302
1110 1796
1111 1862
1111 1299
1112 1539
1113 2367
1113 2227
1114 2207
1114 1988
1115 1880
1116 1736
1117 1629
1118 1917
1118 1180
1118 1588
1119 1688
1120 1965
1120 1460
1121 2129
1121 1519
1123 1729
1123 1817
1124 1257
1124 2394
1125 1998
1125 1373
1125 1803
1126 1859
1127 2341
1128 1827
1128 2325
1128 2241
1129 2125
1129 1600
1129 1458
1130 1325
1131 1145
1131 1724
1132 1963
1132 1940
1133 2055
1134 2082
1135 1238
1135 2245
1135 1694
1137 1205
1137 1530
1138 1981
1139 1454
1139 1897
1140 2219
1140 2014
1141 1240
1142 1309
1142 1431
1142 2170
1144 1901
1144 1812
1144 1206
1145 1530
1146 1491
1147 2306
1148 1177
1148 1565
1148 1695
1149 2221
1150 1640
1150 1631
1150 1925
1151 1370
1152 1944
1152 1847
1152 1785
1154 2010
1155 1186
1155 1331
1156 1917
1158 1984
1158 1423
1159 1344
1159 1853
1161 2323
1161 2159
1161 2011
1162 1447
1162 1572
1162 2355
1163 2354
1164 2331
1165 2196
1165 1417
1166 2075
1167 1494
1168 2086
1168 2065
1171 1837
1171 1286
1172 2146
1172 1509
1173 2372
1174 1825
1174 2317
1175 1934
1177 1555
1177 1548
1179 2254
1180 1614
1181 1400
1182 1201
1182 1338
1182 2044
1184 1337
1185 2157
1187 1415
1188 1436
1188 2216
1189 2024
1189 2224
1189 2259
1190 1673
1191 1976
1191 1336
1192 1206
1192 1501
1192 2040
1193 1214
1194 1795
1194 1786
1195 1560
1197 1785
1197 1348
1197 2322
1198 1303
1198 1631
1198 2301
1199 1938
1200 1735
1200 2248
1201 1936
1202 1568
1202 1559
1203 2077
1203 2151
1204 1798
1205 1571
1206 1292
1207 1521
1207 2386
1208 1235
1209 1682
1210 1655
1211 1740
1212 2131
1213 2156
1213 2380
1214 1597
1214 1540
1215 1966
1216 2226
1217 1805
1218 1875
1218 2285
1219 2125
1220 1397
1221 1510
1223 1693
1223 2150
1225 1358
1226 1558
1226 1744
1226 2034
1227 1931
1228 1709
1228 1767
1229 1413
1229 1789
1230 2092
1232 1706
1232 1340
1233 2109
1233 1373
1234 1577
1234 1848
1235 2083
1236 2169
1238 2246
1238 1569
1239 2153
1240 1825
1241 1308
1241 1463
1241 2293
1242 1256
1243 1873
1243 1971
1243 2347
1245 2206
1245 1716
1246 1446
1247 1268
1247 2274
1248 1687
1248 1579
1249 1488
1250 1505
1251 1429
1252 1738
1253 2186
1253 2216
1254 1460
1255 1810
1255 1353
1256 1993
1258 1688
1259 2315
1259 2178
1262 1627
1262 1872
1262 1974
1263 2167
1263 1829
1265 2195
1265 1921
1266 1838
1269 1857
1269 1970
1270 1342
1270 2360
1271 1473
1271 2273
1272 1732
1272 1665
1273 1547
1274 1332
1274 2307
1275 2105
1275 1466
1277 1942
1277 1369
1279 2007
1279 2072
1280 2160
1281 1775
1281 1563
1282 1405
1283 1304
1283 1866
1284 1932
1285 2204
1285 2324
1287 2302
1290 1871
1291 1562
1291 2126
1293 1346
1293 2316
1293 1439
1294 1448
1295 1520
1296 1874
1298 1961
1301 2018
1301 1465
1301 2020
1302 1924
1302 2284
1304 2076
1305 1622
1306 1721
1307 1673
1307 1450
1308 2394
1310 1996
1311 1597
1312 1653
1312 1524
1314 1455
1314 2339
1315 1725
1315 1425
1316 2218
1317 2319
1317 2290
1318 2327
1318 1557
1320 2095
1321 1351
1322 1856
1323 2299
1323 1425
1324 1805
1325 2012
1326 1912
1327 2212
1328 2270
1328 2158
1328 1961
1329 2344
1330 2205
1330 1471
1331 1608
1333 1433
1334 1802
1334 1409
1335 1592
1336 1580
1337 1781
1337 1638
1340 2013
1340 2363
1341 1757
1342 1720
1343 2127
1343 2164
1343 1362
1344 1373
1344 1464
1345 1658
1346 1420
1346 1822
1347 1586
1347 1910
1348 1464
1349 1425
1349 1536
1350 1549
1351 2389
1352 1789
1352 2399
1354 1954
1355 2395
1356 1826
1356 2039
1357 1710
1359 2091
1360 2314
1361 2380
1361 1701
1363 2377
1363 1512
1365 2048
1366 1438
1366 2223
1367 1521
1368 2376
1368 1968
1369 1784
1369 1906
1374 1650
1374 1887
1375 2089
1375 2228
1376 1433
1376 2074
1376 1615
1377 2063
1378 1669
1378 1486
1379 1802
1380 2238
1381 1502
1381 2107
1383 1526
1383 1418
1383 2399
1384 1978
1384 2177
1385 2180
1386 1637
1387 2124
1388 2056
1388 2358
1389 1598
1389 1523
1390 1527
1390 2032
1391 2026
1391 1830
1392 1470
1393 1485
1393 1966
1394 1698
1394 1691
1395 1876
1395 1941
1396 1758
1396 2107
1397 1857
1397 2113
1399 2368
1400 2266
1401 1650
1402 2345
1403 1903
1405 1648
1406 2371
1408 1799
1409 2031
1410 1528
1410 1982
1411 2273
1411 1745
1412 1459
1412 1828
1414 2145
1415 2014
1416 2231
1416 1948
1418 2278
1419 1429
1420 2188
1421 1901
1423 1793
1426 1443
1427 2009
1428 1535
1428 1844
1430 2183
1430 1500
1431 1993
1431 1615
1432 2031
1433 2093
1434 1600
1434 1571
1437 1898
1438 1944
1439 1868
1440 1594
1442 1652
1442 1747
1443 2251
1444 2228
1444 1628
1445 1552
1445 1515
1448 1567
1449 2377
1450 2013
1451 1553
1452 1964
1456 2161
1457 1788
1457 1524
1461 1634
1461 1958
1461 1970
1463 2148
1467 1628
1468 1787
1469 1820
1469 2385
1469 2101
1470 1598
1471 2218
1472 1964
1474 1561
1475 1717
1475 1975
1475 2295
1476 1592
1476 1528
1476 1985
1477 2297
1480 1979
1480 1730
1481 1779
1482 2035
1483 1516
1484 2001
1485 2115
1485 1930
1488 2089
1490 1879
1490 1908
1490 1678
1491 2325
1492 1633
1492 2242
1494 1751
1495 1620
1495 1656
1496 1691
1496 2379
1497 1797
1497 2222
1498 2207
1498 1735
1498 1661
1499 1527
1502 2077
1502 1731
1503 1816
1503 2318
1504 1635
1504 2149
1505 2349
1506 1967
1506 2188
1507 1734
1507 1686
1507 1646
1508 2093
1510 2377
1511 2128
1511 2029
1511 1671
1513 1889
1513 2214
1514 1960
1516 2360
1517 2371
1519 2309
1519 1763
1521 1563
1523 1715
1523 1830
1525 1942
1526 1544
1528 2036
1530 2066
1531 2333
1533 1913
1534 2079
1535 2282
1538 1667
1538 1807
1540 2206
1541 1810
1541 2187
1543 2239
1544 1947
1544 1718
1545 2058
1545 2133
1546 2312
1546 2281
1546 2324
1547 2364
1549 1760
1550 1875
1551 2059
1551 2235
1556 2176
1561 2269
1562 2097
1563 2090
1564 2370
1564 2243
1566 1995
1568 1600
1568 1647
1569 2080
1570 1918
1570 2094
1571 2280
1572 2079
1573 1975
1574 2108
1575 1744
1576 1782
1576 2162
1577 2259
1579 2110
1579 2280
1581 1753
1584 2262
1587 2075
1587 1808
1588 2370
1589 1935
1589 1630
1590 1770
1590 2369
1593 1746
1594 1968
1594 1794
1595 1601
1595 1990
1596 1821
1597 1786
1598 2258
1599 1850
1599 2313
1602 2349
1602 1768
1602 1938
1603 2327
1605 1716
1606 2030
1607 2297
1608 2058
1609 2310
1610 1762
1610 1780
1611 2235
1611 1776
1611 1883
1612 1739
1613 1989
1616 2087
1617 1956
1619 1860
1619 2061
1620 2051
1622 1806
1624 1980
1624 2386
1625 2081
1625 1810
1626 2334
1629 1922
1629 1912
1630 1840
1631 1843
1632 2267
1633 1655
1633 2081
1635 1782
1636 2252
1636 1969
1637 1858
1638 1645
1640 2180
1642 2175
1643 2285
1644 1768
1647 2084
1649 2395
1651 2291
1652 1679
1654 2026
1654 2373
1655 2308
1656 1690
1656 1870
1657 1960
1660 2392
1660 2156
1661 2333
1662 2029
1662 1996
1663 1996
1664 1776
1665 2311
1666 1988
1667 2185
1667 2148
1668 2137
1674 2271
1674 2330
1677 2051
1678 2264
1681 2200
1683 1815
1684 1755
1685 1800
1685 1737
1685 2037
1686 1754
1688 2344
1689 2071
1689 2350
1690 1902
1692 1806
1692 2224
1693 2099
1694 1781
1695 2009
1696 2151
1696 2234
1698 1923
1698 2187
1699 2068
1700 2193
1700 2040
1702 2276
1703 1979
1703 1731
1704 2142
1705 2284
1706 2003
1707 1909
1707 1824
1708 2039
1709 2008
1710 2050
1710 2007
1711 2086
1712 2247
1712 1747
1713 2335
1714 2030
1714 2329
1714 2312
1715 2032
1717 2388
1717 1963
1722 2178
1722 1769
1723 2308
1723 2125
1724 2126
1725 2208
1727 2383
1728 1757
1729 2074
1729 1928
1730 2331
1731 1943
1732 2376
1733 2250
1733 2141
1735 1983
1737 2332
1738 2269
1740 1962
1743 1904
1744 2093
1746 1859
1748 2339
1748 2211
1748 2045
1749 2023
1750 2353
1751 2005
1752 2134
1752 2002
1752 2098
1753 2212
1754 1800
1755 1956
1755 2247
1756 1853
1756 1832
1757 2072
1758 1994
1759 2335
1759 2167
1760 2368
1761 1961
1761 2033
1762 1766
1762 2286
1764 2103
1765 2006
1765 2260
1765 1879
1766 1907
1768 2137
1769 2046
1770 2379
1771 2292
1772 1915
1772 2336
1773 1867
1774 2064
1775 2194
1775 2098
1777 2272
1777 2163
1778 2251
1778 1838
1783 2345
1784 1834
1785 2181
1791 2055
1791 2100
1791 2211
1792 1983
1794 1928
1795 2385
1796 2085
1796 2204
1798 2302
1807 2138
1807 2398
1808 2069
1809 2227
1811 1869
1813 2290
1814 2341
1816 2314
1816 2205
1818 1919
1819 2102
1821 1828
1822 1958
1824 1984
1824 1840
1826 1931
1827 2149
1827 2239
1828 1965
1831 2343
1832 2131
1834 2268
1837 2223
1838 2054
1839 1890
1839 1951
1839 1988
1841 1914
1841 2073
1841 2390
1842 2066
1843 2088
1845 2159
1846 2294
1847 2297
1848 2082
1849 1959
1849 1953
1849 2053
1851 2161
1852 1925
1852 2236
1853 2337
1855 2106
1856 2024
1856 2210
1859 2227
1862 2065
1862 2189
1863 2133
1863 2393
1863 2382
1864 2229
1865 2040
1865 2206
1866 1985
1869 2086
1869 2021
1872 2075
1873 2065
1876 2091
1877 2022
1879 2090
1882 2176
1884 1933
1885 1893
1888 2289
1890 1919
1890 2000
1892 2352
1893 2173
1894 2384
1894 2012
1897 2060
1900 1920
1900 2306
1900 2237
1905 2217
1907 2001
1907 2081
1909 2151
1910 2134
1911 2060
1911 2395
1911 2288
1912 2019
1914 2298
1916 2343
1916 2317
1919 2066
1921 2373
1922 2381
1927 2005
1928 2057
1929 2143
1933 2365
1934 2276
1935 2260
1940 2198
1940 2012
1942 2079
1943 2267
1945 1976
1946 2243
1946 2251
1948 2288
1949 2340
1950 2232
1952 2084
1954 2336
1955 2367
1957 1958
1957 2328
1957 2064
1967 2384
1968 2257
1970 2261
1971 2261
1971 2342
1972 2047
1972 2236
1973 2186
1973 2321
1980 2100
1982 2270
1990 2287
1991 2363
1992 2357
1994 2255
1995 2044
1998 2023
1999 2262
2003 2201
2003 2321
2004 2315
2004 2118
2011 2304
2015 2027
2016 2052
2017 2095
2024 2149
2025 2375
2028 2153
2030 2166
2031 2320
2033 2337
2034 2172
2036 2052
2041 2295
2041 2335
2042 2256
2045 2257
2047 2236
2048 2068
2049 2397
2050 2141
2051 2398
2056 2298
2057 2112
2059 2088
2060 2097
2061 2220
2069 2350
2069 2391
2071 2389
2073 2156
2074 2364
2078 2143
2078 2208
2084 2318
2085 2152
2087 2378
2088 2247
2089 2221
2092 2100
2094 2154
2096 2381
2098 2259
2101 2323
2103 2128
2109 2220
2111 2328
2112 2203
2117 2139
2120 2279
2128 2379
2129 2382
2130 2246
2132 2241
2137 2257
2140 2375
2140 2252
2143 2314
2145 2163
2146 2361
2146 2198
2150 2359
2154 2184
2157 2202
2158 2203
2165 2166
2168 2398
2171 2240
2171 2230
2179 2376
2181 2233
2190 2354
2192 2210
2193 2242
2194 2280
2195 2361
2197 2397
2199 2344
2202 2321
2209 2359
2215 2326
2217 2334
2219 2303
2225 2322
2235 2347
2244 2339
2246 2272
2253 2371
2256 2315
2265 2276
2268 2340
2274 2330
2283 2332
2294 2323
2300 2361
2301 2341
2303 2305
2305 2331
2366 2393
