0 809
0 649
0 207
1 789
1 738
1 209
2 569
2 848
2 652
3 362
3 86
3 89
4 416
4 80
4 387
5 264
5 501
5 644
6 18
6 891
6 400
7 230
7 606
7 193
8 770
8 529
8 543
9 145
9 689
9 439
10 475
10 420
10 539
11 743
11 599
11 128
12 465
12 791
12 532
13 69
13 349
13 119
14 557
14 585
14 90
15 355
15 135
15 878
16 204
16 404
16 851
17 374
17 472
17 893
18 893
18 500
19 437
19 464
19 513
20 151
20 352
20 675
21 41
21 772
21 627
22 249
22 870
22 653
23 576
23 50
23 536
24 650
24 389
24 709
25 619
25 87
25 35
26 66
26 255
26 447
27 299
27 697
27 579
28 137
28 460
28 640
29 118
29 813
29 363
30 444
30 183
30 574
31 32
31 563
31 517
32 587
32 331
33 610
33 166
33 798
34 407
34 727
34 762
35 269
35 754
36 434
36 76
36 788
37 178
37 47
37 725
38 898
38 502
38 547
39 666
39 653
39 400
40 674
40 188
40 349
41 394
41 129
42 708
42 879
42 165
43 607
43 806
43 356
44 139
44 789
44 583
45 482
45 680
45 364
46 542
46 857
46 694
47 57
47 603
48 531
48 810
48 573
49 263
49 121
49 57
50 134
50 267
51 787
51 647
51 563
52 604
52 702
52 169
53 305
53 173
53 563
54 793
54 132
54 542
55 130
55 752
55 733
56 213
56 818
56 566
57 126
58 342
58 542
58 534
59 309
59 483
59 593
60 522
60 322
60 745
61 697
61 325
61 88
62 761
62 570
62 604
63 149
63 417
63 540
64 751
64 615
64 768
65 392
65 512
65 726
66 597
66 137
67 379
67 683
67 719
68 119
68 376
68 402
69 678
69 362
70 298
70 168
70 346
71 164
71 796
71 194
72 793
72 353
72 686
73 661
73 840
73 238
74 529
74 530
74 845
75 894
75 318
75 749
76 507
76 101
77 481
77 354
77 552
78 234
78 103
78 727
79 84
79 280
79 740
80 435
80 309
81 655
81 352
81 453
82 222
82 840
82 764
83 892
83 807
83 809
84 667
84 394
85 626
85 540
85 114
86 592
86 339
87 321
87 148
88 448
88 875
89 454
89 169
90 696
90 138
91 132
91 279
91 381
92 652
92 527
92 351
93 307
93 794
93 217
94 532
94 142
94 472
95 408
95 252
95 494
96 766
96 176
96 662
97 895
97 390
97 621
98 228
98 361
98 198
99 800
99 116
99 736
100 769
100 618
100 189
101 740
101 741
102 846
102 716
102 375
103 524
103 428
104 471
104 214
104 708
105 375
105 760
105 287
106 320
106 874
106 194
107 165
107 499
107 642
108 191
108 117
108 183
109 144
109 121
109 122
110 420
110 187
110 654
111 509
111 683
111 782
112 827
112 261
112 635
113 802
113 196
113 333
114 680
114 240
115 703
115 682
115 751
116 250
116 630
117 313
117 460
118 590
118 358
119 311
120 257
120 786
120 576
121 292
122 848
122 389
123 125
123 160
123 225
124 547
124 353
124 172
125 466
125 691
126 785
126 786
127 830
127 232
127 883
128 775
128 374
129 873
129 688
130 331
130 883
131 419
131 579
131 486
132 631
133 776
133 260
133 426
134 626
134 744
135 177
135 246
136 530
136 732
136 587
137 734
138 361
138 188
139 405
139 257
140 383
140 565
140 698
141 272
141 772
141 581
142 265
142 689
143 638
143 763
143 347
144 324
144 493
145 311
145 567
146 644
146 271
146 294
147 409
147 478
147 648
148 324
148 305
149 623
149 274
150 274
150 278
150 739
151 637
151 541
152 780
152 537
152 239
153 221
153 156
153 513
154 862
154 612
154 228
155 737
155 245
155 755
156 411
156 855
157 628
157 870
157 235
158 256
158 185
158 629
159 201
159 780
159 516
160 291
160 763
161 391
161 441
161 519
162 551
162 304
162 872
163 500
163 297
163 554
164 879
164 474
165 583
166 695
166 816
167 880
167 419
167 500
168 595
168 611
169 408
170 498
170 674
170 472
171 332
171 642
171 732
172 343
172 350
173 313
173 846
174 474
174 303
174 556
175 577
175 502
175 253
176 715
176 759
177 458
177 759
178 377
178 588
179 837
179 263
179 797
180 359
180 502
180 526
181 185
181 253
181 341
182 351
182 461
182 356
183 690
184 360
184 816
184 310
185 725
186 713
186 571
186 328
187 286
187 566
188 819
189 582
189 390
190 515
190 412
190 568
191 609
191 621
192 551
192 579
192 294
193 620
193 378
194 299
195 742
195 534
195 285
196 439
196 545
197 202
197 868
197 386
198 598
198 578
199 614
199 308
199 252
200 227
200 488
200 641
201 264
201 477
202 301
202 401
203 350
203 399
203 367
204 616
204 586
205 706
205 886
205 570
206 718
206 432
206 608
207 605
207 832
208 388
208 767
208 371
209 855
209 834
210 843
210 657
210 219
211 708
211 719
211 799
212 677
212 852
212 835
213 214
213 490
214 365
215 435
215 517
215 838
216 435
216 637
216 343
217 822
217 655
218 415
218 728
218 357
219 823
219 243
220 585
220 327
220 414
221 452
221 433
222 865
222 714
223 785
223 411
223 471
224 664
224 270
224 620
225 344
225 593
226 311
226 294
226 715
227 314
227 382
228 393
229 726
229 442
229 290
230 700
230 639
231 619
231 863
231 336
232 469
232 595
233 544
233 657
233 718
234 757
234 491
235 815
235 509
236 627
236 519
236 513
237 817
237 368
237 577
238 440
238 888
239 487
239 477
240 449
240 254
241 267
241 459
241 638
242 828
242 608
242 313
243 512
243 862
244 377
244 475
244 404
245 418
245 431
246 600
246 896
247 863
247 269
247 702
248 776
248 484
248 806
249 413
249 897
250 613
250 710
251 462
251 792
251 364
252 749
253 661
254 384
254 491
255 709
255 304
256 330
256 534
257 440
258 378
258 458
258 805
259 869
259 429
259 805
260 356
260 584
261 801
261 507
262 855
262 327
262 835
263 572
264 303
265 281
265 748
266 790
266 825
266 664
267 646
268 440
268 881
268 719
269 547
270 628
270 300
271 750
271 444
272 885
272 779
273 427
273 871
273 467
274 580
275 783
275 884
275 338
276 695
276 610
276 315
277 831
277 360
277 419
278 559
278 392
279 545
279 768
280 868
280 847
281 777
281 769
282 888
282 583
282 717
283 853
283 470
283 596
284 881
284 467
284 625
285 391
285 571
286 836
286 767
287 526
287 578
288 598
288 807
288 561
289 473
289 629
289 842
290 768
290 673
291 753
291 333
292 679
292 668
293 806
293 733
293 837
295 867
295 546
295 639
296 621
296 832
296 359
297 401
297 560
298 887
298 497
299 805
300 487
300 876
301 614
301 556
302 722
302 835
302 871
303 738
304 405
305 669
306 858
306 464
306 346
307 354
307 716
308 434
308 329
309 668
310 742
310 592
312 409
312 664
312 533
314 643
314 516
315 684
315 387
316 821
316 667
316 842
317 669
317 882
317 685
318 822
318 887
319 617
319 607
319 675
320 582
320 651
321 705
321 457
322 786
322 821
323 803
323 366
323 593
324 640
325 537
325 624
326 348
326 395
326 636
327 375
328 552
328 430
329 754
329 496
330 796
330 665
331 446
332 433
332 819
333 581
334 584
334 804
334 499
335 810
335 389
335 388
336 858
336 769
337 341
337 501
337 468
338 578
338 462
339 859
339 546
340 808
340 680
340 781
341 347
342 785
342 381
343 682
344 525
344 590
345 364
345 782
345 841
346 540
347 544
348 382
348 860
349 436
350 641
351 723
352 694
353 774
354 423
355 468
355 495
357 847
357 758
358 635
358 735
359 836
360 374
361 689
362 444
363 548
363 704
365 605
365 752
366 638
366 528
367 703
367 573
368 462
368 562
369 660
369 380
369 406
370 582
370 505
370 447
371 456
371 480
372 750
372 658
372 481
373 659
373 731
373 778
376 452
376 829
377 774
378 453
379 679
379 731
380 580
380 869
381 629
382 410
383 609
383 636
384 715
384 761
385 562
385 565
385 744
386 450
386 663
387 812
388 825
390 565
391 845
392 417
393 456
393 714
394 455
395 535
395 416
396 852
396 721
396 726
397 604
397 813
397 731
398 485
398 520
398 875
399 720
399 777
400 426
401 666
402 504
402 818
403 884
403 479
403 656
404 739
405 602
406 539
406 480
407 641
407 800
408 531
409 605
410 773
410 491
411 592
412 698
412 442
413 603
413 429
414 737
414 467
415 755
415 527
416 545
417 892
418 652
418 729
420 875
421 895
421 796
421 808
422 794
422 541
422 438
423 651
423 425
424 464
424 877
424 634
425 682
425 569
426 829
427 486
427 845
428 790
428 573
429 897
430 860
430 788
431 770
431 670
432 881
432 562
433 519
434 687
436 686
436 834
437 797
437 645
438 859
438 839
439 781
441 784
441 736
442 625
443 653
443 515
443 465
445 607
445 452
445 696
446 787
446 456
447 615
448 862
448 699
449 678
449 877
450 851
450 874
451 724
451 795
451 831
453 888
454 498
454 744
455 894
455 674
457 608
457 496
458 533
459 678
459 856
460 858
461 634
461 614
463 469
463 616
463 890
465 766
466 656
466 864
468 789
469 630
470 646
470 882
471 691
473 514
473 781
474 869
475 730
476 536
476 648
476 760
477 581
478 746
478 528
479 644
479 511
480 871
481 717
482 510
482 692
483 503
483 521
484 791
484 827
485 891
485 812
486 550
487 494
488 589
488 746
489 595
489 748
489 728
490 743
490 671
492 688
492 872
492 662
493 588
493 747
494 506
495 549
495 673
496 672
497 532
497 567
498 868
499 632
501 826
503 861
503 701
504 529
504 849
505 817
505 663
506 508
506 721
507 654
508 598
508 659
509 780
510 820
510 823
511 564
511 596
512 559
514 551
514 707
515 822
516 720
517 597
518 666
518 667
518 560
520 820
520 656
521 705
521 884
522 724
522 787
523 536
523 899
523 815
524 851
524 765
525 711
525 645
526 699
527 557
528 625
530 650
531 615
533 550
535 651
535 626
537 856
538 739
538 863
538 778
539 878
541 767
543 896
543 751
544 705
546 606
548 712
548 673
549 839
549 779
550 723
552 750
553 778
553 818
553 865
554 759
554 757
555 665
555 832
555 859
556 889
557 762
558 569
558 571
558 585
559 804
560 757
561 690
561 793
564 809
564 602
566 703
567 685
568 684
568 590
570 612
572 737
572 880
574 648
574 657
575 588
575 860
575 640
576 820
577 745
580 722
584 819
586 724
586 743
587 824
589 899
589 792
591 642
591 798
591 814
594 814
594 803
594 829
596 833
597 683
599 770
599 622
600 691
600 857
601 765
601 633
601 713
602 632
603 725
606 700
609 802
610 847
611 878
611 836
612 895
613 619
613 720
616 712
617 826
617 885
618 661
618 706
620 681
622 679
622 658
623 696
623 804
624 873
624 734
627 876
628 807
630 771
631 844
631 700
632 823
633 777
633 760
634 894
635 864
636 874
637 765
639 883
643 799
643 735
645 833
646 684
647 754
647 660
649 893
649 887
650 896
654 790
655 788
658 784
659 730
660 681
662 693
663 670
665 688
668 841
669 671
670 672
671 843
672 730
675 728
676 876
676 711
676 747
677 736
677 687
681 693
685 747
686 741
687 766
690 722
692 864
692 745
693 872
694 827
695 831
697 815
698 771
699 774
701 791
701 841
702 821
704 794
704 756
706 800
707 721
707 735
709 849
710 723
710 795
711 850
712 784
713 891
714 848
716 717
718 857
727 740
729 773
729 854
732 753
733 870
734 861
738 866
741 830
742 882
746 779
748 866
749 843
752 854
753 811
755 825
756 830
756 852
758 854
758 861
761 880
762 783
763 898
764 892
764 811
771 812
772 824
773 873
775 865
775 867
776 853
782 886
783 850
792 853
795 844
797 802
798 817
799 897
801 838
801 886
803 828
808 846
810 842
811 833
813 899
814 889
816 840
824 867
826 834
828 890
837 898
838 877
839 850
844 890
849 856
866 879
885 889
