0 566
0 217
0 47
1 341
1 409
1 665
2 355
2 275
2 340
3 662
3 269
3 208
4 187
4 788
4 757
5 176
5 81
5 420
6 59
6 114
6 397
7 118
7 369
7 521
8 776
8 790
8 597
9 709
9 756
9 333
10 589
10 667
10 196
11 29
11 657
11 531
12 232
12 55
12 128
13 69
13 436
13 630
14 400
14 533
14 212
15 47
15 418
15 74
16 588
16 164
16 50
17 37
17 288
17 501
18 736
18 730
18 757
19 465
19 746
19 257
20 490
20 467
20 780
21 594
21 407
21 103
22 440
22 174
22 607
23 322
23 144
23 272
24 785
24 793
24 172
25 77
25 309
25 457
26 396
26 512
26 372
27 469
27 747
27 70
28 628
28 617
28 626
29 245
29 71
30 265
30 269
30 136
31 243
31 796
31 112
32 645
32 323
32 326
33 507
33 525
33 664
34 211
34 206
34 131
35 136
35 787
35 605
36 480
36 119
36 379
37 750
37 157
38 87
38 655
38 85
39 206
39 610
39 770
40 407
40 747
40 451
41 536
41 284
41 242
42 233
42 615
42 538
43 202
43 685
43 153
44 642
44 353
44 355
45 661
45 88
45 185
46 413
46 332
46 52
47 145
48 602
48 759
48 576
49 265
49 51
49 560
50 747
50 224
51 58
51 437
52 789
52 370
53 415
53 688
53 72
54 506
54 147
54 453
55 470
55 235
56 82
56 449
56 426
57 771
57 509
57 122
58 796
58 767
59 625
59 572
60 748
60 285
60 493
61 498
61 725
61 175
62 213
62 708
62 387
63 530
63 614
63 296
64 263
64 768
64 511
65 376
65 257
65 446
66 344
66 403
66 486
67 698
67 399
67 209
68 310
68 760
68 605
69 159
69 120
70 682
70 686
71 534
71 224
72 786
72 180
73 170
73 360
73 260
74 109
74 350
75 728
75 237
75 190
76 208
76 412
76 326
77 548
77 784
78 700
78 761
78 190
79 297
79 658
79 712
80 751
80 186
80 502
81 185
81 707
82 255
82 95
83 519
83 240
83 157
84 460
84 417
84 578
85 748
85 408
86 513
86 529
86 632
87 684
87 688
88 522
88 199
89 416
89 626
89 218
90 149
90 404
90 390
91 791
91 203
91 221
92 446
92 736
92 242
93 465
93 330
93 250
94 798
94 440
94 179
95 378
95 373
96 517
96 786
96 478
97 593
97 263
97 374
98 414
98 704
98 499
99 722
99 581
99 612
100 110
100 543
100 660
101 394
101 306
101 449
102 182
102 447
102 677
103 552
103 421
104 591
104 784
104 370
105 197
105 772
105 580
106 340
106 200
106 177
107 442
107 753
107 254
108 425
108 112
108 604
109 744
109 677
110 544
110 608
111 379
111 195
111 777
112 325
113 162
113 130
113 497
114 196
114 674
115 126
115 744
115 720
116 552
116 524
116 622
117 244
117 390
117 613
118 433
118 148
119 301
119 627
120 290
120 723
121 647
121 585
121 444
122 189
122 177
123 737
123 672
123 792
124 713
124 353
124 477
125 285
125 378
125 684
126 301
126 244
127 580
127 794
127 659
128 357
128 560
129 640
129 668
129 551
130 319
130 255
131 469
131 355
132 495
132 592
132 343
133 678
133 251
133 381
134 461
134 656
134 372
135 657
135 320
135 445
136 573
137 799
137 361
137 468
138 361
138 201
138 753
139 152
139 633
139 209
140 510
140 598
140 305
141 663
141 391
141 154
142 610
142 740
142 360
143 634
143 620
143 441
144 748
144 159
145 629
145 254
146 571
146 257
146 236
147 212
147 377
148 167
148 636
149 505
149 301
150 609
150 706
150 774
151 741
151 511
151 483
152 394
152 351
153 641
153 455
154 493
154 598
155 561
155 658
155 192
156 238
156 233
156 212
157 582
158 651
158 714
158 508
159 639
160 444
160 392
160 268
161 441
161 162
161 666
162 779
163 204
163 287
163 611
164 443
164 383
165 676
165 514
165 509
166 346
166 723
166 591
167 392
167 387
168 338
168 438
168 547
169 766
169 491
169 723
170 592
170 631
171 714
171 764
171 713
172 353
172 183
173 452
173 199
173 697
174 584
174 204
175 574
175 550
176 359
176 519
177 429
178 792
178 437
178 458
179 685
179 795
180 790
180 494
181 275
181 664
181 714
182 613
182 247
183 457
183 474
184 291
184 374
184 778
185 305
186 256
186 633
187 377
187 789
188 742
188 327
188 769
189 548
189 621
190 630
191 330
191 274
191 482
192 239
192 375
193 300
193 568
193 782
194 376
194 240
194 734
195 300
195 770
196 384
197 665
197 632
198 306
198 516
198 757
199 485
200 692
200 380
201 646
201 567
202 329
202 762
203 383
203 378
204 347
205 619
205 424
205 635
206 756
207 590
207 434
207 662
208 742
209 429
210 582
210 497
210 328
211 542
211 766
213 387
213 422
214 234
214 309
214 488
215 701
215 718
215 652
216 261
216 558
216 473
217 491
217 515
218 445
218 593
219 321
219 617
219 477
220 631
220 744
220 660
221 737
221 471
222 280
222 289
222 401
223 398
223 314
223 615
224 642
225 383
225 791
225 293
226 613
226 602
226 243
227 712
227 385
227 699
228 762
228 685
228 634
229 708
229 321
229 418
230 334
230 362
230 351
231 392
231 665
231 348
232 498
232 600
233 468
234 308
234 518
235 636
235 582
236 339
236 604
237 583
237 290
238 799
238 286
239 388
239 347
240 313
241 311
241 679
241 263
242 783
243 270
244 277
245 770
245 354
246 772
246 435
246 556
247 693
247 576
248 393
248 640
248 322
249 453
249 693
249 534
250 505
250 304
251 508
251 402
252 598
252 628
252 637
253 510
253 638
253 456
254 649
255 692
256 606
256 681
258 380
258 638
258 436
259 719
259 703
259 532
260 282
260 588
261 287
261 323
262 643
262 409
262 690
264 706
264 319
264 307
265 290
266 625
266 624
266 315
267 783
267 750
267 480
268 291
268 764
269 669
270 321
270 732
271 564
271 478
271 329
272 302
272 501
273 643
273 674
273 425
274 568
274 480
275 694
276 563
276 493
276 450
277 550
277 432
278 695
278 555
278 675
279 651
279 428
279 761
280 402
280 680
281 647
281 740
281 394
282 352
282 302
283 597
283 569
283 507
284 459
284 687
285 640
286 427
286 701
287 624
288 704
288 773
289 430
289 514
291 546
292 354
292 367
292 479
293 338
293 505
294 504
294 337
294 381
295 763
295 427
295 776
296 681
296 759
297 530
297 344
298 386
298 473
298 621
299 332
299 568
299 507
300 484
302 347
303 419
303 618
303 418
304 393
304 477
305 393
306 794
307 584
307 720
308 389
308 755
309 490
310 745
310 492
311 552
311 322
312 463
312 506
312 423
313 405
313 358
314 705
314 644
315 793
315 779
316 627
316 464
316 658
317 689
317 698
317 705
318 407
318 356
318 600
319 626
320 787
320 603
323 359
324 730
324 645
324 462
325 667
325 643
326 706
327 421
327 401
328 531
328 454
329 342
330 336
331 553
331 427
331 519
332 769
333 599
333 702
334 672
334 558
335 389
335 601
335 786
336 733
336 616
337 761
337 666
338 743
339 722
339 650
340 435
341 434
341 452
342 670
342 469
343 630
343 358
344 573
345 596
345 422
345 431
346 413
346 696
348 516
348 655
349 362
349 412
349 559
350 369
350 454
351 724
352 382
352 509
354 639
356 513
356 587
357 661
357 768
358 557
359 781
360 588
361 440
362 612
363 573
363 777
363 754
364 775
364 670
364 431
365 771
365 648
365 545
366 391
366 604
366 415
367 731
367 516
368 749
368 618
368 489
369 726
370 532
371 651
371 426
371 458
372 595
373 589
373 466
374 565
375 538
375 550
376 704
377 629
379 654
380 699
381 703
382 719
382 547
384 669
384 638
385 506
385 566
386 430
386 778
388 466
388 543
389 405
390 763
391 536
395 636
395 671
395 447
396 628
396 439
397 420
397 474
398 724
398 769
399 716
399 432
400 426
400 471
401 428
402 549
403 520
403 687
404 586
404 621
405 734
406 767
406 645
406 693
408 608
408 414
409 575
410 500
410 751
410 411
411 439
411 539
412 679
413 482
414 687
415 758
416 620
416 782
417 520
417 727
419 733
419 472
420 742
421 570
422 441
423 718
423 500
424 541
424 755
425 433
428 680
429 570
430 538
431 675
432 537
433 490
434 448
435 489
436 447
437 611
438 570
438 462
439 732
442 785
442 571
443 566
443 752
444 544
445 479
446 614
448 768
448 754
449 585
450 572
450 679
451 478
451 710
452 702
453 779
454 460
455 781
455 717
456 556
456 583
457 731
458 571
459 541
459 542
460 525
461 595
461 688
462 536
463 525
463 631
464 529
464 467
465 773
466 612
467 597
468 620
470 716
470 729
471 517
472 474
472 577
473 677
475 485
475 678
475 668
476 555
476 633
476 524
479 760
481 527
481 515
481 752
482 689
483 647
483 558
484 718
484 492
485 745
486 527
486 659
487 644
487 590
487 530
488 547
488 594
489 537
491 710
492 575
494 615
494 559
495 731
495 501
496 674
496 654
496 733
497 671
498 754
499 618
499 669
500 511
502 660
502 690
503 605
503 729
503 650
504 634
504 735
508 682
510 691
512 522
512 601
513 648
514 567
515 518
517 776
518 691
520 780
521 610
521 765
522 562
523 606
523 739
523 715
524 565
526 683
526 789
526 717
527 710
528 652
528 773
528 759
529 606
531 735
532 593
533 727
533 580
534 623
535 795
535 592
535 551
537 715
539 599
539 589
540 654
540 775
540 622
541 696
542 609
543 683
544 727
545 725
545 637
546 596
546 659
548 601
549 792
549 567
551 700
553 642
553 600
554 678
554 695
554 578
555 587
556 586
557 778
557 794
559 753
560 596
561 664
561 739
562 738
562 575
563 707
563 799
564 697
564 717
565 602
569 635
569 725
572 690
574 607
574 793
576 797
577 783
577 738
578 585
579 745
579 797
579 616
581 670
581 649
583 666
584 729
586 662
587 623
590 722
591 692
594 646
595 721
599 691
603 641
603 711
607 788
608 739
609 774
611 619
614 720
616 749
617 653
619 728
622 780
623 787
624 695
625 730
627 656
629 746
632 750
635 762
637 699
639 709
641 772
644 724
646 671
648 673
649 741
650 791
652 785
653 713
653 673
655 656
657 686
661 775
663 795
663 697
667 711
668 721
672 676
673 711
675 698
676 743
680 726
681 790
682 774
683 740
684 746
686 700
689 766
694 735
694 777
696 721
701 798
702 712
703 708
705 709
707 765
715 782
716 797
719 781
726 756
728 741
732 784
734 788
736 764
737 767
738 771
743 763
749 796
751 765
752 798
755 758
758 760
