0 836
0 911
0 1728
1 2110
1 1769
1 1377
2 1920
2 874
2 744
3 196
3 824
3 98
4 2280
4 1966
4 843
5 63
5 1357
5 16
6 1773
6 1275
6 1757
7 1630
7 874
7 2333
8 417
8 540
8 222
9 970
9 2316
9 1311
10 1731
10 2156
10 493
11 1840
11 1529
11 1819
12 1987
12 52
12 562
13 2028
13 1406
13 31
14 1118
14 2013
14 1056
15 1682
15 491
15 1885
16 75
16 326
17 1314
17 653
17 202
18 1672
18 915
18 513
19 1670
19 1444
19 1789
20 559
20 2043
20 312
21 1522
21 1380
21 745
22 2388
22 2491
22 396
23 215
23 935
23 591
24 1752
24 163
24 2335
25 266
25 834
25 791
26 1600
26 993
26 468
27 583
27 81
27 1936
28 2360
28 1395
28 1409
29 1866
29 489
29 487
30 579
30 1948
30 1049
31 1341
31 146
32 347
32 2354
32 1388
33 1815
33 2468
33 763
34 1065
34 2126
34 165
35 1595
35 2161
35 391
36 370
36 444
36 1203
37 519
37 2157
37 1795
38 2201
38 632
38 1315
39 1048
39 1303
39 180
40 1510
40 1649
40 337
41 2125
41 1809
41 798
42 2476
42 1916
42 464
43 460
43 2208
43 153
44 2191
44 1474
44 2490
45 611
45 2139
45 1491
46 893
46 673
46 204
47 1359
47 2105
47 1271
48 600
48 1395
48 2467
49 844
49 205
49 555
50 2134
50 269
50 334
51 876
51 2276
51 1235
52 1815
52 1787
53 1295
53 889
53 1906
54 2225
54 244
54 1880
55 2185
55 1029
55 259
56 1178
56 635
56 978
57 252
57 1050
57 2178
58 461
58 1656
58 1448
59 236
59 589
59 1362
60 609
60 1517
60 724
61 1437
61 467
61 1521
62 1964
62 976
62 376
63 181
63 2437
64 2432
64 1629
64 1255
65 1324
65 2412
65 1830
66 286
66 2040
66 2054
67 449
67 1399
67 1897
68 901
68 1786
68 819
69 2377
69 1227
69 268
70 1349
70 1736
70 2056
71 1353
71 1687
71 1239
72 1165
72 770
72 1526
73 1507
73 499
73 1373
74 2128
74 2445
74 414
75 775
75 2435
76 1339
76 877
76 1549
77 1095
77 1449
77 237
78 1603
78 1726
78 1230
79 2404
79 383
79 253
80 528
80 1357
80 1877
81 1714
81 141
82 1598
82 2109
82 2395
83 215
83 2017
83 1512
84 377
84 623
84 2378
85 726
85 251
85 209
86 680
86 1861
86 1358
87 1003
87 830
87 1790
88 1565
88 1821
88 1732
89 2014
89 436
89 933
90 463
90 2031
90 1468
91 1211
91 1675
91 1074
92 754
92 361
92 2182
93 2236
93 2220
93 502
94 1445
94 1757
94 669
95 796
95 910
95 1941
96 782
96 706
96 1781
97 1152
97 831
97 2216
98 971
98 1891
99 1001
99 1654
99 1581
100 1847
100 758
100 1985
101 1884
101 1974
101 127
102 328
102 1641
102 2492
103 1081
103 1898
103 1337
104 926
104 1158
104 2152
105 1137
105 1578
105 788
106 182
106 2223
106 1100
107 980
107 1854
107 2330
108 1380
108 2102
108 1166
109 1743
109 1306
109 2486
110 506
110 1721
110 1602
111 136
111 2202
111 1633
112 739
112 2176
112 1626
113 526
113 584
113 322
114 1249
114 1863
114 1433
115 871
115 2117
115 607
116 2035
116 442
116 1017
117 1020
117 2317
117 335
118 2302
118 1544
118 1271
119 2487
119 2093
119 159
120 2005
120 530
120 2420
121 415
121 380
121 556
122 139
122 2366
122 1248
123 2363
123 669
123 197
124 1807
124 2127
124 972
125 1293
125 1694
125 2284
126 2448
126 2032
126 195
127 1900
127 711
128 366
128 1449
128 1578
129 1975
129 238
129 1366
130 2468
130 154
130 456
131 1093
131 1480
131 1605
132 1428
132 2013
132 1557
133 414
133 1862
133 235
134 1036
134 427
134 256
135 2426
135 276
135 2045
136 993
136 643
137 660
137 794
137 190
138 802
138 2083
138 2296
139 200
139 2019
140 1698
140 1171
140 1858
141 1071
141 1651
142 345
142 1074
142 1807
143 582
143 356
143 1494
144 466
144 2389
144 2454
145 1685
145 2192
145 1144
146 1114
146 396
147 2078
147 1319
147 836
148 1799
148 736
148 564
149 636
149 762
149 1006
150 2392
150 1403
150 1491
151 1731
151 1317
151 973
152 1361
152 2331
152 302
153 541
153 599
154 2140
154 1293
155 1627
155 1580
155 1051
156 2138
156 1812
156 1019
157 305
157 2353
157 294
158 974
158 1877
158 1355
159 1980
159 1520
160 597
160 2070
160 2052
161 294
161 1340
161 615
162 610
162 1772
162 2094
163 2461
163 417
164 1733
164 246
164 626
165 1736
165 1771
166 737
166 686
166 214
167 393
167 1816
167 1654
168 2211
168 891
168 2447
169 1648
169 2158
169 2040
170 239
170 2474
170 1240
171 946
171 173
171 614
172 652
172 2463
172 228
173 2425
173 2443
174 2485
174 1846
174 1715
175 2009
175 1856
175 1331
176 1752
176 2272
176 2386
177 1546
177 297
177 1840
178 1052
178 661
178 1101
179 613
179 641
179 2207
180 1274
180 2462
181 1690
181 408
182 443
182 422
183 1195
183 1959
183 442
184 385
184 630
184 1229
185 1497
185 641
185 633
186 1780
186 1452
186 2481
187 1476
187 596
187 1514
188 1958
188 595
188 809
189 1135
189 976
189 272
190 507
190 1987
191 476
191 2490
191 2229
192 1666
192 2110
192 925
193 792
193 1655
193 798
194 710
194 846
194 761
195 2240
195 1629
196 2000
196 1733
197 754
197 2432
198 1243
198 2172
198 2491
199 469
199 971
199 853
200 2394
200 999
201 747
201 2164
201 435
202 2212
202 1254
203 572
203 863
203 2189
204 1585
204 1662
205 212
205 610
206 1191
206 1112
206 1902
207 1299
207 696
207 2234
208 1192
208 1151
208 231
209 928
209 1096
210 655
210 416
210 1447
211 1626
211 778
211 385
212 1747
212 2280
213 1099
213 1661
213 1287
214 1644
214 1607
215 1776
216 1162
216 880
216 650
217 1753
217 805
217 2452
218 2363
218 1379
218 785
219 858
219 376
219 1699
220 613
220 2165
220 985
221 1991
221 1072
221 875
222 1479
222 998
223 1022
223 1082
223 1530
224 1499
224 1382
224 1511
225 486
225 806
225 1471
226 2249
226 1996
226 1577
227 1676
227 1713
227 430
228 1093
228 1408
229 2176
229 506
229 289
230 1296
230 252
230 773
231 1826
231 715
232 1420
232 395
232 433
233 2263
233 2197
233 904
234 451
234 1841
234 2466
235 1520
235 1464
236 1188
236 2267
237 1610
237 2222
238 2455
238 355
239 1635
239 304
240 2478
240 887
240 1593
241 1523
241 490
241 2155
242 2096
242 2056
242 1517
243 1105
243 1630
243 244
244 2382
245 739
245 1767
245 750
246 2276
246 367
247 1527
247 561
247 464
248 920
248 409
248 1029
249 920
249 395
249 1424
250 1246
250 804
250 403
251 2439
251 2154
252 1812
253 308
253 1924
254 2172
254 2496
254 1569
255 554
255 1581
255 459
256 656
256 372
257 1423
257 399
257 2463
258 1030
258 440
258 1864
259 578
259 1070
260 2274
260 1032
260 1006
261 2240
261 1718
261 772
262 335
262 403
262 1600
263 2023
263 2079
263 520
264 1663
264 1014
264 497
265 1674
265 2422
265 1960
266 1065
266 691
267 2190
267 2215
267 584
268 1972
268 1355
269 851
269 389
270 1123
270 1407
270 1881
271 667
271 1120
271 2222
272 1690
272 1100
273 912
273 1169
273 605
274 1555
274 1920
274 1314
275 420
275 465
275 1428
276 1470
276 411
277 1339
277 2181
277 364
278 1763
278 1920
278 1143
279 2144
279 768
279 1393
280 658
280 728
280 2206
281 791
281 1632
281 1744
282 828
282 2285
282 1005
283 1781
283 1924
283 1377
284 1550
284 581
284 351
285 438
285 2116
285 1856
286 363
286 2376
287 2204
287 1170
287 774
288 783
288 742
288 1516
289 2426
289 410
290 1616
290 1941
290 919
291 938
291 846
291 2236
292 1086
292 1365
292 694
293 1237
293 1764
293 2270
294 431
295 1150
295 2215
295 1457
296 1337
296 1650
296 1061
297 1370
297 1026
298 392
298 973
298 433
299 1537
299 848
299 1201
300 1898
300 1889
300 1372
301 536
301 740
301 1284
302 2012
302 1728
303 2061
303 418
303 488
304 431
304 1536
305 1149
305 440
306 1810
306 1529
306 943
307 2123
307 591
307 1226
308 2058
308 1275
309 751
309 1911
309 1033
310 829
310 1813
310 1571
311 1780
311 1946
311 1497
312 979
312 698
313 1338
313 2300
313 1963
314 1837
314 2390
314 2246
315 602
315 1853
315 1436
316 1682
316 2047
316 2135
317 2426
317 886
317 2376
318 1744
318 1802
318 1527
319 1411
319 1425
319 1904
320 1932
320 2373
320 1623
321 1220
321 1232
321 1042
322 600
322 349
323 649
323 371
323 426
324 1835
324 1418
324 1842
325 1852
325 906
325 2149
326 345
326 2428
327 1406
327 1042
327 1684
328 627
328 1772
329 611
329 2154
329 1790
330 1218
330 1442
330 759
331 2341
331 847
331 649
332 2244
332 535
332 2177
333 770
333 1157
333 896
334 1122
334 2294
335 2231
336 529
336 1979
336 2455
337 2051
337 1010
338 529
338 1899
338 613
339 1830
339 2106
339 1414
340 1691
340 2214
340 1102
341 857
341 980
341 1631
342 1905
342 906
342 1390
343 1227
343 797
343 2068
344 2431
344 732
344 1914
345 949
346 1492
346 1450
346 393
347 1895
347 2415
348 2420
348 1834
348 584
349 1297
349 905
350 1457
350 2175
350 832
351 573
351 729
352 1619
352 1396
352 835
353 663
353 1558
353 1318
354 2484
354 874
354 1073
355 676
355 1573
356 2390
356 1625
357 1269
357 1328
357 1662
358 969
358 2234
358 735
359 1621
359 1843
359 1800
360 1270
360 2451
360 1934
361 2072
361 555
362 1575
362 2293
362 1435
363 2011
363 825
364 999
364 1653
365 1242
365 469
365 1645
366 870
366 559
367 1490
367 1964
368 890
368 2128
368 1558
369 659
369 620
369 923
370 519
370 1304
371 2393
371 1144
372 2231
372 1141
373 868
373 1765
373 952
374 1714
374 1808
374 2327
375 960
375 969
375 1140
376 780
377 1888
377 1498
378 804
378 2261
378 2053
379 1574
379 914
379 982
380 532
380 1436
381 558
381 1850
381 1345
382 1408
382 2282
382 1367
383 2413
383 2089
384 802
384 2082
384 2332
385 443
386 2403
386 1058
386 886
387 901
387 799
387 1825
388 1325
388 1117
388 2319
389 1160
389 1005
390 1347
390 708
390 1143
391 1633
391 2235
392 1312
392 2175
393 1291
394 2219
394 1823
394 2279
395 681
396 1051
397 1511
397 764
397 718
398 1734
398 658
398 826
399 1659
399 1489
400 1430
400 2042
400 934
401 2193
401 1336
401 831
402 1937
402 1313
402 2309
403 1977
404 1460
404 2301
404 728
405 1613
405 1992
405 2214
406 1985
406 577
406 1593
407 664
407 2416
407 1630
408 1469
408 2111
409 1110
409 1805
410 1470
410 2038
411 1302
411 2495
412 813
412 1178
412 1961
413 659
413 528
413 772
414 982
415 1467
415 2239
416 2400
416 2210
417 2059
418 1122
418 1821
419 2481
419 863
419 1876
420 460
420 1345
421 2407
421 1026
421 776
422 1708
422 1463
423 945
423 1058
423 1159
424 588
424 1746
424 1311
425 585
425 1869
425 1495
426 446
426 1505
427 480
427 1473
428 1001
428 716
428 1234
429 1238
429 1551
429 1446
430 1093
430 645
431 2494
432 1233
432 906
432 1756
433 1809
434 1013
434 1588
434 1150
435 683
435 1000
436 1486
436 651
437 474
437 842
437 645
438 1776
438 668
439 1391
439 801
439 767
440 614
441 1644
441 1424
441 845
442 1132
443 2045
444 1986
444 1552
445 2002
445 1814
445 1608
446 2022
446 1078
447 494
447 640
447 634
448 1197
448 1838
448 1027
449 1344
449 1666
450 2135
450 1179
450 2349
451 1069
451 1251
452 2477
452 2120
452 1969
453 2096
453 2298
453 1053
454 1222
454 1002
454 926
455 2322
455 1749
455 1287
456 2274
456 1890
457 2393
457 1709
457 1837
458 1982
458 548
458 2137
459 665
459 734
460 704
461 2355
461 2374
462 974
462 1967
462 592
463 657
463 2024
464 884
465 2205
465 1181
466 759
466 1798
467 1595
467 1472
468 1565
468 2186
469 1544
470 2370
470 1799
470 542
471 1762
471 1931
471 1413
472 908
472 1902
472 813
473 574
473 2129
473 1166
474 627
474 2003
475 1197
475 914
475 941
476 2162
476 866
477 1465
477 731
477 2091
478 1232
478 1784
478 1687
479 2483
479 1426
479 493
480 2387
480 510
481 2146
481 1258
481 1270
482 964
482 2293
482 2317
483 1837
483 1919
483 2405
484 975
484 2180
484 576
485 1239
485 936
485 2169
486 704
486 2085
487 1611
487 1819
488 1013
488 850
489 642
489 896
490 1845
490 1868
491 1667
491 641
492 1860
492 1231
492 1288
493 2338
494 2014
494 1305
495 2158
495 1852
495 1777
496 1383
496 1244
496 2467
497 1969
497 1193
498 544
498 803
498 814
499 658
499 1439
500 2080
500 1933
500 1316
501 2016
501 1321
501 963
502 1392
502 1604
503 1671
503 2314
503 1493
504 1753
504 617
504 1726
505 673
505 743
505 866
506 1977
507 961
507 760
508 739
508 2459
508 1791
509 645
509 2313
509 1389
510 707
510 2215
511 1971
511 1254
511 1479
512 1416
512 2055
512 1850
513 1718
513 2255
514 2291
514 2405
514 1362
515 755
515 833
515 540
516 1870
516 2309
516 1415
517 890
517 2183
517 532
518 2447
518 1535
518 2046
519 2386
520 1326
520 1441
521 1180
521 2218
521 606
522 1611
522 1064
522 1417
523 1900
523 2408
523 1168
524 2338
524 2163
524 2033
525 843
525 2326
525 1112
526 1372
526 1300
527 2460
527 740
527 1300
528 1039
529 2438
530 1219
530 1922
531 1482
531 1771
531 871
532 950
533 835
533 994
533 2132
534 616
534 749
534 608
535 2057
535 2488
536 1237
536 1637
537 1054
537 657
537 2203
538 2271
538 2336
538 1265
539 1910
539 547
539 792
540 2247
541 1923
541 2200
542 1455
542 1172
543 1671
543 1279
543 597
544 2068
544 2027
545 1217
545 1587
545 585
546 2407
546 965
546 693
547 2159
547 1195
548 811
548 575
549 1000
549 1651
549 1808
550 1541
550 1465
550 567
551 2064
551 1547
551 2311
552 836
552 1170
552 1241
553 1474
553 1624
553 927
554 814
554 1268
555 1751
556 996
556 837
557 2098
557 1482
557 1883
558 1613
558 929
559 1507
560 564
560 1181
560 1960
561 1738
561 1453
562 1015
562 1414
563 2085
563 2294
563 732
564 998
565 936
565 2395
565 1360
566 892
566 1989
566 1615
567 605
567 589
568 2248
568 2479
568 2230
569 648
569 1081
569 763
570 1675
570 2273
570 806
571 1102
571 1202
571 1845
572 2165
572 1627
573 849
573 1692
574 714
574 885
575 1011
575 2457
576 2307
576 1199
577 578
577 954
578 1037
579 1656
579 845
580 2278
580 2353
580 1867
581 897
581 1514
582 1023
582 1116
583 1729
583 1788
585 1614
586 2343
586 2017
586 1327
587 802
587 1563
587 859
588 1973
588 1059
589 2433
590 2029
590 1976
590 1759
591 729
592 2473
592 1519
593 2459
593 1997
593 2289
594 643
594 1091
594 1313
595 622
595 1753
596 856
596 695
597 960
598 1176
598 2228
598 830
599 1367
599 1514
600 2117
601 1172
601 1570
601 2308
602 1168
602 1076
603 1999
603 1660
603 2367
604 2195
604 2141
604 2438
605 907
606 2004
606 2303
607 1844
607 987
608 631
608 1703
609 1750
609 2361
610 788
611 1763
612 2355
612 1356
612 1234
614 1314
615 1175
615 882
616 1540
616 2095
617 1399
617 1832
618 1633
618 2058
618 2136
619 1448
619 2439
619 1792
620 1192
620 2163
621 2097
621 1957
621 1770
622 1751
622 1995
623 1248
623 1266
624 1050
624 1316
624 2411
625 2366
625 1957
625 1595
626 1528
626 650
627 1891
628 1658
628 2302
628 1446
629 1817
629 815
629 2296
630 966
630 996
631 2211
631 1606
632 2154
632 687
633 1055
633 1647
634 1702
634 1407
635 995
635 2253
636 790
636 1007
637 1814
637 714
637 1429
638 748
638 2453
638 1738
639 1803
639 1411
639 1677
640 1406
640 2071
642 1174
642 1761
643 1554
644 2048
644 1344
644 2369
646 1783
646 1223
646 1942
647 1531
647 1485
647 1137
648 808
648 1592
649 745
650 1570
651 704
651 824
652 2094
652 679
653 2260
653 1608
654 848
654 730
654 1024
655 1378
655 2075
656 2342
656 2125
657 2097
659 1463
660 878
660 1604
661 718
661 2271
662 2033
662 1283
662 1071
663 701
663 2430
664 1662
664 1094
665 1522
665 984
666 1354
666 1895
666 1714
667 849
667 2026
668 1816
668 2025
669 1052
670 894
670 2183
670 1228
671 1378
671 1677
671 2473
672 1250
672 1836
672 1245
673 2192
674 2186
674 2012
674 1854
675 1435
675 1121
675 2249
676 1457
676 1230
677 1597
677 1919
677 2340
678 908
678 1816
678 2081
679 2344
679 1910
680 2409
680 850
681 2352
681 1568
682 1929
682 786
682 2398
683 1088
683 1173
684 1157
684 2062
684 1403
685 857
685 1739
685 986
686 1146
686 1062
687 2088
687 2133
688 1564
688 1116
688 873
689 2394
689 1049
689 834
690 2413
690 1043
690 1552
691 790
691 2358
692 1327
692 1956
692 1097
693 1286
693 2022
694 1558
694 1627
695 1009
695 1982
696 1054
696 1855
697 725
697 2148
697 1105
698 1969
698 2081
699 1209
699 2368
699 1138
700 846
700 2202
700 1376
701 2401
701 1874
702 753
702 2354
702 1794
703 1936
703 1307
703 2391
705 1441
705 1087
705 1389
706 957
706 1784
707 1424
707 2409
708 997
708 2122
709 1103
709 2362
709 2153
710 1617
710 2179
711 1483
711 2233
712 986
712 2287
712 1527
713 840
713 2263
713 2406
714 1752
715 937
715 2123
716 928
716 2419
717 2088
717 1803
717 2015
718 2331
719 1159
719 1899
719 1846
720 2471
720 1164
720 1400
721 2424
721 2414
721 948
722 1302
722 2305
722 1746
723 2258
723 1508
723 1475
724 1715
724 1224
725 2339
725 913
726 1738
726 2159
727 2069
727 1080
727 2461
728 2345
729 1054
730 1948
730 2031
731 2493
731 2033
732 1340
733 2024
733 1047
733 2386
734 1555
734 2482
735 1189
735 2034
736 2376
736 1332
737 1412
737 962
738 1811
738 2413
738 924
740 1790
741 1930
741 2100
741 1671
742 1955
742 2217
743 1124
743 2111
744 1259
744 921
745 2080
746 934
746 2369
746 1423
747 1371
747 1569
748 2395
748 2000
749 889
749 1533
750 1812
750 1968
751 1335
751 2147
752 2492
752 1824
752 922
753 1585
753 1332
754 1945
755 1364
755 2317
756 1878
756 810
756 1223
757 1142
757 1929
757 1459
758 2470
758 2053
759 911
760 2124
760 815
761 787
761 1053
762 909
762 1078
763 1486
764 2214
764 2003
765 1858
765 1795
765 1073
766 1120
766 1596
766 2061
767 1155
767 989
768 1948
768 1678
769 2498
769 2369
769 1928
770 1079
771 1034
771 2263
771 2397
772 1771
773 1238
773 2123
774 1778
774 2007
775 2471
775 991
776 2124
776 1139
777 1780
777 1642
777 1549
778 1822
778 2403
779 1376
779 1398
779 2210
780 1696
780 1138
781 1321
781 1423
781 1458
782 1792
782 2311
783 2270
783 1853
784 1377
784 862
784 2213
785 1277
785 1811
786 1488
786 1285
787 1984
787 1117
788 1249
789 1513
789 2398
789 2489
790 794
791 2231
792 2224
793 1334
793 1257
793 1357
794 1501
795 1186
795 1343
795 2230
796 1243
796 1405
797 1216
797 1245
798 1088
799 1980
799 879
800 1835
800 957
800 2344
801 1836
801 955
803 1250
803 2228
804 1684
805 2377
805 2268
806 2204
807 1181
807 1021
807 1061
808 2074
808 2137
809 2001
809 1755
810 1267
810 1492
811 1580
811 915
812 2290
812 981
812 2195
813 1707
814 2417
815 1583
816 1696
816 2282
816 1370
817 1679
817 1690
817 1153
818 2269
818 926
818 1571
819 1336
819 1555
820 2346
820 1145
820 1079
821 2286
821 832
821 2141
822 1529
822 925
822 905
823 1942
823 1214
823 2027
824 1712
825 1845
825 1010
826 1597
826 1317
827 880
827 1280
827 1060
828 2334
828 1014
829 1046
829 1844
830 1374
831 865
832 1065
833 1589
833 2421
834 2183
835 1669
837 1385
837 844
838 953
838 1407
838 988
839 1999
839 1562
839 1488
840 1761
840 1309
841 1252
841 1758
841 1818
842 1524
842 1758
843 1496
844 1092
845 1283
847 1815
847 1068
848 2227
849 2265
850 1804
851 2006
851 1145
852 1048
852 1350
852 1420
853 2162
853 2131
854 1450
854 1089
854 1309
855 1896
855 2276
855 2015
856 1011
856 869
857 1637
858 1304
858 2391
859 1614
859 1126
860 2213
860 2217
860 1412
861 1315
861 1769
861 1048
862 1967
862 2421
863 1391
864 1706
864 2292
864 1886
865 1833
865 1592
866 2357
867 1028
867 1525
867 1516
868 1308
868 1116
869 2160
869 2041
870 1697
870 1950
871 2125
872 1382
872 1804
872 1257
873 1387
873 1360
875 2414
875 1473
876 1791
876 2174
877 2453
877 2130
878 1358
878 2034
879 2487
879 1290
880 1926
881 1411
881 1927
881 1272
882 1716
882 1804
883 1874
883 2116
883 1998
884 1860
884 1643
885 1542
885 994
886 1975
887 1992
887 1721
888 1162
888 2064
888 2437
889 1146
890 1939
891 2383
891 2456
892 1751
892 1312
893 2304
893 1798
894 2278
894 918
895 1120
895 1564
895 1412
896 1479
897 2102
897 2086
898 2102
898 1238
898 1007
899 2105
899 2029
899 1422
900 1717
900 1389
900 1931
901 2450
902 2252
902 1440
902 1133
903 1866
903 2009
903 934
904 2373
904 939
905 1160
907 2108
907 1591
908 1653
909 2411
909 2164
910 2378
910 1533
911 1129
912 2049
912 2359
913 1499
913 950
914 1305
915 1720
916 1975
916 2387
916 1033
917 1125
917 2384
917 1461
918 1510
918 1285
919 2245
919 2158
920 2368
921 2077
921 2107
922 1945
922 2193
923 2288
923 2324
924 1992
924 1265
925 1502
927 2210
927 1123
928 1362
929 1999
929 1225
930 2238
930 2320
930 1439
931 1034
931 1724
931 2343
932 1774
932 1095
932 1745
933 2015
933 2262
935 1373
935 1335
936 2316
937 2246
937 1908
938 1723
938 2341
939 961
939 1294
940 1680
940 1087
940 2103
941 1870
941 2233
942 1913
942 1990
942 1255
943 1970
943 1001
944 2209
944 1250
944 1186
945 2261
945 1095
946 1554
946 1579
947 1308
947 2435
947 962
948 2282
948 1590
949 1288
949 971
950 1580
951 1970
951 1699
951 2462
952 1701
952 1153
953 2272
953 1030
954 1602
954 2406
955 2398
955 1332
956 1993
956 1419
956 1119
957 1732
958 1369
958 1182
958 2321
959 2068
959 2246
959 1204
960 1066
961 2301
962 1043
963 1588
963 1917
964 1487
964 2041
965 1176
965 1612
966 2456
966 1207
967 1298
967 2035
967 1706
968 1909
968 2126
968 1368
969 2385
970 2052
970 2266
972 1415
972 2027
973 1979
974 2251
975 1825
975 1478
976 1489
977 2197
977 2067
977 2157
978 1036
978 2350
979 1177
979 1588
980 1147
981 1904
981 1901
982 1793
983 1257
983 1547
983 1956
984 1528
984 2299
985 1560
985 1098
986 1251
987 1887
987 2488
988 1066
988 1962
989 1643
989 1070
990 1793
990 1684
990 1756
991 1569
991 2070
992 2336
992 1874
992 1170
993 1663
994 1261
995 1322
995 2017
996 2028
997 1268
997 1272
998 2320
999 1110
1000 1267
1002 1761
1002 1727
1003 1017
1003 1624
1004 1577
1004 2170
1004 1286
1005 2126
1006 1525
1007 1834
1008 2145
1008 1947
1008 1014
1009 1828
1009 1867
1010 2092
1011 2181
1012 1394
1012 1963
1012 1779
1013 1940
1015 1827
1015 1775
1016 2257
1016 2439
1016 1310
1017 1635
1018 1503
1018 1889
1018 2229
1019 1427
1019 2136
1020 2063
1020 1109
1021 1770
1021 2359
1022 2118
1022 2486
1023 2242
1023 2371
1024 1381
1024 1488
1025 2342
1025 1455
1025 1865
1026 1719
1027 2493
1027 1611
1028 1386
1028 1060
1029 2145
1030 2067
1031 1618
1031 1044
1031 1215
1032 1113
1032 2142
1033 2237
1034 1765
1035 1106
1035 2147
1035 2114
1036 1921
1037 2374
1037 1946
1038 1248
1038 2039
1038 1175
1039 1462
1039 1875
1040 1748
1040 1872
1040 2085
1041 2034
1041 2421
1041 1628
1042 1901
1043 2043
1044 1385
1044 1319
1045 1309
1045 2371
1045 2185
1046 1056
1046 1053
1047 1794
1047 1076
1049 1658
1050 1544
1051 1355
1052 1597
1055 2476
1055 2127
1056 2264
1057 1516
1057 1619
1057 1808
1058 1599
1059 1251
1059 1431
1060 1926
1061 2305
1062 1649
1062 1381
1063 1342
1063 1081
1063 2306
1064 2380
1064 2143
1066 1263
1067 1301
1067 1459
1067 1584
1068 1704
1068 1665
1069 1452
1069 2016
1070 1439
1071 1162
1072 1881
1072 2037
1073 1652
1074 2226
1075 1651
1075 1850
1075 2194
1076 1353
1077 1673
1077 2291
1077 1165
1078 2364
1079 2290
1080 1191
1080 2177
1082 2151
1082 1372
1083 1792
1083 2480
1083 2106
1084 1646
1084 1282
1084 1128
1085 1088
1085 1388
1085 1983
1086 2259
1086 1581
1087 1512
1089 1950
1089 2418
1090 1469
1090 1748
1090 1135
1091 2332
1091 1749
1092 1442
1092 2436
1094 1697
1094 2429
1096 2277
1096 1386
1097 1131
1097 2344
1098 1711
1098 2188
1099 2391
1099 1990
1100 1841
1101 2308
1101 2113
1102 1115
1103 2008
1103 1585
1104 1853
1104 2200
1104 1587
1105 2232
1106 1759
1106 1410
1107 2149
1107 1281
1107 2416
1108 2310
1108 1818
1108 2163
1109 2166
1109 2084
1110 1674
1111 1773
1111 2492
1111 1921
1112 2086
1113 1180
1113 1185
1114 2314
1114 1847
1115 1193
1115 2402
1117 2337
1118 1701
1118 2198
1119 1868
1119 1552
1121 2262
1121 2011
1122 1865
1123 1409
1124 2150
1124 2152
1125 2091
1125 1543
1126 1563
1126 1716
1127 2451
1127 1492
1127 1262
1128 2324
1128 2250
1129 1399
1129 1378
1130 2359
1130 1303
1130 1418
1131 1631
1131 1873
1132 1426
1132 2465
1133 2347
1133 1519
1134 1539
1134 2489
1134 2302
1135 1159
1136 1548
1136 1331
1136 1961
1137 1538
1138 1229
1139 1157
1139 2482
1140 1259
1140 2045
1141 1579
1141 2494
1142 2044
1142 1894
1143 1155
1144 2199
1145 2120
1146 1310
1147 2267
1147 1869
1148 1679
1148 1384
1148 2335
1149 1736
1149 1981
1150 2053
1151 1637
1151 2366
1152 1306
1152 2356
1153 2240
1154 2140
1154 2360
1154 1161
1155 1167
1156 1756
1156 2442
1156 2388
1158 1760
1158 1741
1160 1505
1161 2213
1161 1534
1163 1576
1163 2078
1163 2464
1164 1907
1164 1535
1165 1593
1166 2329
1167 1445
1167 2412
1168 2062
1169 2307
1169 2382
1171 1722
1171 1779
1172 1767
1173 1601
1173 1329
1174 1596
1174 2121
1175 1873
1176 2277
1177 1289
1177 1789
1178 2038
1179 1247
1179 2428
1180 1485
1182 1652
1182 1524
1183 1774
1183 2296
1183 1944
1184 1223
1184 1734
1184 1802
1185 2283
1185 1559
1186 1672
1187 2020
1187 2191
1187 1232
1188 2278
1188 2225
1189 1328
1189 2419
1190 2495
1190 1873
1190 2458
1191 1980
1192 1249
1193 1382
1194 1324
1194 1820
1194 2256
1195 1235
1196 1974
1196 1410
1196 2318
1197 1221
1198 1700
1198 2449
1198 1727
1199 1879
1199 1200
1200 2003
1200 1760
1201 1400
1201 2051
1202 1466
1202 2444
1203 2089
1203 1413
1204 1784
1204 2225
1205 1233
1205 2238
1205 2348
1206 1228
1206 1371
1206 1452
1207 2353
1207 1723
1208 2293
1208 2351
1208 2265
1209 1264
1209 1299
1210 2270
1210 1609
1210 1857
1211 1531
1211 1575
1212 1839
1212 2460
1212 1337
1213 1695
1213 1443
1213 1438
1214 1576
1214 2047
1215 1703
1215 2446
1216 2334
1216 1421
1217 1301
1217 1304
1218 1907
1218 1609
1219 2258
1219 2161
1220 1787
1220 2303
1221 2474
1221 1609
1222 1740
1222 1817
1224 2212
1224 1556
1225 1681
1225 1968
1226 1268
1226 1385
1227 1680
1228 2340
1229 2174
1230 1745
1231 1768
1231 1954
1233 1717
1234 2020
1235 1886
1236 2441
1236 2212
1236 2018
1237 2401
1239 1473
1240 2241
1240 2327
1241 1958
1241 1401
1242 1329
1242 2303
1243 2122
1244 1672
1244 2175
1245 1266
1246 2006
1246 1659
1247 1458
1247 1977
1252 1849
1252 1864
1253 1505
1253 1867
1253 1594
1254 1942
1255 1661
1256 1854
1256 1991
1256 1754
1258 2430
1258 1829
1259 2066
1260 1319
1260 2171
1260 1566
1261 1583
1261 2205
1262 1375
1262 2404
1263 1496
1263 1500
1264 2306
1264 1539
1265 1572
1266 1927
1267 1464
1269 1396
1269 2047
1270 2274
1271 2040
1272 1582
1273 1438
1273 2083
1273 2006
1274 2162
1274 1823
1275 2428
1276 1641
1276 2133
1276 2100
1277 2281
1277 2065
1278 1433
1278 1482
1278 1727
1279 1518
1279 2406
1280 1429
1280 2112
1281 2083
1281 1922
1282 2129
1282 1843
1283 1949
1284 1520
1284 1348
1285 1746
1286 1984
1287 1325
1288 1769
1289 1962
1289 2337
1290 2422
1290 2264
1291 1937
1291 1976
1292 1965
1292 2101
1292 1431
1293 2139
1294 1695
1294 1521
1295 2423
1295 1832
1296 2261
1296 1556
1297 2099
1297 1429
1298 1326
1298 2222
1299 1440
1300 2131
1301 2101
1302 1785
1303 2093
1305 2361
1306 2011
1307 1978
1307 1951
1308 2224
1310 1519
1311 2005
1312 1477
1313 2052
1315 1352
1316 1772
1317 2397
1318 2348
1318 2347
1320 1925
1320 2169
1320 2070
1321 2105
1322 1617
1322 1499
1323 1530
1323 1855
1323 1831
1324 1995
1325 2481
1326 2132
1327 1785
1328 1884
1329 1612
1330 1726
1330 1794
1330 1915
1331 1954
1333 2349
1333 2119
1333 1513
1334 1702
1334 1560
1335 2156
1336 2243
1338 1925
1338 1905
1339 2103
1340 1715
1341 2135
1341 1645
1342 2477
1342 2370
1343 2313
1343 2441
1344 1782
1345 1669
1346 2470
1346 1622
1346 2339
1347 1711
1347 1626
1348 1350
1348 1728
1349 1649
1349 1561
1350 1397
1351 1621
1351 1879
1351 2254
1352 2219
1352 1958
1353 1704
1354 1782
1354 1574
1356 1900
1356 2067
1358 1603
1359 1913
1359 1543
1360 1880
1361 1534
1361 1542
1363 2051
1363 2098
1363 2475
1364 1625
1364 1858
1365 1535
1365 2329
1366 1632
1366 2416
1367 1470
1368 1732
1368 2107
1369 1550
1369 2260
1370 1779
1371 1750
1373 1602
1374 1846
1374 2024
1375 2196
1375 2429
1376 2484
1379 2368
1379 1677
1380 2473
1381 1923
1383 1917
1383 1490
1384 1475
1384 1817
1386 2218
1387 1655
1387 2450
1388 2150
1390 1762
1390 1612
1391 1668
1392 1398
1392 1896
1393 2449
1393 2200
1394 2243
1394 1663
1395 1480
1396 1640
1397 1750
1397 1938
1398 2470
1400 2116
1401 2358
1401 1883
1402 2399
1402 1749
1402 2094
1403 1849
1404 2153
1404 1435
1404 1667
1405 1946
1405 1653
1408 2096
1409 2449
1410 1710
1413 2259
1414 1471
1415 1908
1416 1928
1416 1773
1417 1621
1417 1906
1418 2475
1419 2108
1419 2073
1420 2137
1421 2315
1421 2351
1422 2297
1422 1743
1425 2193
1425 2404
1426 1695
1427 1490
1427 2372
1428 1730
1430 2111
1430 2170
1431 1645
1432 1582
1432 2136
1432 1500
1433 1574
1434 1981
1434 1725
1434 2245
1436 2433
1437 2192
1437 2251
1438 2325
1440 2221
1441 2434
1442 1888
1443 2187
1443 2046
1444 2351
1444 2288
1445 2433
1446 2069
1447 1734
1447 1475
1448 1907
1449 1476
1450 1670
1451 1943
1451 1691
1451 1820
1453 2008
1453 1774
1454 1822
1454 2399
1454 1887
1455 2290
1456 1735
1456 2434
1456 2420
1458 1843
1459 1838
1460 1860
1460 2022
1461 2164
1461 2211
1462 1498
1462 1699
1463 2071
1464 1493
1465 2325
1466 2065
1466 1885
1467 2025
1467 1730
1468 2151
1468 1988
1469 1683
1471 2148
1472 1680
1472 1982
1474 2309
1476 1800
1477 2170
1477 2269
1478 1778
1478 1614
1480 2184
1481 1877
1481 1523
1481 2187
1483 1935
1483 1617
1484 1578
1484 1767
1484 1841
1485 2364
1486 2057
1487 2325
1487 2143
1489 1618
1491 2092
1493 2141
1494 2367
1494 1994
1495 1704
1495 2066
1496 1998
1497 1740
1498 2100
1500 2281
1501 2203
1501 2294
1502 1657
1502 1572
1503 1857
1503 1903
1504 2455
1504 2466
1504 1944
1506 2021
1506 2161
1506 1810
1507 1963
1508 2037
1508 1851
1509 2223
1509 1839
1509 1989
1510 2332
1511 1879
1512 1762
1513 2104
1515 2438
1515 2401
1515 2226
1517 2160
1518 2188
1518 1848
1521 2357
1522 1549
1523 2304
1524 1859
1525 2118
1526 2065
1526 1613
1528 2099
1530 1755
1531 2255
1532 2260
1532 1741
1532 2336
1533 1642
1534 2056
1536 2167
1536 2434
1537 1594
1537 2320
1538 2109
1538 1964
1539 2489
1540 1996
1540 1644
1541 1911
1541 1748
1542 2431
1543 2480
1545 1826
1545 1943
1545 2452
1546 1897
1546 2026
1547 1634
1548 1571
1548 1947
1550 1827
1551 1910
1551 1989
1553 1966
1553 1806
1553 2209
1554 2374
1556 2440
1557 1826
1557 1865
1559 2188
1559 1668
1560 2363
1561 1801
1561 1847
1562 2005
1562 2381
1563 1824
1564 2408
1565 1636
1566 1933
1566 2299
1567 2174
1567 2375
1567 2233
1568 2328
1568 2168
1570 2090
1572 1657
1573 1911
1573 2333
1575 1818
1576 1878
1577 1783
1579 1919
1582 2050
1583 1632
1584 1667
1584 2242
1586 2487
1586 2444
1586 1897
1587 2310
1589 2372
1589 2219
1590 1947
1590 1700
1591 1754
1591 1842
1592 1793
1594 2275
1596 2032
1598 2112
1598 2049
1599 2361
1599 2254
1600 1648
1601 2025
1601 2445
1603 1755
1604 1685
1605 1806
1605 1777
1606 1827
1606 1988
1607 2279
1607 2465
1608 2479
1610 1639
1610 2007
1615 1988
1615 1857
1616 1668
1616 2043
1618 1744
1619 2048
1620 1863
1620 1686
1620 1700
1622 2250
1622 2472
1623 1782
1623 2380
1624 2117
1625 2057
1628 2018
1628 2002
1629 2474
1631 1698
1634 2330
1634 2190
1635 2000
1636 1937
1636 2071
1638 1838
1638 1820
1638 2023
1639 2168
1639 2079
1640 2388
1640 1861
1641 2397
1642 2018
1643 1872
1646 2402
1646 2104
1647 2114
1647 1955
1648 1930
1650 2266
1650 1917
1652 2066
1654 1786
1655 2357
1656 2379
1657 2432
1658 2191
1659 1968
1660 1789
1660 2319
1661 2187
1664 1689
1664 2144
1664 2365
1665 2285
1665 2322
1666 2442
1669 2138
1670 1909
1673 1811
1673 2101
1674 2328
1675 1688
1676 1915
1676 2197
1678 2377
1678 2082
1679 2087
1681 2181
1681 1743
1682 2167
1683 2194
1683 2095
1685 1688
1686 1786
1686 1974
1687 1990
1688 2173
1689 2147
1689 1763
1691 2499
1692 2390
1692 2284
1693 2427
1693 2471
1693 2124
1694 2446
1694 1719
1696 2039
1697 2207
1698 1936
1701 2295
1702 2442
1703 2026
1705 1725
1705 2418
1705 1799
1706 1717
1707 2358
1707 2465
1708 1742
1708 2375
1709 1885
1709 2010
1710 1737
1710 2113
1711 1831
1712 2168
1712 2379
1713 1934
1713 2156
1716 2312
1718 1830
1719 2050
1720 2452
1720 1840
1721 2411
1722 2165
1722 1973
1723 2479
1724 1918
1724 2268
1725 2436
1729 1972
1729 2076
1730 2255
1731 2423
1733 2483
1735 2253
1735 1739
1737 2440
1737 2494
1739 2159
1740 1796
1741 2173
1742 2104
1742 2408
1745 2036
1747 2144
1747 2310
1754 1956
1757 2021
1758 1888
1759 1899
1760 1875
1764 2341
1764 2347
1765 2370
1766 1953
1766 1893
1766 2204
1768 2362
1768 2335
1770 2448
1775 2037
1775 2396
1776 2403
1777 2257
1778 1972
1781 1892
1783 2291
1785 2021
1787 2490
1788 2248
1788 1819
1791 2298
1795 1894
1796 1965
1796 2202
1797 2384
1797 2243
1797 2248
1798 1882
1800 1893
1801 2182
1801 2345
1802 2208
1803 2402
1805 2352
1805 2437
1806 2209
1807 1933
1809 2469
1810 2217
1813 2063
1813 1868
1814 2155
1821 2425
1822 2157
1823 2498
1824 2354
1825 2295
1828 2340
1828 1914
1829 2050
1829 2472
1831 2497
1832 2365
1833 1939
1833 1896
1834 2221
1835 2409
1836 2171
1839 1983
1842 2236
1844 2356
1848 2121
1848 1903
1849 1978
1851 2130
1851 2410
1852 2032
1855 2073
1856 2454
1859 1960
1859 2218
1861 2198
1862 2115
1862 1971
1863 2446
1864 2160
1866 2423
1869 2077
1870 2308
1871 2019
1871 2262
1871 2286
1872 2300
1875 2468
1876 2364
1876 2155
1878 1922
1880 2443
1881 2424
1882 2297
1882 2277
1883 2427
1884 1921
1886 2281
1887 2087
1889 2224
1890 2223
1890 2407
1891 2004
1892 2440
1892 2061
1893 1994
1894 2072
1895 2372
1898 2251
1901 2382
1902 2298
1903 2086
1904 2082
1905 2242
1906 2076
1908 1961
1909 2203
1912 2259
1912 2327
1912 2334
1913 1959
1914 2080
1915 1973
1916 2410
1916 1950
1918 2297
1918 2315
1923 2383
1924 2058
1925 2273
1926 2400
1927 2254
1928 2373
1929 2239
1930 2238
1931 2019
1932 1991
1932 1943
1934 2283
1935 2189
1935 2184
1938 2234
1938 2456
1939 2339
1940 2371
1940 2229
1941 2469
1944 1952
1945 2384
1949 2431
1949 2300
1951 2441
1951 2252
1952 2074
1952 2142
1953 2350
1953 2319
1954 1993
1955 2020
1957 2091
1959 1997
1962 2345
1965 2073
1966 2493
1967 2235
1970 2315
1971 1979
1976 2131
1978 2241
1981 2311
1983 2150
1984 2180
1985 2216
1986 2064
1986 2140
1987 2046
1993 2201
1994 2060
1995 2055
1996 2295
1997 2169
1998 2275
2001 2142
2001 2199
2002 2207
2004 2393
2007 2179
2008 2122
2009 2321
2010 2330
2010 2412
2012 2196
2013 2093
2014 2292
2016 2099
2023 2288
2028 2106
2029 2089
2030 2206
2030 2462
2030 2103
2031 2454
2035 2039
2036 2313
2036 2475
2038 2450
2041 2184
2042 2316
2042 2283
2044 2221
2044 2237
2048 2138
2049 2301
2054 2485
2054 2148
2055 2346
2059 2314
2059 2435
2060 2333
2060 2247
2062 2237
2063 2381
2069 2265
2072 2497
2074 2464
2075 2415
2075 2235
2076 2338
2077 2349
2078 2194
2079 2367
2081 2436
2084 2289
2084 2152
2087 2112
2088 2385
2090 2115
2090 2127
2092 2491
2095 2199
2097 2198
2098 2173
2107 2177
2108 2324
2109 2178
2110 2378
2113 2419
2114 2244
2115 2292
2118 2232
2119 2189
2119 2457
2120 2206
2121 2477
2128 2418
2129 2305
2130 2239
2132 2171
2133 2482
2134 2331
2134 2346
2139 2415
2143 2383
2145 2422
2146 2280
2146 2392
2149 2380
2151 2387
2153 2190
2166 2321
2166 2326
2167 2227
2172 2178
2176 2284
2179 2220
2180 2232
2182 2461
2185 2337
2186 2245
2195 2458
2196 2226
2201 2375
2205 2343
2208 2447
2216 2499
2220 2488
2227 2275
2228 2425
2230 2453
2241 2286
2244 2329
2247 2306
2249 2385
2250 2279
2252 2362
2253 2496
2256 2285
2256 2365
2257 2379
2258 2328
2264 2268
2266 2312
2267 2323
2269 2497
2271 2483
2272 2443
2273 2392
2287 2417
2287 2430
2289 2355
2299 2459
2304 2417
2307 2499
2312 2495
2318 2360
2318 2323
2322 2389
2323 2326
2342 2389
2348 2448
2350 2429
2352 2478
2356 2405
2381 2469
2394 2410
2396 2476
2396 2445
2399 2460
2400 2414
2424 2464
2427 2466
2444 2467
2451 2458
2457 2480
2463 2498
2472 2496
2478 2486
2484 2485
