0 37
0 21
0 1933
1 708
1 2441
1 83
2 1097
2 1982
2 1893
3 1562
3 1080
3 123
4 2203
4 1617
4 2978
5 894
5 69
5 2958
6 2093
6 476
6 422
7 512
7 2177
7 2610
8 1510
8 2726
8 1472
9 2041
9 362
9 352
10 1905
10 1843
10 2251
11 186
11 2535
11 1346
12 1209
12 2886
12 1420
13 2603
13 1919
13 995
14 1713
14 1607
14 2482
15 689
15 2590
15 1873
16 2245
16 2663
16 2236
17 1311
17 77
17 2572
18 1905
18 396
18 1876
19 1352
19 262
19 2760
20 1802
20 2495
20 959
21 345
21 999
22 2089
22 1016
22 1050
23 1854
23 2615
23 1785
24 2874
24 98
24 1380
25 2508
25 1969
25 177
26 2864
26 2517
26 2098
27 1711
27 624
27 459
28 568
28 1288
28 2246
29 2816
29 2448
29 2679
30 1892
30 2278
30 2018
31 510
31 671
31 1766
32 640
32 2494
32 977
33 461
33 113
33 1356
34 1350
34 2587
34 1517
35 2140
35 2890
35 940
36 1088
36 1918
36 1240
37 2998
37 545
38 384
38 109
38 905
39 802
39 671
39 2439
40 2915
40 1835
40 2682
41 2234
41 2358
41 863
42 1003
42 180
42 2872
43 2550
43 249
43 1851
44 927
44 1250
44 1802
45 2683
45 2291
45 164
46 1072
46 2859
46 1031
47 2779
47 99
47 1819
48 2106
48 1144
48 2436
49 2745
49 1424
49 808
50 1951
50 1986
50 2900
51 2605
51 2362
51 1787
52 1156
52 2492
52 1291
53 2268
53 1213
53 57
54 211
54 2282
54 1508
55 1904
55 2549
55 1593
56 2424
56 2047
56 1245
57 979
57 2502
58 1685
58 1401
58 2051
59 1203
59 2762
59 474
60 100
60 1149
60 2849
61 2627
61 1416
61 1579
62 2673
62 2456
62 2294
63 436
63 1630
63 632
64 2784
64 793
64 2579
65 2162
65 2476
65 475
66 979
66 1423
66 1887
67 308
67 1810
67 2032
68 1002
68 773
68 929
69 502
69 637
70 2102
70 831
70 1319
71 1381
71 654
71 1629
72 440
72 574
72 875
73 131
73 2876
73 1063
74 1041
74 2221
74 1196
75 1192
75 1684
75 132
76 692
76 508
76 765
77 912
77 728
78 159
78 1385
78 2807
79 355
79 576
79 143
80 1114
80 464
80 401
81 1747
81 2652
81 2900
82 802
82 2127
82 346
83 1001
83 705
84 2330
84 1003
84 675
85 2378
85 1893
85 1815
86 2177
86 1280
86 302
87 2733
87 1764
87 785
88 1851
88 687
88 207
89 243
89 1744
89 489
90 226
90 1394
90 414
91 602
91 509
91 191
92 2471
92 2000
92 2575
93 1190
93 2478
93 1143
94 1073
94 1032
94 1341
95 2363
95 2796
95 2828
96 1723
96 864
96 340
97 216
97 449
97 495
98 2770
98 2325
99 989
99 2237
100 1742
100 875
101 2247
101 1493
101 1979
102 2231
102 853
102 1591
103 1914
103 2436
103 1179
104 2392
104 1907
104 2616
105 2598
105 1132
105 924
106 362
106 1228
106 987
107 758
107 2066
107 701
108 995
108 722
108 2321
109 2311
109 2632
110 2205
110 2538
110 2464
111 1662
111 1464
111 2501
112 401
112 347
112 270
113 2928
113 1934
114 1714
114 1916
114 1116
115 1948
115 1048
115 1821
116 2675
116 881
116 1279
117 1803
117 2917
117 2335
118 428
118 1046
118 2905
119 1494
119 1191
119 850
120 1552
120 1038
120 2069
121 2101
121 2431
121 1923
122 913
122 1291
122 1117
123 1563
123 2670
124 1851
124 1822
124 1878
125 2397
125 1628
125 288
126 346
126 2949
126 481
127 686
127 624
127 1918
128 2217
128 226
128 1321
129 2975
129 2006
129 625
130 2033
130 1061
130 1833
131 678
131 1796
132 139
132 2981
133 747
133 2096
133 2704
134 2887
134 2420
134 1827
135 1207
135 271
135 323
136 1398
136 472
136 519
137 1916
137 2165
137 318
138 1093
138 2427
138 718
139 1230
139 2642
140 2756
140 1511
140 1945
141 222
141 1812
141 2903
142 1633
142 1206
142 1853
143 2751
143 450
144 277
144 2841
144 992
145 1393
145 998
145 2742
146 1114
146 893
146 1447
147 1511
147 1579
147 1425
148 487
148 776
148 227
149 1947
149 2800
149 1460
150 289
150 2200
150 1786
151 504
151 473
151 1234
152 1769
152 381
152 2792
153 2536
153 1131
153 2697
154 332
154 1425
154 172
155 437
155 381
155 1588
156 947
156 2441
156 2499
157 2832
157 1349
157 1263
158 386
158 906
158 1013
159 645
159 503
160 2394
160 2925
160 812
161 1316
161 2755
161 2118
162 597
162 2990
162 1836
163 1540
163 1598
163 818
164 1238
164 252
165 1585
165 184
165 174
166 2749
166 1409
166 2734
167 283
167 407
167 2450
168 1444
168 2814
168 1645
169 2177
169 720
169 1006
170 2811
170 488
170 823
171 2690
171 700
171 2332
172 2150
172 380
173 1417
173 2322
173 1376
174 2390
174 911
175 1469
175 925
175 1850
176 1447
176 2653
176 2169
177 1254
177 2501
178 1136
178 1154
178 1562
179 448
179 2014
179 1657
180 2354
180 1332
181 2153
181 288
181 1410
182 1305
182 1983
182 1657
183 2716
183 240
183 1910
184 884
184 1782
185 1946
185 2578
185 744
186 516
186 2624
187 1136
187 2228
187 2155
188 1943
188 300
188 701
189 779
189 872
189 846
190 958
190 1283
190 1008
191 699
191 1980
192 1081
192 2597
192 1615
193 2237
193 1128
193 2214
194 1661
194 2556
194 2513
195 1876
195 2155
195 2521
196 2850
196 681
196 1403
197 1064
197 812
197 2956
198 2706
198 917
198 222
199 836
199 2676
199 1765
200 2638
200 658
200 1227
201 1486
201 413
201 2256
202 1571
202 2091
202 437
203 543
203 1978
203 1715
204 330
204 1995
204 2232
205 357
205 2951
205 2414
206 1931
206 1899
206 2996
207 1203
207 2714
208 1457
208 917
208 1601
209 2189
209 546
209 1650
210 1335
210 1441
210 1487
211 2594
211 2121
212 2259
212 2949
212 2226
213 1151
213 1434
213 1315
214 216
214 2398
214 2543
215 661
215 2393
215 2504
216 2639
217 2515
217 1733
217 2376
218 2852
218 570
218 500
219 1606
219 1797
219 2459
220 2558
220 855
220 1561
221 2711
221 2789
221 2837
222 2440
223 1840
223 1513
223 1997
224 830
224 800
224 1874
225 644
225 2715
225 2168
226 1788
227 1931
227 1475
228 831
228 932
228 431
229 867
229 2707
229 2413
230 1343
230 1167
230 1393
231 312
231 336
231 405
232 2279
232 2691
232 2384
233 914
233 2767
233 508
234 2570
234 1146
234 2298
235 1464
235 511
235 1681
236 651
236 355
236 2342
237 2490
237 786
237 369
238 1495
238 359
238 2704
239 1397
239 2797
239 1981
240 1035
240 379
241 2581
241 1602
241 604
242 2485
242 1868
242 2698
243 1379
243 299
244 1448
244 317
244 2402
245 1733
245 586
245 1584
246 403
246 1710
246 477
247 984
247 2424
247 2560
248 2349
248 1740
248 1258
249 1990
249 1806
250 980
250 841
250 2672
251 876
251 328
251 1039
252 1470
252 1636
253 1509
253 627
253 2793
254 2865
254 2111
254 2860
255 1458
255 2310
255 1972
256 2449
256 2794
256 1239
257 306
257 1333
257 2588
258 677
258 2884
258 1619
259 2923
259 1138
259 2972
260 679
260 492
260 1133
261 788
261 2552
261 2160
262 2664
262 452
263 1198
263 2371
263 1459
264 1294
264 703
264 2248
265 2696
265 1993
265 1356
266 1723
266 1695
266 404
267 2514
267 1522
267 1754
268 1660
268 1146
268 1788
269 1143
269 600
269 975
270 684
270 1898
271 443
271 272
272 662
272 2582
273 1825
273 1239
273 307
274 2143
274 477
274 1749
275 2568
275 1182
275 773
276 2803
276 1317
276 1970
277 1479
277 2057
278 1237
278 2405
278 1197
279 1486
279 1963
279 1236
280 578
280 2534
280 729
281 1388
281 1839
281 1586
282 1465
282 1932
282 2935
283 2564
283 1005
284 2802
284 2406
284 2300
285 814
285 826
285 2127
286 856
286 1870
286 2209
287 2437
287 1757
287 867
288 698
289 2854
289 1263
290 2074
290 2989
290 2329
291 1844
291 2643
291 1563
292 465
292 399
292 2199
293 2827
293 2917
293 1521
294 1386
294 2877
294 2425
295 2881
295 1992
295 2335
296 2939
296 1715
296 1632
297 580
297 998
297 1776
298 717
298 2253
298 1601
299 2133
299 1156
300 2240
300 888
301 2283
301 960
301 1051
302 1888
302 1504
303 2158
303 738
303 2119
304 1353
304 2283
304 742
305 2633
305 2526
305 2793
306 2780
306 634
307 1680
307 1366
308 414
308 458
309 875
309 1793
309 339
310 2612
310 651
310 1302
311 1047
311 1248
311 1000
312 2740
312 629
313 372
313 1534
313 1501
314 2829
314 2544
314 860
315 1805
315 1456
315 552
316 2201
316 1536
316 2151
317 879
317 1069
318 2566
318 1062
319 2358
319 840
319 1503
320 1189
320 2360
320 2715
321 1904
321 1652
321 2372
322 2780
322 970
322 1845
323 2055
323 470
324 617
324 1040
324 1010
325 1259
325 915
325 913
326 2894
326 1179
326 642
327 1654
327 2533
327 1554
328 2749
328 997
329 923
329 814
329 950
330 1116
330 1789
331 1320
331 1509
331 1688
332 1915
332 1672
333 2396
333 2198
333 456
334 1730
334 2318
334 2880
335 2928
335 1025
335 1843
336 883
336 1395
337 2076
337 1184
337 1726
338 851
338 1785
338 427
339 2345
339 971
340 1679
340 648
341 585
341 1603
341 1770
342 441
342 2736
342 2259
343 2307
343 742
343 969
344 520
344 1119
344 2347
345 500
345 821
346 1748
347 1643
347 663
348 434
348 2953
348 883
349 788
349 623
349 1050
350 388
350 1141
350 999
351 2931
351 2507
351 1824
352 2109
352 1369
353 1072
353 1227
353 1318
354 1247
354 2891
354 898
355 2105
356 672
356 2692
356 796
357 502
357 1440
358 2987
358 2166
358 2498
359 1701
359 459
360 2856
360 2012
360 1362
361 1985
361 1053
361 558
362 382
363 2764
363 621
363 1257
364 2301
364 1413
364 2227
365 1921
365 557
365 2686
366 2782
366 2554
366 2866
367 2293
367 2395
367 1835
368 2934
368 2008
368 1455
369 2160
369 862
370 1099
370 1443
370 775
371 2800
371 2957
371 1935
372 1456
372 2767
373 1265
373 695
373 2617
374 2438
374 2330
374 2951
375 2661
375 1381
375 2699
376 1882
376 2156
376 1817
377 1801
377 2740
377 2873
378 2167
378 2686
378 1157
379 2594
379 682
380 2499
380 1684
381 2273
382 391
382 1948
383 1673
383 564
383 414
384 1791
384 2210
385 405
385 1929
385 881
386 1546
386 2295
387 535
387 2300
387 2010
388 1884
388 440
389 2822
389 1924
389 2914
390 2238
390 979
390 1971
391 838
391 2318
392 520
392 1743
392 2868
393 1977
393 2592
393 1062
394 1856
394 2795
394 1849
395 2644
395 1848
395 670
396 1086
396 2633
397 2379
397 501
397 1605
398 2442
398 1298
398 1014
399 2147
399 1884
400 2004
400 1173
400 2344
401 873
402 1092
402 1899
402 2265
403 2680
403 962
404 928
404 1434
405 2073
406 2703
406 2473
406 909
407 2275
407 2000
408 2745
408 1288
408 668
409 1250
409 2696
409 2313
410 1470
410 447
410 726
411 2986
411 2188
411 2289
412 1891
412 2348
412 1270
413 2176
413 415
415 1094
415 1984
416 2920
416 1193
416 1637
417 2224
417 2835
417 2696
418 702
418 2845
418 852
419 2258
419 2787
419 810
420 833
420 994
420 2345
421 1401
421 2630
421 2502
422 841
422 931
423 2364
423 794
423 1278
424 743
424 601
424 470
425 869
425 2561
425 2575
426 2262
426 472
426 817
427 1797
427 2631
428 2894
428 1046
429 2739
429 2255
429 1498
430 651
430 1413
430 1075
431 1583
431 2351
432 2831
432 736
432 2413
433 2325
433 1446
433 2211
434 1348
434 1205
435 2277
435 1496
435 1352
436 1336
436 1758
437 1576
438 985
438 1693
438 1750
439 2257
439 1731
439 866
440 1322
441 2952
441 615
442 589
442 2869
442 2924
443 1300
443 2359
444 2971
444 503
444 549
445 493
445 2426
445 598
446 575
446 1868
446 608
447 2046
447 1581
448 2328
448 1990
449 2810
449 953
450 2024
450 731
451 1268
451 2382
451 2527
452 1614
452 2363
453 2357
453 517
453 2120
454 2788
454 1502
454 1194
455 2724
455 1531
455 2038
456 2016
456 1655
457 881
457 1420
457 2270
458 1113
458 546
459 2863
460 468
460 668
460 1732
461 1759
461 2319
462 466
462 1480
462 571
463 1965
463 2053
463 2729
464 1098
464 2985
465 1059
465 2339
466 628
466 1235
467 1164
467 2852
467 695
468 2987
468 2593
469 1620
469 1445
469 685
470 1701
471 2615
471 1942
471 1450
472 2343
473 964
473 702
474 1881
474 2784
475 1977
475 1347
476 2464
476 2334
477 1050
478 2641
478 1279
478 1842
479 1027
479 1351
479 1153
480 1859
480 2736
480 1450
481 1940
481 1788
482 1719
482 959
482 2944
483 2345
483 2996
483 2824
484 2045
484 1841
484 2428
485 1678
485 2607
485 505
486 2380
486 1045
486 2637
487 545
487 2276
488 1271
488 1065
489 1240
489 1088
490 1290
490 1516
490 515
491 2954
491 2508
491 1068
492 951
492 574
493 1933
493 2311
494 1551
494 1799
494 2826
495 1111
495 527
496 1889
496 900
496 2877
497 2014
497 1943
497 752
498 1417
498 1629
498 1575
499 2505
499 1609
499 2252
500 1997
501 1336
501 2056
502 1411
503 720
504 1442
504 2099
505 2602
505 735
506 1935
506 2398
506 2986
507 2515
507 2352
507 990
508 1971
509 1130
509 927
510 2738
510 2919
511 1488
511 2682
512 1440
512 1188
513 1794
513 584
513 1052
514 780
514 1077
514 1982
515 2897
515 1498
516 777
516 1745
517 1308
517 1933
518 2295
518 2959
518 1957
519 2432
519 1604
520 1448
521 2260
521 1384
521 757
522 1950
522 1011
522 1020
523 2976
523 1188
523 1574
524 1148
524 1573
524 1421
525 1466
525 630
525 2846
526 2244
526 607
526 2305
527 2078
527 2390
528 1782
528 1344
528 1126
529 1526
529 913
529 2779
530 1321
530 2106
530 2943
531 1572
531 2182
531 1863
532 704
532 1667
532 2360
533 1412
533 1481
533 2396
534 1264
534 2654
534 2071
535 2184
535 1330
536 1197
536 2872
536 1984
537 2859
537 2599
537 2094
538 1147
538 1711
538 1286
539 1196
539 1286
539 1227
540 2030
540 1272
540 2226
541 1299
541 1995
541 1641
542 1846
542 1790
542 1422
543 691
543 2179
544 1363
544 2104
544 1646
545 2998
546 2546
547 2915
547 2966
547 2781
548 1216
548 1264
548 693
549 2643
549 2670
550 2027
550 1005
550 810
551 1582
551 1117
551 2765
552 1532
552 1017
553 682
553 1814
553 636
554 1960
554 2185
554 2367
555 2533
555 2681
555 687
556 2836
556 1457
556 2458
557 1908
557 2898
558 2710
558 1155
559 2152
559 2873
559 2357
560 576
560 1892
560 1661
561 2906
561 1000
561 1314
562 1964
562 2340
562 2409
563 2326
563 1691
563 2088
564 2026
564 1843
565 2599
565 1368
565 1658
566 582
566 1838
566 2506
567 1935
567 1177
567 1015
568 778
568 745
569 1653
569 882
569 2923
570 761
570 1361
571 948
571 1106
572 771
572 829
572 2924
573 1974
573 2167
573 2249
574 2340
575 1968
575 854
576 1377
577 837
577 2073
577 2262
578 880
578 1388
579 1820
579 1928
579 1920
580 2190
580 1577
581 2043
581 1535
581 1126
582 1179
582 2943
583 2454
583 1387
583 2171
584 2483
584 610
585 2381
585 2734
586 609
586 919
587 925
587 1765
587 1183
588 757
588 1241
588 2389
589 602
589 1981
590 837
590 2707
590 2645
591 1877
591 1170
591 2086
592 942
592 2584
592 2896
593 2750
593 2542
593 1706
594 1915
594 2966
594 786
595 1966
595 1761
595 2235
596 2642
596 975
596 1572
597 2427
597 997
598 1978
598 1103
599 2510
599 1947
599 2571
600 955
600 840
601 1328
601 1890
602 2536
603 1831
603 2461
603 1522
604 722
604 2344
605 1665
605 874
605 1229
606 2950
606 2347
606 1035
607 1911
607 1650
608 1809
608 2426
609 1948
609 1720
610 1704
610 2953
611 2576
611 2929
611 1751
612 1625
612 1442
612 1678
613 2081
613 2690
613 2309
614 2023
614 2820
614 749
615 2091
615 887
616 2255
616 2873
616 1587
617 1479
617 1289
618 1287
618 2314
618 1069
619 2887
619 1300
619 2107
620 739
620 1725
620 2222
621 1521
621 696
622 2672
622 844
622 1675
623 1159
623 2183
624 2232
625 2794
625 1830
626 1360
626 1275
626 1069
627 1475
627 2098
628 2025
628 1045
629 2670
629 2190
630 2099
630 2577
631 1573
631 1907
631 1677
632 1732
632 2573
633 2774
633 2438
633 641
634 1444
634 850
635 1149
635 1879
635 1692
636 2048
636 2980
637 2496
637 1282
638 2650
638 1991
638 1519
639 1680
639 790
639 2402
640 827
640 1137
641 655
641 2538
642 1792
642 984
643 665
643 1439
643 2170
644 1195
644 1549
645 1173
645 669
646 1243
646 1971
646 1963
647 1494
647 832
647 721
648 2833
648 986
649 930
649 1217
649 2486
650 2592
650 2012
650 2542
652 1609
652 1049
652 1139
653 921
653 2720
653 2565
654 1183
654 1133
655 2774
655 2948
656 1612
656 908
656 2327
657 1975
657 766
657 2055
658 1237
658 1622
659 2340
659 2765
659 1775
660 2995
660 1858
660 906
661 2112
661 946
662 1131
662 2818
663 2556
663 848
664 2241
664 2352
664 1833
665 1611
665 733
666 933
666 1202
666 1489
667 1917
667 872
667 2829
668 797
669 1575
669 2176
670 1677
670 2531
671 2312
672 2553
672 2261
673 2009
673 2666
673 791
674 2870
674 1360
674 1120
675 1240
675 960
676 1350
676 1597
676 988
677 783
677 1877
678 1110
678 2015
679 1097
679 2532
680 1450
680 2411
680 1710
681 2687
681 2191
682 1090
683 903
683 725
683 1700
684 1157
684 1634
685 1559
685 2886
686 2547
686 1800
687 728
688 1742
688 1559
688 2443
689 1414
689 2420
690 2064
690 2342
690 2399
691 2290
691 2337
692 2374
692 1969
693 2959
693 1730
694 2838
694 1814
694 1524
695 2997
696 2258
696 842
697 1617
697 912
697 2550
698 1864
698 1473
699 1255
699 1105
700 790
700 1204
701 1743
702 1626
703 2351
703 1455
704 1930
704 2361
705 2353
705 1981
706 2912
706 1713
706 1032
707 1613
707 1341
707 2587
708 2242
708 2491
709 2763
709 2775
709 1753
710 2655
710 2349
710 896
711 2008
711 2231
711 1918
712 1761
712 2955
712 2217
713 1509
713 1325
713 1162
714 1154
714 1166
714 2187
715 2034
715 885
715 1371
716 2365
716 2612
716 1556
717 2754
717 1889
718 877
718 1275
719 1590
719 1029
719 2476
720 1870
721 1083
721 1483
722 2701
723 1821
723 1242
723 1929
724 2982
724 1354
724 2855
725 1492
725 2630
726 1686
726 878
727 2562
727 1044
727 2294
728 2595
729 1013
729 1427
730 1416
730 1985
730 896
731 1337
731 1714
732 2047
732 1729
732 1012
733 2233
733 2974
734 2979
734 2632
734 1032
735 1844
735 1560
736 2596
736 2695
737 1949
737 2569
737 962
738 2611
738 2138
739 1427
739 1598
740 1974
740 1903
740 956
741 2530
741 770
741 1177
742 1326
743 1230
743 1241
744 1100
744 1864
745 2781
745 1118
746 2433
746 2124
746 915
747 2771
747 1087
748 2116
748 1305
748 1020
749 998
749 2440
750 2946
750 2994
750 1285
751 784
751 1969
751 845
752 2093
752 2583
753 898
753 809
753 1199
754 1553
754 1273
754 2101
755 2889
755 1780
755 2888
756 2394
756 1926
756 1057
757 1299
758 2617
758 2227
759 1957
759 990
759 2215
760 2663
760 2644
760 1917
761 2737
761 1182
762 2303
762 1740
762 2297
763 2958
763 2327
763 2329
764 1271
764 1504
764 2761
765 2921
765 1832
766 2134
766 2394
767 2628
767 879
767 1087
768 982
768 2901
768 2529
769 1682
769 2709
769 1002
770 2805
770 2092
771 1729
771 1085
772 2945
772 2295
772 935
773 1141
774 994
774 1359
774 1552
775 1073
775 1515
776 1394
776 1057
777 869
777 2206
778 1951
778 871
779 1259
779 1725
780 2314
780 2303
781 2272
781 2417
781 1958
782 1230
782 2852
782 1022
783 981
783 942
784 1576
784 1152
785 2203
785 2108
786 2011
787 1586
787 1553
787 1253
788 1160
789 1489
789 2817
789 1651
790 1060
791 2450
791 901
792 2529
792 1980
792 1841
793 2962
793 828
794 2103
794 2383
795 1132
795 954
795 2901
796 2136
796 1671
797 1909
797 1522
798 1358
798 1890
798 1205
799 928
799 1944
799 2266
800 1910
800 1924
801 938
801 2567
801 1799
802 1021
803 2159
803 2206
803 2858
804 1497
804 1806
804 874
805 2992
805 2673
805 2002
806 2031
806 1912
806 1440
807 2040
807 2913
807 1555
808 2009
808 2290
809 1086
809 1815
810 2748
811 2902
811 1249
811 1043
812 1507
813 2618
813 1021
813 1232
814 1825
815 1101
815 2876
815 2419
816 1261
816 1145
816 1855
817 1945
817 2312
818 2062
818 2969
819 2890
819 2276
819 891
820 2480
820 2626
820 1604
821 2071
821 1667
822 2134
822 2665
822 837
823 1059
823 2573
824 2991
824 1683
824 1113
825 1391
825 2001
825 2036
826 1538
826 1599
827 2964
827 1917
828 1010
828 2459
829 1607
829 2173
830 2974
830 2722
831 2039
832 1954
832 1769
833 948
833 2056
834 2695
834 1316
834 2719
835 2346
835 1853
835 1865
836 1244
836 2444
838 2285
838 1551
839 950
839 2939
839 1276
840 1680
841 1834
842 2684
842 2600
843 2671
843 1682
843 1491
844 1649
844 2018
845 2882
845 2187
846 1647
846 1646
847 2756
847 2877
847 1668
848 1431
848 1914
849 1505
849 2174
849 2625
850 1115
851 2975
851 2701
852 923
852 1200
853 2688
853 2843
854 1921
854 2293
855 2992
855 2060
856 1584
856 2489
857 1162
857 2838
857 2060
858 2982
858 1826
858 2850
859 2290
859 2718
859 1961
860 2972
860 2496
861 1954
861 2438
861 2995
862 1505
862 1666
863 2893
863 2313
864 2864
864 1697
865 1292
865 1559
865 2663
866 2806
866 1452
867 1992
868 1871
868 1612
868 2278
869 2033
870 2000
870 2717
870 1243
871 1744
871 2250
872 2234
873 893
873 907
874 990
876 1690
876 2809
877 2853
877 2086
878 2569
878 2505
879 2537
880 908
880 2903
882 2961
882 2706
883 2983
884 2267
884 1380
885 2927
885 1257
886 1775
886 2515
886 1427
887 2825
887 1737
888 2058
888 1367
889 2785
889 2343
889 2322
890 1224
890 2910
890 1558
891 2230
891 2941
892 1460
892 1368
892 2414
893 1056
894 2041
894 1998
895 2442
895 2454
895 2827
896 1009
897 2024
897 2157
897 2742
898 2627
899 2263
899 2311
899 1264
900 1051
900 2407
901 2596
901 2851
902 2239
902 1194
902 2788
903 2171
903 1850
904 2484
904 2372
904 1855
905 2362
905 2971
906 2667
907 2828
907 2326
908 1175
909 1370
909 1976
910 1063
910 2373
910 1777
911 1484
911 2412
912 923
914 2188
914 2762
915 2193
916 1082
916 1107
916 2479
917 1329
918 1712
918 2969
918 1265
919 2931
919 2658
920 2390
920 1930
920 1218
921 2090
921 2816
922 2484
922 1528
922 2458
924 1481
924 1402
925 1435
926 1295
926 1900
926 1135
927 932
928 1960
929 2022
929 2005
930 1048
930 1234
931 936
931 2516
932 2713
933 1598
933 1566
934 1531
934 2866
934 1370
935 1193
935 1098
936 1550
936 2190
937 1082
937 1916
937 1642
938 1279
938 2623
939 1375
939 2840
939 2335
940 1614
940 2391
941 2545
941 1720
941 947
942 1951
943 2941
943 1906
943 2899
944 2833
944 1589
944 1659
945 1826
945 1224
945 2850
946 2555
946 2076
947 1130
948 2080
949 2786
949 2018
949 1099
950 2943
951 1765
951 2746
952 984
952 2504
952 2635
953 1332
953 1692
954 2427
954 1885
955 2498
955 2412
956 2928
956 2931
957 1514
957 1490
957 1364
958 1574
958 1762
959 1434
960 1478
961 1013
961 2823
961 1547
962 2356
963 2667
963 2030
963 1779
964 1312
964 2693
965 1473
965 2038
965 2932
966 2207
966 1307
966 1958
967 2899
967 1547
967 2211
968 1758
968 1430
968 2202
969 1485
969 2279
970 2003
970 2658
971 2741
971 1374
972 1466
972 1681
972 1869
973 1615
973 2074
973 1699
974 1251
974 1911
974 1235
975 1140
976 2991
976 1961
976 1107
977 1382
977 2145
978 2097
978 2497
978 2418
980 2800
980 1306
981 1842
981 2265
982 987
982 2456
983 1611
983 1668
983 2406
985 2473
985 2202
986 1245
986 2098
987 1747
988 1592
988 2155
989 1901
989 2936
991 2863
991 1786
991 1884
992 2520
992 1520
993 2936
993 1902
993 2636
994 2883
995 2535
996 2915
996 2565
996 2766
997 2506
999 2189
1000 2204
1001 2899
1001 1023
1002 2328
1003 2604
1004 2614
1004 1715
1004 1389
1005 1369
1006 2870
1006 1295
1007 1059
1007 2757
1007 1746
1008 1198
1008 1876
1009 2134
1009 1327
1010 1640
1011 1871
1011 2678
1012 1635
1012 2021
1014 1412
1014 1637
1015 2593
1015 1626
1016 1533
1016 2889
1017 1149
1017 2649
1018 2287
1018 2079
1018 2744
1019 1888
1019 1634
1019 2925
1020 1736
1021 2409
1022 1068
1022 1428
1023 2564
1023 1882
1024 2826
1024 1208
1024 1751
1025 1528
1025 1091
1026 2848
1026 1067
1026 1124
1027 1760
1027 1321
1028 2123
1028 1459
1028 1569
1029 2045
1029 2577
1030 1696
1030 1988
1030 2199
1031 2743
1031 2804
1033 1952
1033 1656
1033 2660
1034 2451
1034 2804
1034 1310
1035 1346
1036 2529
1036 1066
1036 2313
1037 1734
1037 1749
1037 2510
1038 2799
1038 2232
1039 2304
1039 1116
1040 2370
1040 1236
1041 1629
1041 1763
1042 1636
1042 2875
1042 2659
1043 1922
1043 2713
1044 2259
1044 2648
1045 2574
1046 2618
1047 2339
1047 1603
1048 1225
1049 1278
1049 2095
1051 2764
1052 1644
1052 1518
1053 1714
1053 2446
1054 2153
1054 1978
1054 2355
1055 1919
1055 1307
1055 1561
1056 2936
1056 1266
1057 1927
1058 1341
1058 2872
1058 1134
1060 1669
1060 2425
1061 2555
1061 2029
1062 1171
1063 2469
1064 2082
1064 1956
1065 1358
1065 2301
1066 1441
1066 1495
1067 2341
1067 2474
1068 2230
1070 1323
1070 1548
1070 2887
1071 2927
1071 1994
1071 2854
1072 1674
1073 1482
1074 2539
1074 2893
1074 1993
1075 2172
1075 2989
1076 2949
1076 1784
1076 2250
1077 2755
1077 1308
1078 2598
1078 1631
1078 2807
1079 2202
1079 1498
1079 2054
1080 1123
1080 2758
1081 1110
1081 2307
1082 1088
1083 1158
1083 1786
1084 1099
1084 2466
1084 1685
1085 1691
1085 2088
1086 1889
1087 1883
1089 1998
1089 2354
1089 1862
1090 1698
1090 2404
1091 2984
1091 1547
1092 2757
1092 1941
1093 2601
1093 2580
1094 2377
1094 2111
1095 1261
1095 2465
1095 1717
1096 1994
1096 1476
1096 2474
1097 1861
1098 2567
1100 2967
1100 2584
1101 2605
1101 1213
1102 2988
1102 2803
1102 1704
1103 1370
1103 1192
1104 2237
1104 2979
1104 2657
1105 2781
1105 1891
1106 1438
1106 1748
1107 2964
1108 1209
1108 2032
1108 2218
1109 2750
1109 1774
1109 2174
1110 1999
1111 2171
1111 1389
1112 1966
1112 2271
1112 2369
1113 1944
1114 2839
1115 2603
1115 2849
1117 2919
1118 2010
1118 1473
1119 1432
1119 2401
1120 2186
1120 2745
1121 2242
1121 2861
1121 1848
1122 2321
1122 2139
1122 1404
1123 2412
1123 2207
1124 2163
1124 1646
1125 2145
1125 1805
1125 2753
1126 2555
1127 1544
1127 1399
1127 2331
1128 1342
1128 1173
1129 2721
1129 2744
1129 1140
1130 2027
1131 1199
1132 1821
1133 1215
1134 1776
1134 2635
1135 1511
1135 2430
1136 2439
1137 1400
1137 1635
1138 1943
1138 1586
1139 1419
1139 2093
1140 1286
1141 2163
1142 1555
1142 2977
1142 2439
1143 2334
1144 1799
1144 2154
1145 1451
1145 1245
1146 1846
1147 2591
1147 2332
1148 2292
1148 2208
1150 1695
1150 1171
1150 2637
1151 2705
1151 2665
1152 2212
1152 2741
1153 2376
1153 1750
1154 1700
1155 2730
1155 2127
1156 1174
1157 1265
1158 1731
1158 2572
1159 1251
1159 2361
1160 1267
1160 2901
1161 1638
1161 1893
1161 1348
1162 2711
1163 1468
1163 2519
1163 1880
1164 2384
1164 1901
1165 1852
1165 1722
1165 1166
1166 1837
1167 1494
1167 2862
1168 1913
1168 1252
1168 2059
1169 1976
1169 2286
1169 2210
1170 2457
1170 2654
1171 2391
1172 1986
1172 2146
1172 2778
1174 2689
1174 2088
1175 1939
1175 1413
1176 2968
1176 2256
1176 2349
1177 1357
1178 1571
1178 2809
1178 1320
1180 1937
1180 1775
1180 1323
1181 2890
1181 1964
1181 2787
1182 2747
1183 1462
1184 1829
1184 2273
1185 2261
1185 1847
1185 1543
1186 2528
1186 1496
1186 1700
1187 2467
1187 1462
1187 2489
1188 2554
1189 2697
1189 1741
1190 2719
1190 2819
1191 2920
1191 2457
1192 2853
1193 2717
1194 1940
1195 1342
1195 2722
1196 2517
1197 1374
1198 1813
1199 2416
1200 1790
1200 2980
1201 1845
1201 2728
1201 2214
1202 2186
1202 1502
1203 2137
1204 1482
1204 2918
1205 1731
1206 1587
1206 2470
1207 1704
1207 2720
1208 2585
1208 1246
1209 2100
1210 1466
1210 2707
1210 2167
1211 1300
1211 1347
1211 2824
1212 2436
1212 1930
1212 2607
1213 2303
1214 2463
1214 1569
1214 2992
1215 1363
1215 1873
1216 1516
1216 1760
1217 1912
1217 2906
1218 1340
1218 2598
1219 2142
1219 2091
1219 2370
1220 2956
1220 1781
1220 1849
1221 1581
1221 2964
1221 1874
1222 2353
1222 1812
1222 1625
1223 2981
1223 2012
1223 2299
1224 1269
1225 2196
1225 1507
1226 1995
1226 2197
1226 1467
1228 2783
1228 2039
1229 1861
1229 2431
1231 2999
1231 1436
1231 2509
1232 2747
1232 1463
1233 1987
1233 1746
1233 2994
1234 2253
1235 1811
1236 1987
1237 1687
1238 2674
1238 1596
1239 1900
1241 2578
1242 2759
1242 1452
1243 2144
1244 2323
1244 1985
1246 2425
1246 1474
1247 1409
1247 2540
1248 1483
1248 1869
1249 1338
1249 1956
1250 2933
1251 2192
1252 2304
1252 2691
1253 2143
1253 2959
1254 1423
1254 2739
1255 2199
1255 2418
1256 1955
1256 1626
1256 2580
1257 1624
1258 1371
1258 1270
1259 1719
1260 1486
1260 1853
1260 2634
1261 2421
1262 1874
1262 2769
1262 2442
1263 1631
1266 2238
1266 1438
1267 2821
1267 2423
1268 2967
1268 1492
1269 1328
1269 2601
1270 2945
1271 1437
1272 2671
1272 1771
1273 1988
1273 1873
1274 1391
1274 1721
1274 1796
1275 1923
1276 1813
1276 1295
1277 2191
1277 1412
1277 1538
1278 1628
1280 1974
1280 2053
1281 2480
1281 2218
1281 2463
1282 1465
1282 2365
1283 2082
1283 2628
1284 2154
1284 2242
1284 2447
1285 1664
1285 1898
1287 2791
1287 1574
1288 2680
1289 2851
1289 2471
1290 1637
1290 2161
1291 2924
1292 1778
1292 1512
1293 2544
1293 1542
1293 2539
1294 2422
1294 2811
1296 1936
1296 2730
1296 2422
1297 2701
1297 1390
1297 2044
1298 2254
1298 2531
1299 2738
1301 2922
1301 2518
1301 1925
1302 2239
1302 1567
1303 2265
1303 2716
1303 1815
1304 2717
1304 2385
1304 2137
1305 1711
1306 1443
1306 2204
1307 1639
1308 2247
1309 2763
1309 1962
1309 1333
1310 2563
1310 2562
1311 2268
1311 1695
1312 1975
1312 1912
1313 2103
1313 2892
1313 2595
1314 2365
1314 1507
1315 2923
1315 2761
1316 2513
1317 2118
1317 2538
1318 1545
1318 1872
1319 2910
1319 2549
1320 1443
1322 2816
1322 2517
1323 2321
1324 2662
1324 2468
1324 1577
1325 2185
1325 2910
1326 1792
1326 2035
1327 2120
1327 1990
1328 2443
1329 2531
1329 2532
1330 2522
1330 2049
1331 2657
1331 1936
1331 2586
1332 1823
1333 1491
1334 1866
1334 2077
1334 2078
1335 1482
1335 2523
1336 2170
1337 1632
1337 2021
1338 2266
1338 1885
1339 2469
1339 2446
1339 1366
1340 2031
1340 2331
1342 1803
1343 2046
1343 1557
1344 1386
1344 2823
1345 2359
1345 1721
1345 1525
1346 2410
1347 1959
1348 1581
1349 2144
1349 2410
1350 2733
1351 1600
1351 2652
1352 2077
1353 2785
1353 1773
1354 2727
1354 1541
1355 1504
1355 2399
1355 2223
1356 1825
1357 2323
1357 2097
1358 2814
1359 2222
1359 2045
1360 2665
1361 2198
1361 2384
1362 1640
1362 2203
1363 1589
1364 1867
1364 2246
1365 2789
1365 2475
1365 1716
1366 1724
1367 1748
1367 2895
1368 2577
1369 1656
1371 2795
1372 2428
1372 1703
1372 1894
1373 2323
1373 1435
1373 2333
1374 2795
1375 1518
1375 2026
1376 2380
1376 1809
1377 1905
1377 2662
1378 2683
1378 2110
1378 1421
1379 2894
1379 1804
1380 2076
1381 1685
1382 1618
1382 1822
1383 1480
1383 2252
1383 1749
1384 1698
1384 1756
1385 2089
1385 1664
1386 1789
1387 2708
1387 2025
1388 2961
1389 2281
1390 2962
1390 2660
1391 2679
1392 2299
1392 2909
1392 1824
1393 2519
1394 2271
1395 2879
1395 1416
1396 2611
1396 1730
1396 2116
1397 2551
1397 2397
1398 2636
1398 2080
1399 1514
1399 2845
1400 2694
1400 2841
1401 2248
1402 1708
1402 2128
1403 1461
1403 1672
1404 2811
1404 2405
1405 2019
1405 2905
1405 2388
1406 2552
1406 1616
1406 2140
1407 2621
1407 2030
1407 1676
1408 1915
1408 2068
1408 1409
1410 2130
1410 2243
1411 2272
1411 1449
1414 2613
1414 1725
1415 2960
1415 2011
1415 1702
1417 1862
1418 1606
1418 2933
1418 2825
1419 2880
1419 2734
1420 1779
1421 2139
1422 2728
1422 1432
1423 2742
1424 1772
1424 1841
1425 1590
1426 2801
1426 2194
1426 2792
1428 2593
1428 2185
1429 2006
1429 2369
1429 1768
1430 2403
1430 1762
1431 2049
1431 1829
1432 2415
1433 2979
1433 1638
1433 2036
1435 1470
1436 2605
1436 2516
1437 2987
1437 1655
1438 2020
1439 2371
1439 1769
1441 2801
1442 1810
1444 1665
1445 2274
1445 2465
1446 2569
1446 2382
1447 1600
1448 2968
1449 2639
1449 2886
1451 2561
1451 2487
1452 1979
1453 2371
1453 2581
1453 2856
1454 1823
1454 1628
1454 1883
1455 2003
1456 2926
1457 2248
1458 2173
1458 2210
1459 2978
1460 1630
1461 1468
1461 1589
1462 2537
1463 2472
1463 2851
1464 2760
1465 2632
1467 2942
1467 2618
1468 1896
1469 2005
1469 2084
1471 2353
1471 2947
1471 1805
1472 2757
1472 2458
1474 2914
1474 2725
1475 2437
1476 2536
1476 1557
1477 2294
1477 1616
1477 1959
1478 2505
1478 2685
1479 1800
1480 1687
1481 2798
1483 1828
1484 1514
1484 2007
1485 1613
1485 2133
1487 2356
1487 2911
1488 2911
1488 2022
1489 2930
1490 1753
1490 2737
1491 2398
1492 2151
1493 2590
1493 1721
1495 1720
1496 1801
1497 2597
1497 2079
1499 2315
1499 2231
1499 1963
1500 2402
1500 2647
1500 1552
1501 1834
1501 2832
1502 1568
1503 1848
1503 1602
1505 2849
1506 1819
1506 2408
1506 1537
1508 2626
1508 2419
1510 2940
1510 2815
1512 2126
1512 2165
1513 2753
1513 1836
1515 1927
1515 2653
1516 2329
1517 2072
1517 1671
1518 2385
1519 2568
1519 2963
1520 2500
1520 2218
1521 2594
1523 2087
1523 1931
1523 2418
1524 1752
1524 2613
1525 2942
1525 1822
1526 2180
1526 2028
1527 2547
1527 2644
1527 1954
1528 2317
1529 1647
1529 2722
1529 2591
1530 2096
1530 2839
1530 2092
1531 1583
1532 1648
1532 2590
1533 2983
1533 2456
1534 2225
1534 1838
1535 2621
1535 1996
1536 2253
1536 1866
1537 2520
1537 1953
1538 1965
1539 1738
1539 2478
1539 2679
1540 2764
1540 1807
1541 1862
1541 1659
1542 2970
1542 2983
1543 1641
1543 2700
1544 2829
1544 2853
1545 2997
1545 2334
1546 1677
1546 1564
1548 2906
1548 2721
1549 2553
1549 1728
1550 1709
1550 2990
1551 2976
1553 2954
1554 1783
1554 2934
1555 2469
1556 2368
1556 2485
1557 1903
1558 2813
1558 1594
1560 1940
1560 2794
1561 2961
1562 2589
1563 1708
1564 2084
1564 2047
1565 1690
1565 2320
1565 2245
1566 1939
1566 2789
1567 2075
1567 2620
1568 2472
1568 1634
1569 2907
1570 2453
1570 1705
1570 1992
1571 1676
1572 2604
1573 2668
1575 2432
1576 2857
1577 2791
1578 2016
1578 1713
1578 2884
1579 2415
1580 2610
1580 2527
1580 1692
1582 2636
1582 1860
1583 2336
1584 2042
1585 2132
1585 2802
1587 2125
1588 2709
1588 2416
1590 2072
1591 1875
1591 2798
1592 2343
1592 2966
1593 2847
1593 2444
1594 2268
1594 2876
1595 2500
1595 2490
1595 1989
1596 2735
1596 2960
1597 2898
1597 2651
1599 2021
1599 2895
1600 2664
1601 2280
1602 2619
1603 2938
1604 2069
1605 2929
1605 2965
1606 1989
1607 2495
1608 2664
1608 2261
1608 2716
1609 2857
1610 2646
1610 2161
1610 2142
1611 2392
1612 2511
1613 2559
1614 2186
1615 1739
1616 2766
1617 2528
1618 2386
1618 2623
1619 2952
1619 2712
1620 2448
1620 2702
1621 2224
1621 2377
1621 2236
1622 2653
1622 2674
1623 2650
1623 2336
1623 2572
1624 2681
1624 1780
1625 2956
1627 1934
1627 2179
1627 2786
1630 1743
1631 2622
1632 2749
1633 2452
1633 1670
1635 2159
1636 2626
1638 1810
1639 2778
1639 2629
1640 1977
1641 1763
1642 2113
1642 2647
1643 2141
1643 2178
1644 2422
1644 1658
1645 2774
1645 2950
1647 2488
1648 2649
1648 2138
1649 1941
1649 2739
1650 2506
1651 2152
1651 2897
1652 2197
1652 2817
1653 2888
1653 2296
1654 2081
1654 2977
1655 2900
1656 1896
1657 1709
1658 2129
1659 2145
1660 2346
1660 2297
1661 2474
1662 2039
1662 2338
1663 2225
1663 2249
1663 2255
1664 1840
1665 1766
1666 2557
1666 2466
1667 2975
1668 1838
1669 2250
1669 2766
1670 2750
1670 2926
1671 2842
1672 1926
1673 2875
1673 2075
1674 2028
1674 2322
1675 1752
1675 2631
1676 1880
1678 2139
1679 1717
1679 1861
1681 2634
1682 2980
1683 2435
1683 2401
1684 2420
1686 2840
1686 1872
1687 2981
1688 2808
1688 2152
1689 2013
1689 2608
1689 2357
1690 2870
1691 2193
1693 2108
1693 2275
1694 2655
1694 2990
1694 2245
1696 2545
1696 2827
1697 1949
1697 2356
1698 2603
1699 2826
1699 2818
1701 2386
1702 2805
1702 2272
1703 2150
1703 2205
1705 2768
1705 2614
1706 2403
1706 2771
1707 1817
1707 2579
1707 2782
1708 1900
1709 2773
1710 2690
1712 2999
1712 1729
1716 2350
1716 1813
1717 2292
1718 2393
1718 2395
1718 2434
1719 2318
1722 1795
1722 2264
1723 1808
1724 2699
1724 2229
1726 2580
1726 2770
1727 2397
1727 2694
1727 1793
1728 2240
1728 2429
1732 1796
1733 2382
1734 2617
1734 2574
1735 2575
1735 2996
1735 1742
1736 2270
1736 2934
1737 1752
1737 2548
1738 2201
1738 1794
1739 2512
1739 2624
1740 2110
1741 2479
1741 2292
1744 1808
1745 2314
1745 2061
1746 1824
1747 2607
1750 2918
1751 2797
1753 2772
1754 2083
1754 2090
1755 2589
1755 2460
1755 1780
1756 2884
1756 2483
1757 2687
1757 2937
1758 2907
1759 2832
1759 1863
1760 2834
1761 2405
1762 2869
1763 2698
1764 2790
1764 2053
1766 1797
1767 2622
1767 2777
1767 2570
1768 2151
1768 2984
1770 2178
1770 2523
1771 2804
1771 2982
1772 2200
1772 2019
1773 2269
1773 2115
1774 2158
1774 2700
1776 2312
1777 2470
1777 2725
1778 2500
1778 2433
1779 2848
1781 2020
1781 2135
1782 2243
1783 2477
1783 2051
1784 2388
1784 2718
1785 2542
1787 2389
1787 2988
1789 2381
1790 2198
1791 2645
1791 2761
1792 2668
1793 2543
1794 2847
1795 2532
1795 2610
1798 2049
1798 2178
1798 1926
1800 2435
1801 2920
1802 2387
1803 1875
1804 2174
1804 2559
1806 2669
1807 2817
1807 2059
1808 2158
1809 2640
1811 1932
1811 2023
1812 1896
1814 2477
1816 2461
1816 2566
1816 2445
1817 1999
1818 2254
1818 2063
1818 2550
1819 2812
1820 2798
1820 2725
1823 1833
1826 2705
1827 2765
1827 1834
1828 2831
1828 2541
1829 2860
1830 2339
1830 2280
1831 2344
1831 2058
1832 2377
1832 2013
1835 2499
1836 1941
1837 2404
1837 1944
1839 2641
1839 2423
1840 2001
1842 2392
1844 2968
1845 1945
1846 2042
1847 2760
1847 2620
1849 2558
1850 1894
1852 1886
1852 2836
1854 2148
1854 2332
1855 2488
1856 2068
1856 2467
1857 2196
1857 2560
1857 2209
1858 2522
1858 2655
1859 2148
1859 2985
1860 2732
1860 2207
1863 2753
1864 2567
1865 2822
1865 2582
1866 2790
1867 2566
1867 2842
1868 2919
1869 2319
1870 2693
1871 2010
1872 2033
1875 2556
1877 2257
1878 2902
1878 2818
1879 2106
1879 2147
1880 2584
1881 2660
1881 2937
1882 2065
1883 2027
1885 2196
1886 2441
1886 2459
1887 1897
1887 2254
1888 2878
1890 2123
1891 2043
1892 2258
1894 2124
1895 1928
1895 2169
1895 2843
1897 2945
1897 2115
1898 2932
1899 2759
1901 2333
1902 2434
1902 2118
1903 2879
1904 2051
1906 2126
1906 2129
1907 2740
1908 2881
1908 2731
1909 2494
1909 2057
1910 2355
1911 2676
1913 2751
1913 2955
1914 2492
1919 2077
1920 2978
1920 2150
1921 2586
1922 2869
1922 2871
1923 2002
1924 2175
1925 2782
1925 2324
1927 2833
1928 2462
1929 2409
1932 2951
1934 2706
1936 2197
1937 2973
1937 2050
1938 2366
1938 2769
1938 2912
1939 2867
1942 2922
1942 2864
1946 2119
1946 2613
1947 2269
1949 2486
1950 2273
1950 2034
1952 2813
1952 2986
1953 2973
1953 2941
1955 2524
1955 2087
1956 2493
1957 2546
1958 2867
1959 2316
1960 2104
1961 2354
1962 2087
1962 2799
1964 2110
1965 2898
1966 2892
1967 2616
1967 2509
1967 2410
1968 2496
1968 2656
1970 2223
1970 2812
1972 2481
1972 2935
1973 2514
1973 2285
1973 2121
1975 2659
1976 2512
1979 2777
1980 2414
1982 2105
1983 2859
1983 2838
1984 2547
1986 2067
1987 2835
1988 2424
1989 2172
1991 2209
1991 2710
1993 2775
1994 2168
1996 2059
1996 2216
1997 2107
1998 2891
1999 2854
2001 2687
2002 2939
2003 2921
2004 2315
2004 2658
2005 2122
2006 2408
2007 2114
2007 2645
2008 2040
2009 2616
2011 2109
2013 2553
2014 2586
2015 2814
2015 2215
2016 2029
2017 2719
2017 2488
2017 2451
2019 2527
2020 2032
2022 2297
2023 2896
2024 2086
2025 2688
2026 2947
2028 2812
2029 2918
2031 2375
2034 2545
2035 2211
2035 2378
2036 2530
2037 2895
2037 2309
2037 2220
2038 2883
2040 2631
2041 2938
2042 2351
2043 2622
2044 2082
2044 2138
2046 2380
2048 2540
2048 2724
2050 2780
2050 2223
2052 2497
2052 2885
2052 2148
2054 2367
2054 2154
2055 2288
2056 2578
2057 2468
2058 2573
2060 2673
2061 2620
2061 2116
2062 2228
2062 2205
2063 2108
2063 2219
2064 2947
2064 2993
2065 2708
2065 2855
2066 2903
2066 2958
2067 2305
2067 2164
2068 2448
2069 2271
2070 2629
2070 2407
2070 2662
2071 2460
2072 2483
2073 2085
2074 2885
2075 2881
2078 2132
2079 2723
2080 2723
2081 2678
2083 2286
2083 2822
2084 2549
2085 2308
2085 2120
2089 2847
2090 2904
2092 2370
2094 2184
2094 2888
2095 2374
2095 2235
2096 2628
2097 2684
2099 2337
2100 2193
2100 2810
2101 2997
2102 2773
2102 2601
2103 2300
2104 2204
2105 2930
2107 2247
2109 2623
2111 2989
2112 2796
2112 2391
2113 2840
2113 2889
2114 2932
2114 2192
2115 2796
2117 2491
2117 2284
2117 2815
2119 2495
2121 2388
2122 2831
2122 2484
2123 2659
2124 2411
2125 2413
2125 2791
2126 2830
2128 2834
2128 2285
2129 2772
2130 2320
2130 2971
2131 2661
2131 2156
2131 2296
2132 2768
2133 2400
2135 2260
2135 2693
2136 2366
2136 2244
2137 2368
2140 2691
2141 2492
2141 2858
2142 2449
2143 2913
2144 2434
2146 2652
2146 2513
2147 2848
2149 2548
2149 2452
2149 2183
2153 2548
2156 2763
2157 2633
2157 2967
2159 2821
2160 2379
2161 2741
2162 2803
2162 2299
2163 2772
2164 2677
2164 2226
2165 2927
2166 2522
2166 2262
2168 2406
2169 2913
2170 2669
2172 2916
2173 2646
2175 2667
2175 2508
2176 2647
2179 2281
2180 2857
2180 2302
2181 2677
2181 2634
2181 2678
2182 2692
2182 2233
2183 2276
2184 2905
2187 2400
2188 2977
2189 2289
2191 2638
2192 2748
2194 2282
2194 2948
2195 2969
2195 2389
2195 2965
2200 2426
2201 2440
2206 2408
2208 2748
2208 2946
2212 2762
2212 2656
2213 2364
2213 2564
2213 2479
2214 2730
2215 2341
2216 2478
2216 2348
2217 2568
2219 2455
2219 2666
2220 2904
2220 2727
2221 2447
2221 2597
2222 2278
2224 2385
2225 2257
2227 2776
2228 2404
2229 2473
2229 2684
2230 2922
2233 2530
2234 2287
2235 2453
2236 2291
2238 2526
2239 2501
2240 2835
2241 2802
2241 2274
2243 2330
2244 2279
2246 2457
2249 2269
2251 2871
2251 2307
2252 2520
2256 2461
2260 2463
2263 2646
2263 2972
2264 2533
2264 2346
2266 2908
2267 2914
2267 2375
2270 2386
2274 2994
2275 2481
2277 2907
2277 2952
2280 2471
2281 2713
2282 2703
2283 2512
2284 2367
2284 2445
2286 2452
2287 2672
2288 2705
2288 2970
2289 2984
2291 2867
2293 2908
2296 2675
2298 2806
2298 2777
2301 2358
2302 2729
2302 2310
2304 2756
2305 2824
2306 2810
2306 2551
2306 2808
2308 2700
2308 2472
2309 2507
2310 2808
2315 2514
2316 2523
2316 2948
2317 2498
2317 2786
2319 2612
2320 2429
2324 2821
2324 2619
2325 2511
2326 2769
2327 2912
2328 2428
2331 2560
2333 2524
2336 2820
2337 2752
2338 2589
2338 2502
2341 2376
2342 2476
2347 2611
2348 2778
2350 2624
2350 2372
2352 2381
2355 2993
2359 2689
2360 2801
2361 2735
2362 2444
2363 2677
2364 2535
2366 2685
2368 2401
2369 2503
2373 2784
2373 2400
2374 2591
2375 2779
2378 2965
2379 2911
2383 2585
2383 2557
2387 2726
2387 2861
2393 2921
2395 2830
2396 2419
2399 2957
2403 2963
2407 2746
2411 2689
2415 2657
2416 2554
2417 2638
2417 2491
2421 2844
2421 2526
2423 2723
2429 2671
2430 2477
2430 2637
2431 2843
2432 2437
2433 2856
2435 2714
2443 2751
2445 2546
2446 2960
2447 2862
2449 2860
2450 2462
2451 2702
2453 2944
2454 2695
2455 2570
2455 2497
2460 2929
2462 2614
2464 2985
2465 2630
2466 2738
2467 2973
2468 2799
2470 2561
2475 2957
2475 2828
2480 2792
2481 2557
2482 2711
2482 2892
2485 2487
2486 2879
2487 2871
2489 2583
2490 2790
2493 2558
2493 2518
2494 2875
2503 2724
2503 2650
2504 2878
2507 2837
2509 2674
2510 2574
2511 2551
2516 2585
2518 2596
2519 2861
2521 2534
2521 2595
2524 2940
2525 2709
2525 2950
2525 2702
2528 2562
2534 2758
2537 2747
2539 2686
2540 2874
2541 2865
2541 2841
2543 2559
2544 2625
2552 2582
2563 2836
2563 2944
2565 2703
2571 2893
2571 2649
2576 2930
2576 2726
2579 2718
2581 2752
2583 2896
2587 2728
2588 2908
2588 2732
2592 2625
2599 2819
2600 2874
2600 2771
2602 2712
2602 2909
2604 2834
2606 2733
2606 2676
2606 2862
2608 2754
2608 2776
2609 2783
2609 2917
2609 2916
2615 2865
2619 2694
2621 2897
2627 2830
2629 2640
2635 2692
2639 2807
2640 2970
2641 2699
2642 2754
2643 2839
2648 2866
2648 2868
2651 2688
2651 2837
2654 2938
2656 2698
2661 2775
2666 2891
2668 2704
2669 2868
2675 2805
2680 2731
2681 2844
2682 2954
2683 2715
2685 2712
2697 2883
2708 2815
2710 2916
2714 2935
2720 2787
2721 2946
2727 2735
2729 2732
2731 2953
2736 2752
2737 2846
2743 2998
2743 2844
2744 2880
2746 2825
2755 2863
2758 2858
2759 2963
2767 2793
2768 2820
2770 2909
2773 2904
2776 2933
2783 2882
2785 2991
2788 2819
2797 2962
2806 2955
2809 2846
2813 2925
2823 2937
2842 2855
2845 2974
2878 2995
2882 2926
2885 2999
2902 2988
2940 2976
2942 2993
