0 648
0 903
0 1052
1 1361
1 1372
1 663
2 1142
2 835
2 1403
3 459
3 1741
3 1224
4 1276
4 1975
4 1873
5 204
5 1960
5 769
6 754
6 1140
6 91
7 165
7 1874
7 443
8 361
8 1024
8 1543
9 1625
9 1483
9 329
10 1205
10 1194
10 1726
11 524
11 1817
11 451
12 597
12 1742
12 270
13 1434
13 1506
13 317
14 1974
14 1218
14 1511
15 239
15 487
15 683
16 1123
16 1874
16 1962
17 1824
17 726
17 1311
18 660
18 78
18 289
19 1869
19 1113
19 804
20 802
20 1960
20 69
21 560
21 1809
21 1448
22 1981
22 395
22 1885
23 398
23 1313
23 248
24 1326
24 621
24 1692
25 366
25 1640
25 1708
26 1863
26 203
26 467
27 1199
27 1102
27 1314
28 515
28 1565
28 174
29 80
29 1328
29 370
30 1216
30 711
30 1343
31 169
31 1573
31 497
32 34
32 1452
32 175
33 1693
33 1741
33 1345
34 1868
34 1091
35 438
35 132
35 345
36 360
36 1750
36 1675
37 1510
37 862
37 764
38 1550
38 102
38 857
39 757
39 1479
39 1425
40 1058
40 1668
40 1496
41 493
41 1677
41 1108
42 471
42 327
42 1632
43 146
43 1096
43 929
44 1722
44 1672
44 406
45 609
45 1615
45 1896
46 1735
46 127
46 1951
47 655
47 1817
47 1357
48 1455
48 1431
48 1313
49 990
49 1554
49 1890
50 621
50 1094
50 577
51 1271
51 965
51 376
52 730
52 566
52 909
53 1684
53 351
53 753
54 1822
54 908
54 380
55 198
55 175
55 1285
56 770
56 365
56 57
57 1799
57 776
58 1148
58 184
58 272
59 500
59 1872
59 1443
60 984
60 371
60 1274
61 1948
61 186
61 1321
62 1082
62 1657
62 1944
63 185
63 1068
63 946
64 1846
64 1263
64 1268
65 875
65 1694
65 77
66 636
66 883
66 489
67 1704
67 1846
67 156
68 1695
68 76
68 949
69 731
69 841
70 86
70 1919
70 1121
71 539
71 783
71 1125
72 116
72 1980
72 1463
73 1523
73 887
73 1822
74 1266
74 795
74 1208
75 710
75 1340
75 363
76 595
76 1584
77 435
77 382
78 986
78 1133
79 1753
79 1933
79 508
80 989
80 1377
81 852
81 973
81 523
82 1870
82 229
82 1918
83 1243
83 671
83 1460
84 912
84 586
84 1403
85 980
85 1598
85 1537
86 933
86 1389
87 1762
87 1895
87 609
88 1374
88 1472
88 1925
89 1863
89 720
89 654
90 538
90 1202
90 700
91 1531
91 957
92 1624
92 841
92 1233
93 140
93 130
93 427
94 301
94 338
94 1179
95 1446
95 1979
95 1506
96 1128
96 568
96 924
97 788
97 615
97 132
98 1811
98 453
98 959
99 601
99 711
99 1449
100 1747
100 1212
100 891
101 1099
101 1630
101 807
102 369
102 1736
103 359
103 959
103 1236
104 1575
104 1434
104 1642
105 1793
105 988
105 791
106 1668
106 789
106 1586
107 1773
107 1171
107 1090
108 1887
108 818
108 1507
109 1590
109 1626
109 1187
110 1778
110 976
110 878
111 1100
111 761
111 1411
112 1647
112 1087
112 859
113 811
113 853
113 1838
114 222
114 476
114 1525
115 486
115 257
115 655
116 1594
116 1211
117 1254
117 559
117 640
118 197
118 1403
118 489
119 987
119 1518
119 1967
120 1717
120 585
120 1879
121 587
121 723
121 1318
122 1724
122 1166
122 1673
123 274
123 1776
123 699
124 1466
124 544
124 283
125 664
125 485
125 331
126 773
126 939
126 1649
127 1611
127 462
128 1936
128 548
128 1202
129 1270
129 707
129 1822
130 1184
130 560
131 532
131 1559
131 587
132 760
133 737
133 285
133 1158
134 1402
134 1866
134 1976
135 1638
135 1253
135 1889
136 357
136 1012
136 1875
137 396
137 1425
137 764
138 1928
138 1810
138 1126
139 970
139 1252
139 285
140 1358
140 1228
141 1476
141 1642
141 1072
142 1825
142 1519
142 1033
143 1695
143 847
143 677
144 1988
144 620
144 1190
145 1754
145 1398
145 1147
146 789
146 1797
147 1183
147 723
147 935
148 606
148 1754
148 1201
149 377
149 1401
149 1050
150 236
150 447
150 555
151 1388
151 1536
151 1568
152 1527
152 1124
152 919
153 1520
153 1232
153 1294
154 925
154 543
154 934
155 1829
155 523
155 1197
156 674
156 1435
157 1722
157 1544
157 1899
158 1420
158 1071
158 1192
159 1703
159 769
159 1132
160 479
160 314
160 594
161 1540
161 205
161 549
162 653
162 424
162 1298
163 1184
163 1332
163 1663
164 786
164 1217
164 188
165 1884
165 912
166 888
166 628
166 531
167 1129
167 626
167 223
168 592
168 1161
168 1547
169 1608
169 1492
170 1157
170 310
170 1008
171 1156
171 1246
171 1568
172 464
172 1936
172 702
173 1290
173 179
173 1769
174 780
174 1526
175 1363
176 1359
176 1693
176 703
177 521
177 1651
177 1188
178 1853
178 1374
178 556
179 1069
179 1125
180 854
180 1962
180 231
181 1261
181 1614
181 1675
182 1207
182 603
182 1126
183 1753
183 696
183 234
184 330
184 1612
185 1453
185 456
186 1937
186 914
187 1728
187 1655
187 291
188 706
188 1788
189 241
189 1180
189 427
190 1993
190 1576
190 1832
191 630
191 1977
191 1696
192 1662
192 1364
192 627
193 895
193 1457
193 1986
194 1613
194 1092
194 1048
195 1941
195 1757
195 911
196 1917
196 201
196 237
197 1555
197 1362
198 1696
198 1326
199 1958
199 1708
199 588
200 858
200 1092
200 1059
201 242
201 1775
202 384
202 1038
202 422
203 319
203 682
204 308
204 1764
205 862
205 1383
206 1077
206 1727
206 515
207 495
207 706
207 1473
208 266
208 1251
208 1097
209 1469
209 400
209 1234
210 1345
210 1216
210 1418
211 1904
211 1593
211 470
212 938
212 776
212 902
213 777
213 1286
213 1116
214 1744
214 257
214 473
215 343
215 1812
215 1637
216 1388
216 1851
216 781
217 1972
217 1311
217 473
218 1146
218 737
218 1183
219 1702
219 772
219 1135
220 1673
220 1735
220 228
221 1620
221 1954
221 966
222 1653
222 1480
223 1939
223 623
224 699
224 653
224 1141
225 1997
225 442
225 304
226 1461
226 922
226 1365
227 797
227 879
227 385
228 512
228 1539
229 1494
229 610
230 1179
230 1424
230 1878
231 1011
231 704
232 1520
232 1699
232 1820
233 1410
233 1245
233 409
234 1921
234 1482
235 1195
235 968
235 1285
236 1655
236 1877
237 748
237 983
238 1809
238 1097
238 953
239 853
239 676
240 1281
240 533
240 1251
241 1368
241 1528
242 1987
242 665
243 1591
243 1154
243 516
244 1205
244 800
244 419
245 324
245 1792
245 515
246 656
246 1983
246 1480
247 1262
247 591
247 1038
248 469
248 1286
249 368
249 746
249 665
250 1415
250 1813
250 1484
251 1366
251 705
251 1093
252 1380
252 885
252 476
253 264
253 1379
253 1171
254 1088
254 398
254 818
255 1291
255 929
255 1272
256 1889
256 1099
256 493
257 956
258 1016
258 806
258 600
259 313
259 1264
259 328
260 356
260 879
260 1663
261 1953
261 1943
261 563
262 1359
262 273
262 1834
263 1337
263 270
263 990
264 997
264 1352
265 392
265 604
265 1112
266 1372
266 571
267 1330
267 1742
267 864
268 459
268 668
268 1123
269 741
269 465
269 490
270 563
271 1119
271 508
271 1416
272 1048
272 1420
273 318
273 1568
274 787
274 754
275 1733
275 569
275 781
276 1255
276 1562
276 672
277 1543
277 1570
277 1605
278 1964
278 814
278 1047
279 1946
279 1621
279 1732
280 1027
280 558
280 1289
281 1772
281 1632
281 478
282 1208
282 340
282 1258
283 339
283 1595
284 717
284 1239
284 1206
285 1053
286 595
286 1975
286 1422
287 518
287 1998
287 1173
288 1985
288 1017
288 369
289 1938
289 1135
290 705
290 1136
290 1802
291 303
291 1716
292 643
292 1891
292 449
293 482
293 1731
293 1269
294 1566
294 1578
294 742
295 1220
295 539
295 1588
296 641
296 1381
296 1348
297 1793
297 892
297 1930
298 1032
298 1043
298 715
299 545
299 786
299 874
300 551
300 1489
300 1746
301 1178
301 1172
302 1681
302 1262
302 728
303 1554
303 677
304 716
304 1690
305 1412
305 1063
305 386
306 748
306 1237
306 1031
307 1282
307 1173
307 1861
308 718
308 1737
309 1456
309 1629
309 1331
310 1538
310 1010
311 1325
311 920
311 1141
312 1704
312 390
312 367
313 369
313 571
314 1894
314 1162
315 1422
315 872
315 785
316 1892
316 1233
316 785
317 1740
317 1850
318 1763
318 1513
319 838
319 1072
320 867
320 965
320 1928
321 702
321 1214
321 1623
322 1237
322 535
322 397
323 1970
323 1773
323 1995
324 1109
324 561
325 942
325 580
325 1074
326 468
326 1318
326 1400
327 1734
327 847
328 799
328 1880
329 1023
329 421
330 1515
330 1307
331 1143
331 1156
332 1255
332 1752
332 1267
333 1014
333 543
333 1032
334 1858
334 942
334 1913
335 1570
335 1948
335 708
336 924
336 1794
336 1375
337 418
337 1274
337 1395
338 996
338 440
339 448
339 1713
340 1293
340 1898
341 1168
341 1503
341 1807
342 1016
342 1933
342 537
343 941
343 1907
344 1581
344 1098
344 787
345 1155
345 1521
346 1870
346 978
346 1333
347 1948
347 1616
347 1852
348 1277
348 583
348 1940
349 1293
349 965
349 1186
350 1652
350 634
350 434
351 658
351 1424
352 1376
352 926
352 599
353 1224
353 689
353 1814
354 1839
354 465
354 1340
355 502
355 1804
355 1915
356 1510
356 1975
357 1959
357 1015
358 1812
358 1329
358 1730
359 1840
359 1888
360 1384
360 1739
361 760
361 1999
362 566
362 1253
362 1331
363 1075
363 1521
364 1549
364 1641
364 1657
365 394
365 1009
366 1548
366 1508
367 1929
367 1170
368 737
368 1128
370 1801
370 687
371 1151
371 1025
372 574
372 1095
372 1362
373 1060
373 1589
373 784
374 641
374 840
374 1565
375 684
375 1149
375 1658
376 683
376 948
377 464
377 412
378 1904
378 1953
378 423
379 1065
379 943
379 1803
380 1426
380 1670
381 1616
381 1353
381 891
382 546
382 1198
383 628
383 1668
383 1988
384 1677
384 1537
385 1609
385 1556
386 673
386 433
387 1920
387 1073
387 581
388 1509
388 1689
388 1373
389 1013
389 474
389 768
390 1269
390 910
391 485
391 642
391 1223
392 631
392 646
393 1149
393 876
393 1638
394 1336
394 1455
395 899
395 464
396 1654
396 432
397 738
397 1764
398 1182
399 1185
399 1300
399 1457
400 857
400 1224
401 1522
401 1787
401 1201
402 1722
402 1061
402 1846
403 1089
403 483
403 1091
404 1767
404 1315
404 1707
405 1248
405 1061
405 416
406 1042
406 1781
407 1649
407 870
407 1817
408 1976
408 1183
408 1712
409 426
409 850
410 492
410 1905
410 1849
411 1831
411 723
411 1907
412 1341
412 873
413 1746
413 812
413 1319
414 1429
414 505
414 573
415 1284
415 1374
415 672
416 960
416 1414
417 1552
417 660
417 755
418 428
418 1169
419 528
419 1139
420 1232
420 1186
420 442
421 1280
421 1465
422 688
422 547
423 1027
423 1765
424 1924
424 644
425 1179
425 848
425 1966
426 1810
426 1949
427 1743
428 1000
428 1564
429 1738
429 1947
429 1057
430 978
430 461
430 1994
431 1715
431 1538
431 1258
432 1628
432 1826
433 1843
433 800
434 1923
434 1806
435 559
435 1252
436 1564
436 1314
436 1151
437 1507
437 1302
437 797
438 839
438 1555
439 800
439 1163
439 472
440 678
440 1848
441 787
441 1833
441 1927
442 542
443 1139
443 1534
444 1160
444 491
444 893
445 1349
445 1001
445 860
446 1213
446 1906
446 697
447 1995
447 1901
448 503
448 1743
449 552
449 491
450 1317
450 501
450 1550
451 1631
451 729
452 495
452 1350
452 1990
453 1943
453 752
454 1832
454 1042
454 1861
455 848
455 1934
455 1691
456 1041
456 1253
457 1887
457 1062
457 1935
458 1488
458 1068
458 1085
459 725
460 700
460 1777
460 684
461 977
461 777
462 1193
462 541
463 719
463 1468
463 1225
465 1399
466 1204
466 1302
466 612
467 536
467 1426
468 1643
468 1544
469 961
469 844
470 1027
470 988
471 904
471 812
472 759
472 1892
473 732
474 496
474 1768
475 1899
475 1816
475 993
476 722
477 1744
477 1044
477 956
478 913
478 1544
479 1121
479 999
480 491
480 831
480 1295
481 1814
481 813
481 1381
482 1711
482 1459
483 1376
483 1283
484 657
484 1553
484 951
485 514
486 1934
486 1462
487 1411
487 1758
488 1700
488 1453
488 1983
489 594
490 832
490 1669
492 1301
492 727
493 1651
494 936
494 1034
494 518
495 1880
496 1930
496 1697
497 1761
497 721
498 1251
498 1771
498 1851
499 1120
499 1469
499 886
500 1270
500 1423
501 1318
501 1698
502 1804
502 896
503 807
503 504
504 1776
504 1807
505 1715
505 691
506 1591
506 909
506 911
507 689
507 779
507 1263
508 829
509 1821
509 898
509 1332
510 1963
510 855
510 1200
511 1199
511 1049
511 874
512 1319
512 1356
513 1383
513 601
513 1990
514 1207
514 1254
516 1044
516 1191
517 1605
517 1922
517 996
518 1078
519 807
519 740
519 1304
520 1236
520 1228
520 979
521 1680
521 1255
522 880
522 1303
522 526
523 1750
524 1019
524 1628
525 692
525 1589
525 1456
526 782
526 1276
527 631
527 1616
527 914
528 867
528 745
529 1325
529 1538
529 607
530 1848
530 1501
530 732
531 1142
531 804
532 1767
532 908
533 1399
533 1260
534 1129
534 1234
534 573
535 1855
535 1604
536 1865
536 1658
537 1405
537 1661
538 686
538 1690
539 1477
540 938
540 1418
540 913
541 1147
541 1672
542 1798
542 652
543 994
544 1942
544 576
545 1950
545 1467
546 1469
546 1603
547 1692
547 1014
548 589
548 1028
549 1819
549 1867
550 1302
550 1102
550 1681
551 1556
551 1438
552 1500
552 842
553 1304
553 973
553 1192
554 605
554 830
554 1957
555 1047
555 1652
556 808
556 927
557 662
557 744
557 1760
558 919
558 728
559 1450
560 662
561 966
561 806
562 875
562 1729
562 1336
563 635
564 1240
564 794
564 1182
565 1876
565 641
565 1528
566 1527
567 980
567 1408
567 1438
568 1435
568 1954
569 1386
569 751
570 1513
570 1138
570 659
571 1816
572 749
572 740
572 999
573 1443
574 1297
574 789
575 1317
575 614
575 1487
576 1842
576 1775
577 1303
577 1050
578 1249
578 1466
578 1193
579 821
579 1494
579 1155
580 1837
580 632
581 812
581 900
582 1298
582 643
582 1130
583 1841
583 757
584 1223
584 742
584 1606
585 963
585 1450
586 1992
586 912
587 1511
588 1511
588 884
589 921
589 1421
590 1597
590 1718
590 1946
591 1172
591 1076
592 793
592 1398
593 894
593 756
593 1665
594 1774
595 1347
596 1387
596 1049
596 1844
597 1646
597 1789
598 627
598 1280
598 1059
599 808
599 1868
600 1244
600 1256
601 1818
602 962
602 797
602 1432
603 1591
603 1856
604 750
604 680
605 1697
605 1390
606 1978
606 899
607 1977
607 897
608 1529
608 924
608 1952
609 1640
610 856
610 616
611 634
611 1290
611 1334
612 1152
612 1562
613 1515
613 1492
613 709
614 656
614 1422
615 1068
615 1039
616 1364
616 1545
617 1872
617 1145
617 1306
618 1008
618 1635
618 1883
619 836
619 1554
619 1488
620 1784
620 1912
621 761
622 1925
622 1419
622 1622
623 663
623 796
624 799
624 1132
624 1419
625 1205
625 1569
625 762
626 730
626 992
627 1029
628 871
629 682
629 1599
629 962
630 1957
630 739
631 1484
632 990
632 1245
633 915
633 1060
633 1181
634 1973
635 1353
635 842
636 1464
636 721
637 764
637 824
637 1851
638 651
638 1944
638 801
639 1934
639 1780
639 1227
640 1711
640 1877
642 654
642 1784
643 816
644 964
644 978
645 1932
645 1174
645 1157
646 1405
646 1463
647 1262
647 1180
647 1788
648 1320
648 1444
649 1298
649 1437
649 1583
650 1364
650 1974
650 1291
651 876
651 1746
652 1377
652 1436
653 1567
654 1475
655 1257
656 1509
657 1337
657 1843
658 958
658 1421
659 810
659 882
660 1282
661 1932
661 798
661 1697
662 791
663 1038
664 1160
664 1051
665 1994
666 1995
666 1355
666 718
667 1215
667 1305
667 1307
668 846
668 1659
669 1363
669 1799
669 873
670 1081
670 1480
670 1917
671 1799
671 763
672 939
673 1858
673 1077
674 1393
674 1860
675 1490
675 1548
675 942
676 716
676 692
677 972
678 1818
678 1888
679 1055
679 1914
679 971
680 1709
680 1315
681 1065
681 1259
681 1370
682 759
683 1913
684 1765
685 937
685 1777
685 1747
686 1931
686 1547
687 821
687 1297
688 1646
688 1065
689 1132
690 1545
690 1592
690 1661
691 1801
691 709
692 1166
693 955
693 726
693 1540
694 766
694 1574
694 1985
695 1219
695 1618
695 950
696 1760
696 1823
697 1289
697 1982
698 1401
698 710
698 1574
699 902
700 1512
701 1459
701 1086
701 1946
702 1587
703 1360
703 1792
704 1653
704 1369
705 1549
706 1788
707 948
707 1169
708 1903
708 1237
709 1577
710 798
711 920
712 944
712 1330
712 1138
713 900
713 1346
713 1571
714 1495
714 1951
714 1776
715 1958
715 784
716 905
717 869
717 1247
718 1870
719 1212
719 1001
720 1573
720 1309
721 1610
722 1929
722 861
724 1729
724 1489
724 828
725 1238
725 1188
726 774
727 1022
727 1375
728 1168
729 916
729 1447
730 1046
731 1073
731 1430
732 1671
733 922
733 1752
733 1104
734 1412
734 1611
734 1999
735 816
735 1117
735 810
736 1137
736 1104
736 1614
738 868
738 1036
739 949
739 1105
740 868
741 1460
741 1938
742 1360
743 1100
743 890
743 930
744 1740
744 1301
745 1115
745 1785
746 1350
746 1103
747 1659
747 1736
747 1706
748 1505
749 1461
749 1942
750 1629
750 1454
751 1160
751 1110
752 1421
752 1978
753 1134
753 1091
754 1067
755 1763
755 1202
756 1282
756 1903
757 963
758 1292
758 890
758 1641
759 1333
760 769
761 1687
762 1837
762 1929
763 1541
763 1553
765 1354
765 1875
765 1612
766 1608
766 1520
767 1210
767 926
767 1416
768 857
768 1686
770 983
770 1981
771 1491
771 1066
771 1716
772 1701
772 1051
773 1019
773 1841
774 1542
774 904
775 1623
775 944
775 1597
776 1938
777 1159
778 1048
778 1331
778 1700
779 1759
779 1909
780 1393
780 1196
781 1895
782 1289
782 1167
783 1665
783 1987
784 1479
785 1864
786 1843
788 1599
788 1952
790 1024
790 1609
790 1514
791 1194
792 1745
792 1833
792 1351
793 1268
793 1699
794 1404
794 957
795 1441
795 1445
796 1281
796 1700
798 1083
799 1230
801 1667
801 1835
802 898
802 1550
803 1577
803 1842
803 1010
804 1876
805 1025
805 1483
805 1864
806 1431
808 1644
809 821
809 1804
809 1337
810 1647
811 913
811 1148
813 1732
813 1214
814 1146
814 1890
815 1749
815 1883
815 1525
816 1007
817 1845
817 1470
817 1316
818 1029
819 1719
819 959
819 881
820 1778
820 1081
820 977
822 1558
822 1150
822 1316
823 958
823 984
823 1193
824 1858
824 1399
825 1164
825 1882
825 860
826 945
826 1189
826 1956
827 1392
827 1922
827 1055
828 1951
828 1614
829 1009
829 1823
830 1208
830 1619
831 1617
831 1871
832 1024
832 1161
833 871
833 1564
833 1045
834 926
834 1018
834 1397
835 1164
835 1294
836 1458
836 1131
837 872
837 1438
837 1415
838 1427
838 1881
839 1689
839 1312
840 1956
840 1023
841 1266
842 1004
843 1241
843 1861
843 1500
844 997
844 1958
845 1043
845 1507
845 974
846 1673
846 1842
847 1624
848 1998
849 1342
849 1678
849 1778
850 1109
850 1472
851 859
851 1453
851 1745
852 1606
852 1111
853 1343
854 1579
854 1608
855 928
855 1393
856 1909
856 1252
858 1627
858 937
859 1216
860 1370
861 1059
861 1625
862 917
863 1894
863 1984
863 918
864 1652
864 1429
865 1022
865 929
865 1725
866 1380
866 930
866 1771
867 1585
868 1683
869 1687
869 1580
870 1235
870 1561
871 1277
872 1917
873 1880
874 1612
875 1741
876 893
877 1844
877 1706
877 1189
878 1078
878 951
879 1243
880 1042
880 1518
881 1853
881 1514
882 1600
882 1334
883 1367
883 1857
884 1844
884 952
885 1283
885 1442
886 1785
886 1567
887 1023
887 1611
888 907
888 1675
889 1923
889 1941
889 1839
890 1524
891 1560
892 1859
892 1634
893 916
894 1629
894 1874
895 1816
895 1734
896 1000
896 1524
897 1239
897 931
898 1913
899 1164
900 1566
901 1475
901 1628
901 1244
902 1866
903 1535
903 1605
904 1592
905 1063
905 1007
906 1094
906 1551
906 1961
907 1165
907 1884
908 1553
909 1626
910 1118
910 1112
911 1959
914 1371
915 1967
915 1988
916 925
917 1492
917 1087
918 1334
918 1516
919 968
920 1852
921 1083
921 1519
922 1711
923 1945
923 1197
923 1827
925 1996
927 1912
927 1738
928 994
928 1767
930 1727
931 1540
931 1103
932 1496
932 1128
932 1546
933 1865
933 1783
934 1963
934 1505
935 1049
935 1850
936 939
936 1230
937 1039
938 1279
940 1121
940 1478
940 995
941 1020
941 1003
943 975
943 1849
944 1052
945 1761
945 1213
946 1299
946 1750
947 1498
947 1926
947 1017
948 1836
949 1377
950 1973
950 1978
951 1275
952 1589
952 1066
953 1551
953 1583
954 1415
954 1997
954 1100
955 1116
955 1956
956 1324
957 1821
958 1329
960 1795
960 1986
961 1881
961 1909
962 1879
963 1185
964 1016
964 1383
966 1551
967 1805
967 1409
967 1222
968 1020
969 1998
969 1927
969 1654
970 1719
970 1402
971 1505
971 1805
972 1862
972 1566
973 1098
974 1737
974 1621
975 1079
975 1777
976 1930
976 1203
977 1324
979 1679
979 1565
980 1527
981 1442
981 1828
981 1409
982 1055
982 1627
982 1266
983 1780
984 1079
985 1236
985 1594
985 1597
986 1305
986 1728
987 1924
987 1937
988 1921
989 1979
989 1684
991 1779
991 1595
991 1609
992 1457
992 1944
993 1028
993 1660
994 1089
995 1645
995 1712
996 1296
997 1643
998 1175
998 1427
998 1338
999 1903
1000 1229
1001 1714
1002 1072
1002 1271
1002 1968
1003 1786
1003 1134
1004 1744
1004 1279
1005 1941
1005 1624
1005 1177
1006 1070
1006 1501
1006 1985
1007 1441
1008 1580
1009 1382
1010 1473
1011 1391
1011 1215
1012 1907
1012 1163
1013 1345
1013 1133
1014 1868
1015 1728
1015 1992
1017 1145
1018 1195
1018 1185
1019 1715
1020 1543
1021 1060
1021 1976
1021 1412
1022 1108
1025 1710
1026 1419
1026 1656
1026 1910
1028 1296
1029 1057
1030 1598
1030 1225
1030 1682
1031 1731
1031 1423
1032 1058
1033 1189
1033 1445
1034 1625
1034 1757
1035 1423
1035 1249
1035 1106
1036 1107
1036 1539
1037 1807
1037 1265
1037 1211
1039 1966
1040 1139
1040 1328
1040 1227
1041 1997
1041 1845
1043 1571
1044 1924
1045 1474
1045 1800
1046 1787
1046 1088
1047 1135
1050 1122
1051 1141
1052 1953
1053 1818
1053 1343
1054 1257
1054 1116
1054 1685
1056 1261
1056 1064
1056 1782
1057 1180
1058 1176
1061 1303
1062 1723
1062 1323
1063 1517
1064 1521
1064 1600
1066 1701
1067 1305
1067 1138
1069 1218
1069 1088
1070 1350
1070 1448
1071 1639
1071 1168
1073 1106
1074 1182
1074 1756
1075 1599
1075 1229
1076 1105
1076 1603
1077 1582
1078 1206
1079 1701
1080 1830
1080 1470
1080 1558
1081 1549
1082 1869
1082 1120
1083 1204
1084 1402
1084 1896
1084 1893
1085 1610
1085 1994
1086 1831
1086 1274
1087 1892
1089 1831
1090 1737
1090 1452
1092 1982
1093 1965
1093 1698
1094 1800
1095 1433
1095 1148
1096 1972
1096 1588
1097 1356
1098 1720
1099 1417
1101 1272
1101 1766
1101 1733
1102 1319
1103 1320
1104 1996
1105 1484
1106 1454
1107 1335
1107 1447
1108 1658
1109 1200
1110 1949
1110 1175
1111 1385
1111 1902
1112 1794
1113 1680
1113 1119
1114 1177
1114 1145
1114 1847
1115 1479
1115 1910
1117 1405
1117 1387
1118 1434
1118 1718
1119 1966
1120 1707
1122 1794
1122 1601
1123 1506
1124 1342
1124 1768
1125 1335
1126 1666
1127 1225
1127 1327
1127 1814
1129 1563
1130 1257
1130 1569
1131 1627
1131 1974
1133 1683
1134 1427
1136 1959
1136 1734
1137 1546
1137 1278
1140 1241
1140 1532
1142 1717
1143 1278
1143 1856
1144 1780
1144 1838
1144 1533
1146 1573
1147 1268
1149 1355
1150 1601
1150 1194
1151 1271
1152 1440
1152 1563
1153 1826
1153 1871
1153 1993
1154 1317
1154 1296
1155 1177
1156 1287
1157 1854
1158 1471
1158 1801
1159 1338
1159 1914
1161 1288
1162 1477
1162 1367
1163 1284
1165 1410
1165 1743
1166 1602
1167 1260
1167 1638
1169 1648
1170 1919
1170 1666
1171 1910
1172 1534
1173 1371
1174 1541
1174 1444
1175 1622
1176 1967
1176 1462
1178 1242
1178 1641
1181 1576
1181 1250
1184 1548
1186 1838
1187 1806
1187 1356
1188 1963
1190 1810
1190 1502
1191 1413
1191 1667
1192 1905
1195 1836
1196 1572
1196 1935
1197 1385
1198 1670
1198 1351
1199 1273
1200 1650
1201 1241
1203 1471
1203 1754
1204 1621
1206 1649
1207 1552
1209 1504
1209 1474
1209 1287
1210 1408
1210 1758
1211 1902
1212 1947
1213 1884
1214 1435
1215 1791
1217 1789
1217 1806
1218 1338
1219 1351
1219 1586
1220 1439
1220 1709
1221 1312
1221 1790
1221 1607
1222 1375
1222 1238
1223 1671
1226 1354
1226 1585
1226 1238
1227 1796
1228 1486
1229 1312
1230 1462
1231 1901
1231 1459
1231 1474
1232 1485
1233 1371
1234 1308
1235 1430
1235 1299
1239 1486
1240 1942
1240 1792
1242 1795
1242 1323
1243 1796
1244 1478
1245 1250
1246 1379
1246 1524
1247 1503
1247 1954
1248 1587
1248 1349
1249 1536
1250 1847
1254 1656
1256 1394
1256 1749
1258 1436
1259 1682
1259 1802
1260 1384
1261 1336
1263 1522
1264 1765
1264 1857
1265 1762
1265 1678
1267 1645
1267 1537
1269 1650
1270 1497
1272 1463
1273 1679
1273 1662
1275 1805
1275 1726
1276 1704
1277 1301
1278 1601
1279 1782
1280 1531
1281 1920
1283 1532
1284 1369
1285 1955
1286 1633
1287 1940
1288 1561
1288 1590
1290 1310
1291 1504
1292 1578
1292 1885
1293 1523
1294 1936
1295 1586
1295 1912
1297 1692
1299 1575
1300 1811
1300 1476
1304 1733
1306 1396
1306 1656
1307 1834
1308 1770
1308 1660
1309 1420
1309 1531
1310 1971
1310 1748
1311 1530
1313 1900
1314 1690
1315 1643
1316 1783
1320 1889
1321 1382
1321 1502
1322 1559
1322 1428
1322 1510
1323 1410
1324 1703
1325 1626
1326 1483
1327 1937
1327 1465
1328 1869
1329 1916
1330 1710
1332 1517
1333 1694
1335 1529
1339 1705
1339 1961
1339 1895
1340 1826
1341 1648
1341 1380
1342 1790
1344 1980
1344 1920
1344 1360
1346 1855
1346 1887
1347 1390
1347 1935
1348 1436
1348 1460
1349 1724
1352 1791
1352 1751
1353 1396
1354 1365
1355 1829
1357 1719
1357 1588
1358 1482
1358 1569
1359 1631
1361 1392
1361 1449
1362 1713
1363 1654
1365 1709
1366 1414
1366 1893
1367 1797
1368 1854
1368 1757
1369 1607
1370 1579
1372 1634
1373 1584
1373 1952
1376 1825
1378 1798
1378 1965
1378 1604
1379 1876
1381 1882
1382 1677
1384 1813
1385 1473
1386 1517
1386 1508
1387 1915
1388 1960
1389 1532
1389 1425
1390 1714
1391 1729
1391 1888
1392 1467
1394 1969
1394 1916
1395 1674
1395 1468
1396 1891
1397 1426
1397 1848
1398 1449
1400 1665
1400 1571
1401 1461
1404 1557
1404 1725
1406 1528
1406 1853
1406 1666
1407 1786
1407 1699
1407 1820
1408 1925
1409 1582
1411 1827
1413 1787
1413 1542
1414 1971
1416 1922
1417 1823
1417 1867
1418 1751
1424 1645
1428 1961
1428 1882
1429 1790
1430 1698
1431 1908
1432 1712
1432 1984
1433 1732
1433 1713
1437 1662
1437 1615
1439 1970
1439 1812
1440 1705
1440 1828
1441 1783
1442 1808
1443 1619
1444 1955
1445 1691
1446 1819
1446 1864
1447 1784
1448 1748
1450 1833
1451 1515
1451 1580
1451 1635
1452 1873
1454 1735
1455 1490
1456 1694
1458 1596
1458 1926
1464 1486
1464 1610
1465 1779
1466 1562
1467 1596
1468 1860
1470 1971
1471 1696
1472 1918
1475 1583
1476 1774
1477 1749
1478 1685
1481 1718
1481 1901
1481 1518
1482 1908
1485 1886
1485 1581
1487 1867
1487 1714
1488 1490
1489 1639
1491 1775
1491 1721
1493 1716
1493 1695
1493 1811
1494 1644
1495 1592
1495 1991
1496 1902
1497 1828
1497 1683
1498 1852
1498 1526
1499 1680
1499 1604
1499 1793
1500 1943
1501 1797
1502 1987
1503 1996
1504 1546
1508 1989
1509 1594
1512 1918
1512 1657
1513 1678
1514 1593
1516 1813
1516 1981
1519 1825
1522 1659
1523 1631
1525 1772
1526 1878
1529 1908
1530 1932
1530 1800
1533 1856
1533 1982
1534 1560
1535 1877
1535 1687
1536 1740
1539 1598
1541 1798
1542 1607
1545 1795
1547 1845
1552 1585
1555 1837
1556 1642
1557 1911
1557 1809
1558 1755
1559 1898
1560 1674
1561 1764
1563 1947
1567 1984
1570 1782
1572 1670
1572 1911
1574 1667
1575 1618
1576 1752
1577 1617
1578 1789
1579 1862
1581 1766
1582 1839
1584 1906
1587 1615
1590 1759
1593 1857
1595 1921
1596 1881
1600 1726
1602 1964
1602 1965
1603 1896
1606 1890
1613 1898
1613 1671
1617 1772
1618 1860
1619 1840
1620 1859
1620 1756
1622 1879
1623 1773
1630 1808
1630 1759
1632 1738
1633 1824
1633 1945
1634 1865
1635 1745
1636 1748
1636 1815
1636 1791
1637 1927
1637 1904
1639 1875
1640 1949
1644 1803
1646 1945
1647 1990
1648 1862
1650 1736
1651 1770
1653 1685
1655 1676
1660 1939
1661 1770
1663 1669
1664 1968
1664 1739
1664 1829
1669 1897
1672 1916
1674 1872
1676 1691
1676 1815
1679 1808
1681 1769
1682 1688
1684 1871
1686 1893
1686 1724
1688 1894
1688 1964
1689 1886
1693 1919
1702 1706
1702 1827
1703 1900
1705 1727
1707 1931
1708 1720
1710 1723
1717 1725
1720 1771
1721 1991
1721 1980
1723 1747
1730 1911
1730 1835
1731 1821
1739 1785
1742 1830
1751 1915
1753 1957
1755 1850
1755 1940
1756 1766
1758 1781
1760 1897
1761 1914
1762 1977
1763 1878
1768 1926
1769 1991
1774 1928
1779 1781
1786 1999
1796 1802
1803 1815
1819 1972
1820 1836
1824 1854
1830 1840
1832 1899
1834 1973
1835 1931
1841 1906
1847 1883
1849 1933
1855 1979
1859 1955
1863 1939
1866 1900
1873 1950
1885 1989
1886 1962
1891 1905
1897 1992
1923 1950
1968 1969
1969 1989
1970 1986
1983 1993
