0 1120
0 193
0 1839
1 917
1 1161
1 883
2 783
2 1547
2 1451
3 812
3 867
3 433
4 1369
4 1755
4 15
5 857
5 1586
5 1275
6 1750
6 1490
6 323
7 2068
7 1780
7 473
8 1154
8 1048
8 2048
9 534
9 1947
9 946
10 1521
10 1976
10 63
11 1531
11 1622
11 1775
12 906
12 81
12 745
13 1127
13 1666
13 449
14 1867
14 2013
14 1355
15 1137
15 45
16 1474
16 1489
16 2042
17 948
17 1432
17 369
18 1729
18 556
18 258
19 927
19 521
19 545
20 1164
20 1784
20 1503
21 979
21 399
21 459
22 937
22 226
22 1295
23 550
23 118
23 1220
24 172
24 52
24 261
25 2065
25 238
25 1113
26 1676
26 1787
26 1297
27 608
27 1327
27 602
28 894
28 1549
28 60
29 1292
29 285
29 991
30 1106
30 446
30 912
31 380
31 1974
31 1012
32 414
32 1555
32 982
33 1523
33 1525
33 863
34 1370
34 302
34 1590
35 1904
35 748
35 453
36 601
36 602
36 809
37 255
37 1385
37 2070
38 1995
38 103
38 1483
39 1639
39 972
39 1720
40 1517
40 1924
40 846
41 1886
41 775
41 834
42 853
42 614
42 208
43 684
43 1965
43 451
44 1192
44 175
44 1686
45 1353
45 1224
46 1967
46 778
46 750
47 2012
47 811
47 1533
48 675
48 226
48 1091
49 150
49 254
49 1910
50 1565
50 1997
50 69
51 131
51 572
51 1510
52 436
52 1887
53 1354
53 1865
53 1457
54 1267
54 1356
54 1416
55 1034
55 949
55 754
56 474
56 479
56 789
57 1255
57 1216
57 1072
58 1091
58 542
58 1516
59 2055
59 656
59 187
60 2030
60 1845
61 312
61 692
61 1236
62 1108
62 1726
62 1133
63 266
63 467
64 687
64 1290
64 318
65 1864
65 930
65 1338
66 1065
66 1418
66 1705
67 1123
67 984
67 1455
68 482
68 484
68 1445
69 1895
69 115
70 431
70 500
70 1802
71 300
71 113
71 1463
72 1164
72 607
72 1911
73 1304
73 593
73 879
74 1001
74 1630
74 953
75 951
75 1535
75 878
76 232
76 723
76 437
77 1840
77 508
77 1119
78 1049
78 751
78 155
79 189
79 2001
79 362
80 1223
80 758
80 1589
81 400
81 1587
82 1487
82 2059
82 694
83 1449
83 791
83 948
84 268
84 1652
84 782
85 1169
85 1963
85 2008
86 120
86 1962
86 1071
87 859
87 1065
87 229
88 206
88 1897
88 1876
89 634
89 225
89 1504
90 768
90 1953
90 757
91 1021
91 2048
91 162
92 686
92 388
92 1685
93 1340
93 625
93 2071
94 579
94 1868
94 159
95 313
95 303
95 381
96 1135
96 1412
96 2011
97 1980
97 561
97 243
98 688
98 657
98 251
99 349
99 616
99 1623
100 235
100 1887
100 963
101 1483
101 541
101 1335
102 1017
102 2035
102 268
103 933
103 1346
104 1862
104 827
104 247
105 1685
105 672
105 1536
106 1204
106 1259
106 1230
107 1522
107 1446
107 1045
108 710
108 169
108 2004
109 688
109 941
109 1471
110 1988
110 1636
110 1903
111 946
111 1684
111 1688
112 1393
112 1297
112 1640
113 1130
113 1558
114 232
114 1383
114 424
115 1271
115 1636
116 677
116 461
116 1004
117 1621
117 1095
117 2063
118 1769
118 193
119 1628
119 1058
119 1655
120 1225
120 370
121 639
121 762
121 603
122 1420
122 330
122 1719
123 1959
123 132
123 1019
124 266
124 1028
124 384
125 1433
125 1222
125 144
126 1183
126 291
126 513
127 287
127 363
127 1036
128 2030
128 1679
128 1063
129 1361
129 613
129 2005
130 755
130 1927
130 142
131 1419
131 1396
132 1890
132 285
133 661
133 376
133 1601
134 1217
134 853
134 603
135 1110
135 1477
135 1996
136 780
136 1409
136 528
137 1825
137 778
137 964
138 903
138 1886
138 1169
139 1402
139 1121
139 282
140 1733
140 688
140 811
141 154
141 916
141 1209
142 2009
142 448
143 1134
143 1610
143 558
144 1980
144 945
145 1538
145 2047
145 1574
146 1804
146 1545
146 1339
147 1456
147 1342
147 1518
148 785
148 978
148 551
149 1560
149 960
149 739
150 1837
150 1683
151 825
151 1127
151 1902
152 1495
152 560
152 872
153 1522
153 883
153 261
154 1145
154 1906
155 222
155 1028
156 388
156 535
156 835
157 1443
157 1191
157 1359
158 1171
158 533
158 393
159 1448
159 1329
160 1534
160 499
160 804
161 722
161 637
161 541
162 806
162 737
163 882
163 1575
163 1168
164 1227
164 892
164 554
165 576
165 751
165 1702
166 583
166 1044
166 1149
167 489
167 1644
167 1830
168 383
168 847
168 1935
169 1268
169 1557
170 1387
170 1819
170 876
171 230
171 1633
171 756
172 1384
172 1751
173 1909
173 553
173 530
174 812
174 785
174 1331
175 1103
175 378
176 642
176 1111
176 1167
177 447
177 250
177 1985
178 1920
178 803
178 946
179 1803
179 2012
179 1614
180 1120
180 1116
180 1668
181 344
181 1869
181 1283
182 1476
182 1027
182 2098
183 669
183 329
183 1469
184 803
184 851
184 1196
185 207
185 1081
185 1854
186 1607
186 1783
186 1134
187 366
187 725
188 1975
188 708
188 481
189 324
189 1774
190 2075
190 1138
190 813
191 1511
191 1435
191 1184
192 1226
192 1377
192 307
193 1834
194 1900
194 1683
194 1375
195 1202
195 1237
195 2028
196 1631
196 608
196 575
197 1458
197 726
197 705
198 1033
198 1399
198 225
199 273
199 2058
199 2028
200 2086
200 910
200 1764
201 1156
201 1868
201 1582
202 1251
202 668
202 1646
203 870
203 950
203 1315
204 417
204 1480
204 1427
205 1666
205 1757
205 252
206 630
206 342
207 1333
207 215
208 926
208 519
209 301
209 974
209 1857
210 1403
210 580
210 496
211 2019
211 1591
211 228
212 1533
212 1282
212 1668
213 241
213 1013
213 2031
214 1624
214 1662
214 374
215 1397
215 1237
216 447
216 1584
216 1390
217 518
217 1600
217 301
218 1659
218 1763
218 931
219 401
219 1708
219 795
220 659
220 649
220 1933
221 1782
221 1524
221 1042
222 2085
222 1506
223 355
223 1923
223 469
224 1733
224 1561
224 1209
225 1380
226 878
227 1070
227 1371
227 1221
228 1916
228 992
229 1820
229 2099
230 702
230 1124
231 909
231 1009
231 503
232 1832
233 1771
233 287
233 864
234 1012
234 1322
234 1101
235 1003
235 334
236 1321
236 1855
236 1534
237 915
237 2088
237 1747
238 359
238 349
239 1683
239 865
239 1594
240 605
240 733
240 746
241 247
241 1718
242 1808
242 490
242 774
243 873
243 1395
244 1027
244 1955
244 848
245 1460
245 1020
245 1154
246 1970
246 1695
246 1159
247 1675
248 525
248 1864
248 1370
249 963
249 737
249 419
250 1862
250 420
251 2016
251 976
252 998
252 934
253 850
253 1003
253 1206
254 1055
254 459
255 1768
255 1852
256 717
256 1303
256 1724
257 1160
257 862
257 1194
258 370
258 594
259 1670
259 1970
259 1053
260 818
260 598
260 1718
261 1358
262 1107
262 510
262 1239
263 1372
263 1231
263 1159
264 784
264 355
264 755
265 530
265 386
265 1972
266 1473
267 528
267 1182
267 1680
268 858
269 1082
269 348
269 1109
270 1036
270 1392
270 996
271 497
271 841
271 1970
272 1491
272 567
272 1587
273 405
273 389
274 1978
274 1372
274 347
275 2086
275 598
275 923
276 553
276 1292
276 473
277 414
277 1824
277 1187
278 698
278 1625
278 1696
279 1738
279 293
279 1227
280 351
280 1728
280 2093
281 747
281 523
281 1913
282 704
282 1742
283 2077
283 794
283 993
284 1012
284 452
284 2089
285 1900
286 1899
286 1925
286 822
287 2049
288 1755
288 1048
288 1979
289 762
289 1744
289 1603
290 1973
290 905
290 701
291 1512
291 1605
292 315
292 1581
292 1915
293 384
293 1554
294 1159
294 763
294 1737
295 1074
295 1515
295 693
296 1801
296 977
296 1941
297 1822
297 1418
297 1265
298 625
298 594
298 639
299 1892
299 537
299 574
300 1694
300 1514
301 705
302 1534
302 1006
303 1487
303 1083
304 416
304 1669
304 1658
305 415
305 869
305 782
306 1567
306 1503
306 1999
307 555
307 319
308 787
308 1758
308 956
309 1015
309 673
309 612
310 575
310 995
310 666
311 1645
311 1026
311 596
312 917
312 1404
313 1099
313 1843
314 1062
314 429
314 984
315 580
315 547
316 1518
316 713
316 2060
317 1706
317 696
317 854
318 725
318 855
319 1794
319 1238
320 1649
320 1850
320 868
321 2039
321 1126
321 1979
322 1498
322 1177
322 714
323 1611
323 1086
324 1720
324 1550
325 1190
325 1391
325 588
326 1450
326 395
326 1170
327 1890
327 1561
327 1564
328 1657
328 346
328 1762
329 1352
329 1069
330 964
330 957
331 1825
331 1680
331 1310
332 944
332 1370
332 522
333 1249
333 2078
333 1528
334 1983
334 1763
335 787
335 1667
335 1071
336 461
336 1740
336 821
337 1629
337 2027
337 1202
338 1544
338 668
338 1629
339 375
339 793
339 1282
340 1258
340 2099
340 1794
341 1678
341 1494
341 911
342 429
342 877
343 445
343 513
343 365
344 809
344 1593
345 1551
345 1606
345 1563
346 501
346 631
347 2062
347 1289
348 1703
348 562
349 599
350 627
350 507
350 1611
351 382
351 1863
352 463
352 1938
352 1145
353 2025
353 869
353 920
354 838
354 984
354 1139
355 1380
356 2063
356 1262
356 954
357 929
357 656
357 1442
358 1907
358 673
358 2046
359 1872
359 632
360 2097
360 1463
360 1739
361 652
361 811
361 889
362 1363
362 1165
363 1284
363 734
364 1218
364 1080
364 2064
365 1306
365 1275
366 1166
366 1016
367 1445
367 1040
367 1373
368 1342
368 1818
368 610
369 615
369 704
370 2080
371 1104
371 1112
371 581
372 899
372 448
372 1618
373 1806
373 1148
373 908
374 503
374 616
375 1658
375 646
376 1143
376 1061
377 1335
377 1040
377 1232
378 1960
378 725
379 843
379 2092
379 2072
380 1256
380 914
381 1991
381 1949
382 2050
382 1179
383 1548
383 1911
384 1910
385 1472
385 558
385 2013
386 428
386 790
387 1410
387 2093
387 1641
388 1295
389 432
389 1453
390 2014
390 1617
390 990
391 532
391 731
391 1376
392 1078
392 1050
392 1319
393 410
393 1729
394 453
394 890
394 1114
395 1365
395 1112
396 1073
396 1704
396 1438
397 1528
397 460
397 1855
398 1699
398 861
398 1490
399 1186
399 1322
400 514
400 1744
401 1951
401 2052
402 504
402 592
402 992
403 626
403 1035
403 421
404 1993
404 1276
404 483
405 1513
405 587
406 495
406 681
406 988
407 1952
407 511
407 2070
408 727
408 1113
408 943
409 1306
409 1008
409 1052
410 1342
410 860
411 491
411 1904
411 1367
412 546
412 1341
412 1608
413 1700
413 1878
413 1765
414 859
415 965
415 449
416 607
416 505
417 445
417 1550
418 1504
418 1520
418 1961
419 1460
419 1525
420 1884
420 1134
421 1417
421 1144
422 1509
422 1185
422 478
423 620
423 1691
423 1289
424 2084
424 985
425 1298
425 1963
425 1602
426 654
426 1406
426 434
427 715
427 609
427 768
428 790
428 1440
429 565
430 1388
430 1015
430 1693
431 1152
431 1244
432 987
432 1860
433 1882
433 789
434 1056
434 1470
435 2083
435 1422
435 1139
436 548
436 2027
437 846
437 1453
438 466
438 1163
438 1859
439 1333
439 986
439 844
440 1314
440 1238
440 581
441 761
441 738
441 598
442 1010
442 1146
442 1632
443 1730
443 2060
443 1772
444 1058
444 1097
444 1907
445 816
446 476
446 2092
447 621
448 927
449 1280
450 871
450 573
450 1324
451 1753
451 2007
452 776
452 1419
453 1369
454 1037
454 1562
454 2092
455 1359
455 1847
455 824
456 1830
456 1184
456 1198
457 1560
457 1473
457 1430
458 1454
458 1021
458 1805
459 878
460 1869
460 1452
461 1926
462 1932
462 638
462 1588
463 1541
463 1710
464 810
464 1687
464 1668
465 1571
465 833
465 703
466 1423
466 1407
467 717
467 1799
468 2039
468 1712
468 582
469 2079
469 1700
470 1010
470 1256
470 1578
471 764
471 1670
471 1141
472 1532
472 887
472 517
473 1711
474 974
474 885
475 557
475 839
475 1401
476 2015
476 805
477 1369
477 1704
477 748
478 848
478 1686
479 577
479 1242
480 781
480 1832
480 645
481 911
481 1971
482 1714
482 1730
483 752
483 809
484 1802
484 908
485 1059
485 696
485 1915
486 1827
486 1940
486 542
487 1257
487 766
487 1862
488 2017
488 1610
488 1789
489 2050
489 1002
490 1606
490 1001
491 1180
491 1791
492 1548
492 902
492 1115
493 1913
493 1903
493 1722
494 989
494 1128
494 1491
495 1099
495 891
496 979
496 740
497 845
497 682
498 1624
498 1023
498 1870
499 1155
499 843
500 1782
500 1736
501 1457
501 1382
502 741
502 994
502 2012
503 780
504 1076
504 1883
505 693
505 784
506 1592
506 1000
506 1806
507 2036
507 736
508 1537
508 1928
509 2022
509 1848
509 1301
510 1998
510 910
511 826
511 786
512 1095
512 842
512 2053
513 1551
514 1966
514 1193
515 1217
515 775
515 1045
516 1094
516 1963
516 1649
517 588
517 1723
518 1643
518 995
519 548
519 1538
520 1689
520 1293
520 1508
521 1177
521 2081
522 2006
522 1664
523 1439
523 1663
524 971
524 1843
524 1795
525 1022
525 1299
526 1502
526 890
526 663
527 1944
527 1957
527 1189
528 1602
529 2031
529 1041
529 1474
530 1524
531 1488
531 1798
531 1479
532 1773
532 1051
533 831
533 1713
534 1198
534 749
535 1800
535 1265
536 802
536 1236
536 578
537 1524
537 834
538 1975
538 1205
538 956
539 1748
539 2051
539 2027
540 1556
540 875
540 856
541 1765
542 1060
543 2091
543 2024
543 1254
544 1132
544 1819
544 1215
545 1128
545 874
546 1570
546 855
547 1252
547 1919
548 1989
549 1326
549 1988
549 1009
550 1671
550 1036
551 1545
551 989
552 1456
552 1414
552 1139
553 1346
554 972
554 744
555 1312
555 2071
556 1539
556 907
557 1153
557 869
558 2029
559 1757
559 1461
559 1680
560 1401
560 1870
561 808
561 1260
562 1075
562 1466
563 1838
563 1703
563 1990
564 591
564 1523
564 2029
565 1977
565 1658
566 827
566 1854
566 966
567 1771
567 968
568 1246
568 1653
568 1238
569 1751
569 1526
569 1483
570 1767
570 1838
570 1221
571 1213
571 1109
571 1520
572 1787
572 1210
573 1652
573 1411
574 678
574 1795
575 1790
576 1336
576 1705
577 866
577 1646
578 1500
578 1225
579 1416
579 1675
580 1990
581 2040
582 1248
582 677
583 1891
583 1399
584 993
584 2034
584 699
585 1933
585 1317
585 814
586 2041
586 1601
586 1061
587 1435
587 2053
588 678
589 1250
589 1734
589 1579
590 2055
590 724
590 2082
591 1992
591 1573
592 1787
592 1276
593 722
593 1574
594 1565
595 788
595 1108
595 746
596 2061
596 1753
597 978
597 716
597 2064
599 1994
599 716
600 1827
600 1789
600 1759
601 804
601 1077
602 1089
603 2068
604 1669
604 1825
604 1650
605 938
605 1249
606 1987
606 1838
606 866
607 1525
608 1450
609 1726
609 935
610 1724
610 1305
611 1237
611 1761
611 1924
612 2056
612 1193
613 2042
613 712
614 1261
614 662
615 1937
615 1502
616 1166
617 889
617 1278
617 1997
618 1215
618 698
618 1848
619 1576
619 707
619 1602
620 1600
620 1650
621 708
621 1968
622 1939
622 1179
622 653
623 1047
623 664
623 1203
624 962
624 833
624 779
625 1121
626 905
626 1005
627 1738
627 1978
628 658
628 672
628 1269
629 1427
629 940
629 730
630 1256
630 685
631 1340
631 707
632 1715
632 1286
633 2023
633 1851
633 1192
634 1411
634 1717
635 1994
635 1812
635 1882
636 1471
636 1257
636 1945
637 1932
637 888
638 1741
638 1956
639 1684
640 1305
640 1451
640 902
641 781
641 1543
641 1733
642 1888
642 777
643 1029
643 1467
643 1499
644 1603
644 1432
644 1565
645 2032
645 1093
646 1632
646 1259
647 822
647 1711
647 1414
648 1962
648 1867
648 1251
649 1748
649 1367
650 1151
650 1950
650 831
651 914
651 1440
651 1296
652 1025
652 956
653 731
653 2032
654 1094
654 1835
655 925
655 1250
655 1580
656 1655
657 684
657 1385
658 1928
658 1797
659 1746
659 939
660 723
660 1419
660 1464
661 801
661 680
662 955
662 1941
663 759
663 1577
664 1572
664 1402
665 1300
665 830
665 1424
666 1980
666 1278
667 1569
667 1845
667 2054
668 1060
669 1405
669 700
670 1754
670 1330
670 1331
671 1371
671 1969
671 2089
672 1114
673 771
674 1474
674 1423
674 706
675 1348
675 1642
676 1583
676 1186
676 1454
677 900
678 1807
679 1930
679 1334
679 975
680 2082
680 1328
681 1613
681 1893
682 1736
682 1639
683 1543
683 1405
683 1172
684 1341
685 1918
685 1073
686 1855
686 1881
687 1828
687 1413
689 875
689 1527
689 750
690 1561
690 1659
690 1594
691 1866
691 1494
691 1958
692 2053
692 1020
693 1506
694 980
694 1115
695 1389
695 826
695 1908
696 1404
697 1118
697 1103
697 1665
698 1671
699 1892
699 1331
700 709
700 1912
701 2003
701 1715
702 1751
702 747
703 2060
703 1047
704 1742
705 1184
706 1842
706 1519
707 1396
708 996
709 1437
709 1262
710 954
710 2036
711 1161
711 832
711 1250
712 1881
712 1545
713 837
713 1281
714 1813
714 1737
715 1365
715 945
716 1852
717 1672
718 1608
718 1612
718 1394
719 1991
719 757
719 1606
720 1797
720 848
720 1170
721 1861
721 1515
721 1341
722 1286
723 758
724 1313
724 730
726 884
726 1475
727 823
727 1210
728 752
728 2010
728 1639
729 1627
729 1986
729 1173
730 739
731 1041
732 1132
732 1717
732 1173
733 1546
733 1745
734 1808
734 1705
735 1098
735 1781
735 1264
736 1302
736 1001
737 1682
738 1566
738 1091
739 1531
740 1427
740 2047
741 767
741 1577
742 1911
742 790
742 1104
743 1750
743 1756
743 1811
744 1316
744 766
745 1580
745 1171
746 1597
747 1361
748 1653
749 2049
749 1508
750 1146
751 1195
752 1066
753 1576
753 1641
753 940
754 1996
754 1241
755 802
756 864
756 1042
757 849
758 2049
759 1666
759 2003
760 910
760 1482
760 1702
761 2002
761 1676
762 1019
763 1604
763 1590
764 1384
764 1328
765 1037
765 814
765 1942
766 1477
767 1167
767 1644
768 1082
769 1926
769 1759
769 884
770 1083
770 1887
770 1663
771 1915
771 1756
772 1187
772 1309
772 1851
773 1242
773 969
773 1067
774 1128
774 1018
775 1017
776 1599
776 2023
777 1804
777 1093
778 1469
779 1948
779 1181
780 1475
781 1774
782 868
783 839
783 1821
784 794
785 2063
786 1326
786 1741
787 1172
788 1314
788 1031
789 1447
791 2076
791 1917
792 1847
792 955
792 1959
793 1092
793 886
794 1984
795 1374
795 2014
796 958
796 1789
796 810
797 1660
797 1829
797 919
798 1333
798 1898
798 2023
799 1467
799 1116
799 1413
800 1157
800 2002
800 1651
801 1387
801 1348
802 1175
803 1638
804 1849
805 1994
805 968
806 1421
806 1475
807 1884
807 1344
807 1411
808 1240
808 1312
810 1147
812 905
813 1323
813 1434
814 1511
815 1584
815 1330
815 1885
816 1317
816 1117
817 1976
817 961
817 1039
818 1200
818 2055
819 983
819 1990
819 1904
820 1927
820 1280
820 2022
821 1327
821 1577
822 1288
823 1379
823 891
824 1954
824 2029
825 1181
825 1972
826 1654
827 1334
828 967
828 2096
828 1403
829 2068
829 1285
829 1885
830 1321
830 1160
831 918
832 1144
832 1722
833 1981
834 936
835 1513
835 1175
836 1597
836 1461
836 1251
837 1960
837 973
838 919
838 877
839 1324
840 963
840 2004
840 880
841 1096
841 1188
842 1646
842 966
843 1878
844 1857
844 1944
845 2046
845 1815
846 1732
847 1500
847 1481
849 1713
849 1313
850 1591
850 1270
851 1709
851 866
852 1030
852 1515
852 1213
853 1846
854 1368
854 1618
855 1513
856 1987
856 1725
857 1376
857 1378
858 1294
858 1544
859 2087
860 1940
860 960
861 2009
861 1616
862 1176
862 1302
863 1011
863 897
864 1225
865 917
865 1008
867 1905
867 1895
868 1098
870 1530
870 1675
871 1879
871 1008
872 1314
872 1588
873 1630
873 1734
874 1557
874 982
875 1589
876 1186
876 934
877 1025
879 1656
879 1318
880 1495
880 1446
881 1530
881 1648
881 1957
882 1629
882 895
883 1998
884 1481
885 1715
885 1343
886 1506
886 1429
887 2062
887 1979
888 1136
888 1433
889 930
890 1049
891 1014
892 1366
892 1217
893 1383
893 1954
893 1129
894 898
894 1520
895 1038
895 1051
896 1100
896 1398
896 1954
897 1281
897 1304
898 1219
898 1438
899 1729
899 1085
900 1355
900 1814
901 1783
901 1779
901 2033
902 1760
903 2080
903 1622
904 1230
904 1863
904 1390
906 1029
906 1637
907 925
907 1476
908 1459
909 1631
909 1398
911 1069
912 1010
912 1943
913 1471
913 1727
913 1343
914 1319
915 1833
915 1240
916 1731
916 1571
918 1778
918 1387
919 1628
920 1674
920 997
921 1207
921 1462
921 1289
922 1853
922 1866
922 1880
923 1967
923 1924
924 2025
924 1002
924 1181
925 1182
926 1593
926 1573
927 1243
928 1013
928 1587
928 1014
929 1486
929 1146
930 2065
931 1435
931 1835
932 1925
932 1071
932 1074
933 1453
933 2035
934 1429
935 977
935 1396
936 1246
936 1452
937 1076
937 1907
938 1431
938 1764
939 1700
939 1640
940 1024
941 2041
941 959
942 1478
942 1723
942 1094
943 1274
943 1752
944 1920
944 1003
945 1415
947 1035
947 1829
947 1494
948 1636
949 2094
949 2067
950 1213
950 1761
951 1669
951 2045
952 1347
952 1412
952 1496
953 998
953 1881
954 1893
955 1760
957 1706
957 1775
958 1424
958 1822
959 2058
959 1874
960 1607
961 970
961 1835
962 1439
962 1214
964 1982
965 1019
965 1505
966 1280
967 2061
967 1618
968 1813
969 1162
969 1790
970 1124
970 1657
971 1930
971 1143
972 2099
973 1207
973 1349
974 1744
975 1823
975 1613
976 1612
976 1579
977 1034
978 1059
979 2005
980 1222
980 1350
981 1943
981 1776
981 1955
982 1300
983 1420
983 1448
985 1616
985 1784
986 1156
986 1495
987 1922
987 1123
988 1877
988 1079
989 1234
990 1107
990 1180
991 1497
991 1024
992 1977
993 1689
994 1121
994 1583
995 1011
996 2054
997 1619
997 1707
998 1689
999 1135
999 1229
999 1221
1000 1961
1000 2043
1002 1721
1004 1493
1004 1277
1005 1038
1005 1778
1006 2024
1006 1192
1007 1583
1007 1946
1007 1985
1009 1951
1011 1344
1013 1931
1014 1301
1015 1741
1016 1731
1016 1945
1017 1330
1018 1620
1018 1190
1020 2052
1021 1185
1022 1800
1022 1404
1023 1909
1023 1788
1024 1311
1025 1987
1026 1054
1026 2040
1027 2025
1028 1541
1029 1950
1030 1309
1030 1456
1031 1983
1031 1875
1032 1712
1032 1630
1032 1366
1033 1693
1033 1466
1034 1332
1035 1850
1037 1329
1038 1842
1039 1142
1039 1194
1040 1410
1041 1699
1042 1532
1043 1110
1043 2091
1043 1949
1044 1315
1044 2021
1045 1136
1046 1414
1046 1160
1046 1505
1047 1651
1048 1429
1049 1125
1050 1916
1050 1338
1051 1839
1052 1106
1052 1428
1053 1406
1053 1698
1054 1152
1054 1973
1055 1445
1055 1735
1056 1972
1056 1247
1057 1284
1057 1671
1057 1408
1058 1529
1059 1945
1060 1285
1061 1663
1062 1779
1062 1817
1063 1434
1063 1150
1064 1476
1064 1158
1064 2042
1065 1131
1066 1608
1066 1772
1067 1849
1067 1937
1068 1212
1068 1908
1068 1834
1069 1158
1070 1628
1070 1621
1072 1472
1072 1191
1073 1837
1074 1691
1075 1263
1075 1172
1076 1873
1077 2030
1077 1469
1078 1707
1078 1228
1079 1313
1079 1976
1080 1788
1080 1263
1081 1196
1081 1274
1082 1961
1083 1199
1084 1224
1084 1230
1084 1893
1085 1437
1085 1783
1086 1510
1086 1824
1087 1814
1087 1803
1087 1809
1088 1269
1088 1272
1088 1749
1089 1793
1089 1507
1090 1347
1090 1811
1090 1601
1092 1417
1092 1697
1093 1617
1095 1921
1096 1488
1096 1864
1097 1255
1097 1735
1098 1502
1099 1241
1100 1984
1100 1695
1101 1481
1101 1856
1102 1796
1102 1609
1102 1742
1103 2015
1104 2021
1105 1425
1105 1485
1105 1552
1106 1805
1107 1638
1108 1539
1109 1676
1110 1626
1111 2071
1111 1698
1112 1831
1113 1936
1114 1268
1115 1364
1116 1550
1117 1294
1117 1307
1118 1315
1118 1187
1119 1633
1119 1140
1120 1499
1122 1349
1122 1760
1122 1161
1123 1302
1124 1273
1125 1394
1125 1492
1126 1693
1126 1798
1127 1440
1129 1728
1129 1245
1130 1812
1130 1383
1131 1273
1131 1291
1132 1151
1133 1373
1133 1496
1135 1807
1136 1197
1137 1255
1137 1552
1138 1492
1138 1351
1140 1659
1140 1205
1141 2028
1141 2008
1142 2050
1142 1379
1143 1365
1144 1373
1145 1204
1147 1148
1147 2008
1148 1801
1149 1266
1149 1553
1150 1364
1150 2037
1151 1375
1152 1327
1153 1473
1153 2061
1154 1909
1155 1780
1155 1312
1156 1888
1157 1245
1157 1953
1158 1621
1162 1458
1162 1955
1163 1485
1163 1995
1164 1510
1165 1753
1165 2079
1166 1397
1167 2087
1168 1965
1168 1405
1169 2052
1170 1514
1171 1752
1173 1253
1174 1344
1174 1357
1174 1952
1175 1667
1176 1883
1176 1766
1177 1555
1178 1200
1178 1903
1178 1706
1179 1351
1180 2074
1182 1277
1183 1585
1183 1889
1185 1562
1188 1812
1188 1329
1189 1758
1189 1288
1190 1926
1191 1989
1193 1919
1194 1588
1195 1570
1195 1489
1196 1547
1197 1556
1197 1635
1198 1870
1199 1271
1199 1216
1200 1858
1201 1830
1201 1239
1201 1660
1202 2066
1203 1553
1203 1323
1204 1595
1205 1770
1206 1578
1206 1728
1207 1273
1208 1802
1208 1585
1208 1349
1209 1644
1210 1301
1211 2015
1211 1335
1211 1567
1212 1754
1212 1799
1214 1929
1214 2076
1215 1360
1216 1749
1218 1579
1218 1931
1219 1360
1219 1389
1220 1305
1220 1428
1222 1883
1223 1899
1223 1701
1224 1296
1226 1591
1226 1270
1227 1542
1228 1488
1228 1318
1229 1368
1229 1786
1231 1351
1231 1594
1232 1951
1232 1703
1233 1912
1233 1785
1233 2017
1234 1457
1234 1894
1235 1850
1235 1559
1235 1442
1236 1455
1239 1484
1240 1840
1241 1403
1242 1841
1243 1740
1243 1757
1244 1973
1244 2020
1245 1426
1246 1794
1247 1390
1247 1942
1248 1873
1248 1645
1249 1261
1252 1732
1252 1400
1253 1937
1253 1421
1254 1992
1254 1935
1257 1298
1258 1307
1258 1897
1259 1902
1260 1905
1260 2016
1261 1889
1262 1323
1263 1424
1264 2072
1264 1581
1265 1833
1266 1981
1266 1539
1267 1702
1267 1527
1268 1459
1269 1358
1270 1605
1271 2080
1272 1785
1272 1853
1274 1916
1275 1734
1276 1507
1277 1412
1278 2095
1279 2094
1279 1820
1279 1557
1281 1441
1282 1598
1283 1679
1283 1428
1284 1656
1285 1357
1286 1781
1287 1654
1287 1964
1287 1378
1288 1426
1290 1401
1290 1921
1291 1375
1291 1798
1292 1586
1293 1386
1293 1914
1294 1908
1295 1785
1296 1922
1297 2076
1298 1828
1299 1563
1299 1540
1300 2082
1303 2087
1303 1640
1304 1876
1306 2039
1307 1856
1308 1975
1308 1662
1308 1490
1309 1620
1310 2037
1310 1874
1311 1320
1311 2073
1316 2018
1316 1872
1317 1902
1318 1764
1319 1656
1320 1616
1320 1817
1321 1878
1322 1337
1324 1769
1325 1934
1325 1826
1325 1484
1326 1497
1328 2018
1332 1846
1332 1582
1334 1879
1336 1430
1336 1818
1337 1681
1337 1877
1338 1944
1339 2044
1339 1425
1340 1725
1343 1664
1345 1777
1345 1352
1345 1509
1346 1861
1347 1356
1348 1559
1350 1567
1350 1912
1352 1684
1353 1713
1353 1385
1354 1394
1354 1452
1355 2075
1356 1969
1357 1458
1358 1533
1359 1376
1360 1558
1361 1388
1362 1816
1362 1986
1362 1891
1363 2083
1363 1766
1364 1806
1366 2018
1367 1493
1368 1687
1371 1681
1372 1898
1374 1892
1374 1844
1377 2038
1377 1847
1378 1388
1379 1651
1380 1814
1381 1786
1381 1811
1381 1823
1382 1556
1382 2057
1384 2051
1386 1927
1386 1730
1389 1634
1391 1913
1391 1774
1392 1917
1392 1619
1393 1939
1393 1536
1395 1635
1395 1840
1397 2094
1398 2045
1399 1698
1400 1844
1400 1719
1402 1568
1406 1562
1407 1670
1407 2066
1408 1581
1408 1773
1409 1642
1409 1482
1410 1623
1413 1542
1415 2005
1415 1548
1416 2077
1417 2084
1418 1823
1420 1824
1421 1568
1422 1845
1422 1489
1423 1637
1425 1875
1426 1708
1430 1831
1431 2026
1431 1828
1432 1493
1433 1767
1434 1720
1436 1747
1436 2044
1436 1716
1437 1790
1438 1936
1439 1735
1441 1681
1441 2041
1442 1837
1443 1660
1443 1593
1444 1584
1444 1793
1444 1596
1446 1796
1447 1755
1447 1894
1448 2013
1449 2026
1449 2038
1450 1627
1451 2097
1454 1871
1455 1463
1459 1820
1460 1762
1461 1472
1462 1580
1462 1604
1464 1941
1464 2070
1465 1795
1465 1821
1465 1765
1466 1745
1467 1648
1468 1899
1468 1988
1468 2096
1470 1521
1470 1482
1477 1895
1478 1815
1478 1933
1479 1486
1479 1664
1480 1609
1480 1956
1484 1821
1485 1889
1486 1682
1487 1971
1491 1826
1492 1816
1496 1867
1497 1836
1498 1596
1498 1633
1499 2075
1500 1626
1501 1560
1501 1573
1501 2059
1503 1737
1504 1991
1505 1809
1507 2090
1508 1796
1509 1631
1511 1650
1512 1834
1512 1637
1514 1929
1516 1966
1516 2078
1517 1673
1517 1672
1518 2079
1519 1768
1519 1553
1521 1936
1522 1879
1523 1888
1526 1816
1526 1818
1527 1549
1528 1585
1529 2057
1529 1564
1530 1989
1531 2056
1532 1871
1535 1905
1535 1696
1536 2004
1537 1901
1537 1784
1538 2022
1540 1997
1540 2088
1541 2003
1542 1780
1543 1826
1544 2020
1546 1841
1546 1948
1547 1575
1549 1857
1551 1942
1552 1688
1554 1572
1554 1678
1555 1570
1558 1687
1559 1770
1563 1956
1564 1914
1566 2051
1566 1882
1568 1791
1569 1589
1569 1586
1571 2058
1572 1822
1574 1762
1575 1661
1576 1914
1578 1745
1582 2073
1590 1598
1592 1868
1592 2074
1595 1696
1595 1858
1596 1690
1597 1615
1598 2002
1599 2006
1599 1873
1600 1918
1603 1966
1604 1777
1605 1829
1607 1861
1609 2010
1610 2009
1611 1739
1612 1731
1613 1743
1614 1788
1614 1756
1615 1772
1615 2069
1617 1925
1619 1934
1620 1859
1622 1627
1623 1930
1624 1688
1625 1993
1625 1750
1626 1809
1632 1648
1634 1856
1634 1653
1635 2016
1638 1819
1641 1906
1642 1777
1643 1721
1643 1770
1645 1769
1647 1831
1647 1771
1647 1869
1649 1752
1652 1993
1654 1697
1655 1971
1657 1984
1661 1804
1661 1929
1662 1938
1665 1721
1665 1779
1667 1674
1672 1948
1673 1727
1673 1799
1674 1958
1677 1901
1677 1891
1677 1747
1678 2011
1679 2033
1682 1968
1685 2085
1686 1844
1690 1978
1690 2007
1691 2014
1692 2024
1692 1726
1692 1872
1694 2019
1694 1793
1695 1919
1697 1871
1699 1704
1701 2065
1701 1982
1707 1977
1708 2090
1709 1965
1709 1896
1710 1716
1710 1863
1711 2077
1712 1727
1714 1880
1714 1901
1716 2040
1717 1815
1718 1928
1719 1732
1722 2073
1723 1841
1724 2010
1725 2031
1736 1852
1738 1817
1739 1763
1740 1952
1743 2019
1743 2048
1746 1910
1746 2001
1748 2098
1749 1875
1754 2098
1758 1846
1759 1900
1761 1876
1766 1957
1767 2089
1768 1896
1773 1946
1775 2017
1776 2062
1776 1998
1778 1890
1781 1884
1782 1947
1786 2035
1791 1896
1792 1854
1792 1968
1792 2057
1797 1996
1800 1950
1801 1959
1803 2037
1805 1923
1807 2078
1808 2034
1810 1865
1810 2066
1810 2069
1813 1836
1827 1833
1832 2032
1836 2044
1839 1858
1842 1860
1843 1953
1848 2095
1849 1974
1851 2020
1853 1897
1859 1874
1860 1985
1865 2054
1866 1885
1877 1982
1880 1999
1886 1918
1894 1995
1898 2043
1906 1964
1917 2081
1920 2006
1921 1946
1922 1986
1923 1967
1931 2093
1932 2034
1934 2072
1935 2086
1938 2090
1939 2038
1940 2046
1943 2067
1947 2011
1949 2021
1958 2081
1960 1999
1962 2056
1964 2059
1969 2074
1974 2043
1981 1983
1992 2000
2000 2095
2000 2096
2001 2007
2026 2083
2033 2036
2045 2067
2047 2084
2064 2085
2069 2088
2091 2097
