0 367
0 191
0 83
1 576
1 185
1 547
2 283
2 301
2 358
3 465
3 301
3 388
4 240
4 127
4 585
5 17
5 607
5 93
6 372
6 496
6 341
7 394
7 268
7 294
8 426
8 243
8 554
9 243
9 466
9 664
10 16
10 361
10 386
11 252
11 553
11 435
12 179
12 227
12 319
13 492
13 213
13 654
14 284
14 459
14 124
15 486
15 24
15 120
16 452
16 359
17 54
17 40
18 117
18 144
18 306
19 567
19 157
19 394
20 98
20 436
20 510
21 31
21 111
21 348
22 153
22 362
22 160
23 57
23 445
23 426
24 481
24 695
25 237
25 404
25 584
26 39
26 304
26 32
27 543
27 206
27 139
28 136
28 265
28 645
29 659
29 485
29 591
30 372
30 209
30 332
31 250
31 334
32 564
32 647
33 273
33 254
33 546
34 513
34 154
34 233
35 244
35 103
35 480
36 269
36 686
36 86
37 221
37 299
37 145
38 437
38 556
38 105
39 396
39 77
40 254
40 648
41 500
41 596
41 573
42 369
42 186
42 581
43 604
43 518
43 143
44 274
44 603
44 319
45 211
45 462
45 88
46 621
46 95
46 351
47 139
47 290
47 85
48 638
48 577
48 208
49 642
49 350
49 583
50 229
50 660
50 492
51 620
51 596
51 121
52 349
52 209
52 672
53 523
53 368
53 288
54 146
54 309
55 563
55 97
55 295
56 335
56 189
56 198
57 618
57 317
58 597
58 314
58 384
59 418
59 85
59 359
60 651
60 646
60 180
61 233
61 222
61 328
62 141
62 475
62 526
63 512
63 366
63 370
64 76
64 466
64 614
65 687
65 336
65 582
66 317
66 99
66 364
67 326
67 401
67 237
68 142
68 271
68 648
69 122
69 444
69 262
70 685
70 670
70 218
71 193
71 678
71 384
72 302
72 567
72 292
73 333
73 205
73 498
74 578
74 247
74 272
75 299
75 662
75 576
76 640
76 148
77 485
77 657
78 104
78 625
78 382
79 697
79 147
79 518
80 601
80 428
80 258
81 324
81 523
81 219
82 363
82 411
82 219
83 174
83 154
84 580
84 677
84 605
85 581
86 545
86 604
87 125
87 209
87 662
88 690
88 450
89 445
89 138
89 464
90 138
90 619
90 195
91 414
91 552
91 574
92 380
92 579
92 131
93 141
93 508
94 164
94 382
94 260
95 677
95 267
96 623
96 362
96 248
97 637
97 255
98 592
98 460
99 578
99 242
100 282
100 629
100 405
101 544
101 361
101 528
102 246
102 358
102 599
103 291
103 456
104 399
104 673
105 490
105 562
106 645
106 320
106 674
107 614
107 479
107 641
108 337
108 183
108 679
109 511
109 407
109 420
110 432
110 533
110 178
111 257
111 294
112 231
112 546
112 480
113 555
113 293
113 454
114 197
114 658
114 190
115 204
115 631
115 598
116 289
116 548
116 515
117 264
117 364
118 577
118 352
118 570
119 310
119 247
119 341
120 395
120 454
121 377
121 408
122 375
122 332
123 256
123 374
123 648
124 158
124 343
125 394
125 226
126 670
126 397
126 680
127 608
127 320
128 167
128 468
128 354
129 279
129 664
129 151
130 441
130 554
130 423
131 617
131 262
132 386
132 589
132 566
133 603
133 225
133 283
134 200
134 428
134 152
135 270
135 463
135 337
136 289
136 499
137 152
137 318
137 268
138 680
139 216
140 224
140 456
140 446
141 338
142 429
142 504
143 658
143 212
144 400
144 219
145 691
145 271
146 324
146 228
147 206
147 475
148 249
148 561
149 653
149 500
149 675
150 455
150 668
150 550
151 238
151 172
152 250
153 421
153 681
154 357
155 302
155 671
155 322
156 689
156 297
156 486
157 691
157 268
158 221
158 207
159 591
159 655
159 529
160 481
160 326
161 622
161 169
161 666
162 681
162 521
162 608
163 203
163 595
163 545
164 628
164 340
165 184
165 409
165 403
166 390
166 182
166 325
167 692
167 472
168 443
168 671
168 470
169 191
169 290
170 369
170 441
170 679
171 286
171 563
171 688
172 235
172 598
173 402
173 504
173 483
174 557
174 646
175 443
175 371
175 348
176 361
176 479
176 241
177 693
177 245
177 582
178 258
178 367
179 345
179 619
180 300
180 425
181 416
181 694
181 579
182 575
182 670
183 255
183 607
184 233
184 200
185 617
185 541
186 321
186 259
187 667
187 586
187 298
188 353
188 339
188 239
189 689
189 603
190 234
190 408
191 265
192 196
192 693
192 245
193 626
193 317
194 328
194 611
194 540
195 281
195 480
196 421
196 330
197 531
197 250
198 662
198 307
199 655
199 594
199 440
200 277
201 278
201 208
201 418
202 395
202 360
202 657
203 420
203 279
204 651
204 319
205 256
205 305
206 531
207 696
207 425
208 551
210 445
210 473
210 652
211 307
211 347
212 236
212 581
213 455
213 435
214 698
214 252
214 683
215 562
215 548
215 448
216 589
216 587
217 296
217 507
217 292
218 295
218 308
220 496
220 323
220 502
221 663
222 569
222 654
223 412
223 522
223 451
224 493
224 437
225 281
225 501
226 335
226 575
227 242
227 283
228 442
228 594
229 488
229 609
230 300
230 550
230 552
231 564
231 697
232 497
232 558
232 295
234 682
234 290
235 400
235 484
236 607
236 331
237 595
238 385
238 333
239 491
239 597
240 311
240 419
241 499
241 351
242 412
243 491
244 677
244 505
245 643
246 383
246 533
247 495
248 459
248 510
249 316
249 606
251 678
251 476
251 542
252 565
253 472
253 327
253 517
254 544
255 680
256 407
257 461
257 415
258 307
259 649
259 373
260 592
260 587
261 350
261 661
261 352
262 533
263 356
263 432
263 696
264 556
264 610
265 572
266 337
266 577
266 455
267 356
267 690
269 596
269 432
270 624
270 344
271 347
272 297
272 519
273 330
273 315
274 392
274 460
275 413
275 385
275 414
276 699
276 555
276 340
277 583
277 439
278 305
278 314
279 381
280 689
280 478
280 446
281 381
282 383
282 593
284 638
284 691
285 405
285 349
285 347
286 435
286 365
287 433
287 525
287 532
288 622
288 635
289 342
291 348
291 464
292 490
293 508
293 669
294 413
296 650
296 639
297 413
298 641
298 501
299 619
300 391
301 530
302 563
303 530
303 632
303 505
304 370
304 615
305 375
306 387
306 467
308 393
308 532
309 474
309 436
310 404
310 598
311 404
311 699
312 468
312 616
312 676
313 586
313 434
313 377
314 433
315 457
315 698
316 595
316 538
318 452
318 354
320 617
321 565
321 626
322 604
322 583
323 500
323 450
324 377
325 560
325 629
326 440
327 389
327 674
328 590
329 574
329 425
329 470
330 666
331 536
331 542
332 424
333 559
334 609
334 487
335 388
336 592
336 669
338 599
338 551
339 451
339 450
340 382
341 612
342 414
342 436
343 663
343 502
344 412
344 368
345 456
345 400
346 454
346 532
346 415
349 519
350 557
351 546
352 422
353 355
353 443
354 438
355 665
355 586
356 659
357 627
357 616
358 491
359 409
360 406
360 630
362 416
363 452
363 467
364 645
365 515
365 538
366 430
366 541
367 640
368 682
369 496
370 555
371 534
371 482
372 407
373 401
373 693
374 538
374 643
375 597
376 567
376 692
376 453
378 649
378 658
378 523
379 482
379 687
379 635
380 503
380 529
381 529
383 627
384 669
385 399
386 513
387 656
387 488
388 647
389 565
389 606
390 664
390 650
391 621
391 461
392 697
392 427
393 587
393 503
395 661
396 629
396 402
397 556
397 448
398 415
398 643
398 494
399 580
401 540
402 665
403 602
403 438
405 543
406 478
406 575
408 636
409 582
410 499
410 675
410 672
411 696
411 628
416 439
417 553
417 515
417 483
418 468
419 498
419 651
420 477
421 476
422 676
422 507
423 685
423 457
424 524
424 636
426 539
427 611
427 458
428 429
429 679
430 654
430 637
431 602
431 672
431 471
433 528
434 525
434 588
437 495
438 624
439 625
440 488
441 516
442 642
442 660
444 482
444 536
446 695
447 628
447 653
447 518
448 579
449 467
449 644
449 568
451 561
453 571
453 516
457 690
458 626
458 573
459 613
460 634
461 686
462 511
462 627
463 516
463 613
464 633
465 540
465 512
466 492
469 684
469 559
469 493
470 590
471 601
471 688
472 534
473 542
473 585
474 497
474 589
475 573
476 623
477 561
477 659
478 593
479 566
481 630
483 644
484 512
484 547
485 634
486 594
487 507
487 591
489 694
489 558
489 663
490 639
493 525
494 615
494 571
495 539
497 602
498 526
501 550
502 638
503 552
504 549
505 621
506 686
506 613
506 524
508 509
509 641
509 623
510 639
511 558
513 675
514 527
514 522
514 646
517 625
517 634
519 559
520 667
520 557
520 660
521 601
521 536
522 611
524 527
526 551
527 576
528 585
530 631
531 534
535 600
535 618
535 570
537 600
537 667
537 676
539 685
541 614
543 554
544 647
545 588
547 568
548 678
549 657
549 584
553 631
560 633
560 644
562 584
564 572
566 637
568 633
569 590
569 683
570 655
571 688
572 606
574 699
578 610
580 674
588 600
593 612
599 620
605 632
605 649
608 632
609 636
610 615
612 684
616 652
618 661
620 668
622 656
624 682
630 687
635 668
640 665
642 671
650 694
652 695
653 673
656 684
666 692
673 681
683 698
