0 2265
0 2644
0 2359
1 2253
1 2633
1 2611
2 1575
2 662
2 1567
3 591
3 417
3 474
4 1508
4 224
4 2501
5 2504
5 2649
5 1615
6 424
6 1491
6 1049
7 672
7 725
7 859
8 879
8 1174
8 2166
9 2416
9 2335
9 1320
10 1287
10 2503
10 231
11 601
11 2608
11 1021
12 67
12 2478
12 2036
13 929
13 933
13 2150
14 919
14 1103
14 2647
15 577
15 2576
15 85
16 338
16 2323
16 346
17 1173
17 1905
17 311
18 1584
18 408
18 1218
19 271
19 1686
19 1943
20 1261
20 1232
20 1334
21 1214
21 50
21 1936
22 1607
22 958
22 2431
23 1524
23 1273
23 1321
24 2423
24 2149
24 183
25 763
25 1010
25 682
26 2527
26 1547
26 2464
27 1922
27 1194
27 533
28 1113
28 1092
28 2636
29 1424
29 2539
29 925
30 303
30 2618
30 1712
31 710
31 1968
31 449
32 930
32 671
32 1377
33 1597
33 1227
33 258
34 2649
34 280
34 874
35 1879
35 1662
35 1789
36 2302
36 2049
36 2383
37 1224
37 2550
37 1330
38 308
38 1268
38 1510
39 1628
39 332
39 1382
40 1839
40 1720
40 1186
41 764
41 620
41 726
42 2339
42 2010
42 473
43 858
43 2162
43 1616
44 2562
44 941
44 335
45 2486
45 1319
45 719
46 821
46 137
46 2585
47 2234
47 2083
47 2579
48 398
48 2053
48 692
49 1964
49 313
49 1867
50 875
50 874
51 332
51 909
51 2004
52 2452
52 2686
52 2092
53 160
53 1605
53 181
54 2534
54 249
54 2179
55 1751
55 1452
55 209
56 289
56 2088
56 1517
57 2581
57 390
57 334
58 1356
58 111
58 1880
59 511
59 2223
59 2634
60 462
60 256
60 677
61 2275
61 1270
61 434
62 1871
62 1278
62 573
63 1958
63 1719
63 1114
64 577
64 874
64 1960
65 1400
65 2613
65 321
66 870
66 2209
66 1436
67 1539
67 2641
68 426
68 2588
68 269
69 1451
69 1510
69 2251
70 1962
70 2342
70 1857
71 1854
71 586
71 1374
72 2467
72 945
72 2143
73 1380
73 1523
73 1472
74 645
74 2407
74 514
75 1915
75 2107
75 1675
76 676
76 2429
76 814
77 419
77 353
77 1689
78 1707
78 2312
78 2556
79 481
79 1001
79 704
80 1339
80 2376
80 805
81 304
81 2432
81 1126
82 123
82 1533
82 741
83 238
83 1202
83 375
84 1583
84 2597
84 2152
85 2662
85 1033
86 2003
86 176
86 1789
87 2612
87 252
87 2223
88 1267
88 663
88 1525
89 429
89 335
89 791
90 539
90 924
90 1930
91 1593
91 114
91 315
92 940
92 1453
92 2434
93 1456
93 2067
93 779
94 1153
94 1717
94 1544
95 2618
95 1606
95 2291
96 2660
96 886
96 2370
97 1831
97 1141
97 1408
98 1074
98 1659
98 626
99 1054
99 2325
99 2262
100 557
100 1717
100 2282
101 771
101 2039
101 1722
102 1741
102 1115
102 2417
103 1619
103 1056
103 1509
104 1823
104 1625
104 1993
105 858
105 673
105 345
106 2425
106 1975
106 2223
107 1102
107 230
107 216
108 1301
108 1352
108 814
109 2019
109 1024
109 1756
110 914
110 159
110 272
111 357
111 1804
112 452
112 1247
112 2212
113 1363
113 971
113 534
114 2296
114 1130
115 2643
115 506
115 2238
116 1627
116 1466
116 2086
117 2246
117 175
117 166
118 206
118 869
118 793
119 188
119 1372
119 766
120 844
120 1858
120 964
121 741
121 2660
121 318
122 1187
122 1486
122 964
123 1944
123 669
124 993
124 1930
124 136
125 872
125 921
125 171
126 229
126 193
126 2620
127 183
127 1828
127 694
128 161
128 549
128 2127
129 1963
129 1590
129 1816
130 2397
130 1824
130 625
131 356
131 2496
131 2317
132 1353
132 1198
132 461
133 1119
133 770
133 1710
134 1292
134 2670
134 2682
135 2190
135 1267
135 853
136 400
136 571
137 196
137 1859
138 1465
138 364
138 829
139 848
139 2407
139 1955
140 1057
140 1775
140 1088
141 220
141 884
141 1489
142 915
142 1818
142 2204
143 852
143 788
143 1671
144 1607
144 1838
144 682
145 829
145 986
145 2061
146 2440
146 868
146 532
147 2399
147 835
147 1453
148 323
148 1140
148 2083
149 965
149 2047
149 1180
150 456
150 2510
150 838
151 2334
151 1488
151 2096
152 2377
152 552
152 1522
153 628
153 497
153 1263
154 1823
154 2476
154 2125
155 1826
155 707
155 1429
156 1269
156 2486
156 1002
157 547
157 1816
157 1022
158 1667
158 1921
158 1040
159 243
159 2122
160 1383
160 2545
161 2539
161 627
162 1888
162 1312
162 1396
163 2277
163 1459
163 2525
164 1470
164 527
164 1565
165 2034
165 529
165 2222
166 864
166 2235
167 736
167 2426
167 2551
168 1328
168 636
168 928
169 2575
169 2559
169 1027
170 1214
170 1435
170 2373
171 2592
171 1815
172 2427
172 2308
172 402
173 983
173 1457
173 2327
174 2489
174 1336
174 801
175 2033
175 1283
176 1976
176 222
177 1105
177 1867
177 747
178 1903
178 283
178 2391
179 749
179 2292
179 1051
180 1543
180 2115
180 1039
181 2475
181 1495
182 944
182 399
182 2591
183 485
184 1069
184 453
184 531
185 2447
185 1465
185 2304
186 991
186 1919
186 1535
187 2103
187 1798
187 1966
188 1749
188 2285
189 2066
189 1934
189 2683
190 1430
190 352
190 1760
191 1236
191 2199
191 2180
192 896
192 742
192 830
193 1466
193 1835
194 1240
194 1145
194 1556
195 939
195 2231
195 2208
196 448
196 1562
197 1358
197 1557
197 2379
198 1320
198 2401
198 2413
199 1578
199 907
199 1060
200 2496
200 662
200 2337
201 1395
201 2622
201 2216
202 353
202 233
202 2614
203 2383
203 976
203 569
204 2169
204 1833
204 678
205 288
205 1547
205 258
206 1167
206 334
207 771
207 2272
207 2643
208 1093
208 2544
208 2038
209 1576
209 1198
210 2286
210 1591
210 263
211 2164
211 1903
211 447
212 1724
212 866
212 1741
213 1934
213 482
213 1315
214 1415
214 2441
214 437
215 1461
215 850
215 2633
216 1385
216 1149
217 730
217 2109
217 1646
218 2288
218 2244
218 813
219 502
219 1914
219 967
220 641
220 483
221 757
221 684
221 405
222 285
222 2619
223 1824
223 325
223 614
224 696
224 1231
225 1280
225 2008
225 2136
226 1770
226 636
226 263
227 621
227 544
227 658
228 1555
228 2268
228 1465
229 1043
229 915
230 462
230 2346
231 389
231 2628
232 248
232 260
232 1115
233 490
233 601
234 1381
234 2224
234 1033
235 824
235 2252
235 1679
236 1852
236 1034
236 784
237 2114
237 1656
237 565
238 2350
238 2364
239 2241
239 456
239 1011
240 407
240 1310
240 584
241 344
241 553
241 371
242 808
242 1168
242 2071
243 1868
243 2123
244 1392
244 954
244 1428
245 556
245 1118
245 2677
246 1462
246 1704
246 1744
247 1253
247 2642
247 1519
248 1985
248 1458
249 320
249 1568
250 1044
250 584
250 928
251 1833
251 2382
251 2199
252 1405
252 1285
253 909
253 1682
253 723
254 1464
254 2370
254 2411
255 433
255 1484
255 2652
256 1461
256 547
257 2391
257 1172
257 370
258 525
259 1367
259 1395
259 581
260 2606
260 415
261 1522
261 2552
261 2567
262 1959
262 433
262 321
263 949
264 1920
264 554
264 1403
265 571
265 1595
265 267
266 756
266 1188
266 2348
267 2521
267 2169
268 1721
268 2074
268 443
269 521
269 2572
270 762
270 865
270 2431
271 980
271 1883
272 2257
272 283
273 1277
273 1800
273 2156
274 894
274 1792
274 2455
275 1432
275 622
275 1421
276 1445
276 2108
276 1518
277 2372
277 1473
277 1541
278 2316
278 761
278 2393
279 2369
279 1155
279 1449
280 912
280 1435
281 1160
281 1359
281 1590
282 787
282 656
282 2033
283 825
284 1661
284 537
284 369
285 2564
285 629
286 1106
286 1393
286 963
287 513
287 1481
287 956
288 1938
288 1345
289 710
289 1210
290 2290
290 564
290 2087
291 1305
291 1725
291 1782
292 2517
292 1689
292 1309
293 1848
293 778
293 1388
294 2184
294 745
294 2337
295 1209
295 1895
295 398
296 528
296 2570
296 2350
297 424
297 2499
297 1488
298 2311
298 1122
298 2352
299 732
299 633
299 524
300 591
300 823
300 1207
301 1247
301 1479
301 1526
302 582
302 2525
302 1899
303 2658
303 2036
304 825
304 326
305 336
305 535
305 384
306 2168
306 2199
306 625
307 2448
307 964
307 2577
308 1837
308 1686
309 1051
309 790
309 2608
310 1182
310 1436
310 910
311 1220
311 2370
312 895
312 1931
312 1063
313 906
313 1379
314 931
314 606
314 2260
315 1743
315 565
316 2221
316 1906
316 2293
317 2654
317 1697
317 1325
318 497
318 1964
319 925
319 1436
319 2144
320 2657
320 1450
321 509
322 2098
322 479
322 1243
323 2669
323 2406
324 1921
324 1793
324 2201
325 2276
325 2124
326 1095
326 1100
327 753
327 1855
327 1903
328 2526
328 2593
328 908
329 2156
329 1443
329 1811
330 1305
330 1198
330 617
331 2233
331 701
331 604
332 639
333 2087
333 1405
333 779
334 2455
335 2498
336 1061
336 357
337 693
337 1189
337 1118
338 1500
338 2385
339 1675
339 2021
339 2114
340 1422
340 455
340 1101
341 1865
341 500
341 1933
342 1841
342 1063
342 2171
343 2263
343 2177
343 2422
344 1190
344 1487
345 1082
345 809
346 2232
346 1982
347 1813
347 442
347 1897
348 1343
348 2689
348 1160
349 459
349 2189
349 680
350 2454
350 1937
350 2587
351 2303
351 2299
351 545
352 826
352 2435
353 815
354 1081
354 596
354 1294
355 1839
355 1335
355 2549
356 362
356 394
357 517
358 392
358 414
358 547
359 853
359 522
359 1762
360 1225
360 675
360 420
361 1999
361 2531
361 1088
362 941
362 526
363 1944
363 2608
363 1897
364 1640
364 2469
365 1502
365 1276
365 2570
366 1737
366 1761
366 420
367 2290
367 505
367 1216
368 2665
368 969
368 1808
369 1300
369 1702
370 1515
370 2122
371 2361
371 1122
372 1148
372 1147
372 1568
373 1652
373 1962
373 2045
374 2205
374 2648
374 2177
375 616
375 871
376 785
376 878
376 549
377 1771
377 1884
377 804
378 799
378 652
378 930
379 1416
379 2358
379 850
380 2297
380 1870
380 1852
381 2588
381 1723
381 1225
382 1318
382 1951
382 2470
383 2411
383 1290
383 1107
384 1610
384 531
385 1939
385 738
385 2580
386 2680
386 1226
386 2178
387 1307
387 2181
387 594
388 1643
388 1602
388 1911
389 2137
389 1924
390 930
390 1967
391 2184
391 2553
391 2171
392 730
392 1610
393 2599
393 2072
393 1456
394 2613
394 2655
395 1925
395 1980
395 559
396 1470
396 1469
396 2685
397 1518
397 2677
397 409
398 1077
399 536
399 2155
400 2687
400 1605
401 2023
401 2490
401 1873
402 1161
402 2147
403 1669
403 1848
403 624
404 2328
404 468
404 2448
405 2040
405 1171
406 561
406 1378
406 2285
407 2409
407 746
408 2282
408 861
409 889
409 685
410 2217
410 2157
410 793
411 1469
411 768
411 2036
412 2190
412 2054
412 2187
413 1326
413 2397
413 1553
414 2170
414 2364
415 1804
415 2426
416 2358
416 1687
416 711
417 1673
417 2594
418 2465
418 1135
418 1787
419 2013
419 2443
420 760
421 2151
421 1161
421 812
422 2325
422 1454
422 2294
423 632
423 2149
423 2073
424 823
425 536
425 868
425 2568
426 1673
426 803
427 1192
427 2109
427 1679
428 1649
428 654
428 1223
429 1664
429 938
430 2510
430 1331
430 1258
431 2430
431 1805
431 471
432 1317
432 2480
432 1046
433 2478
434 1579
434 1571
435 2373
435 1086
435 747
436 2319
436 2363
436 1386
437 2280
437 2484
438 851
438 1614
438 1166
439 806
439 916
439 1990
440 1413
440 1534
440 800
441 2526
441 2152
441 1197
442 1718
442 506
443 1379
443 1116
444 1463
444 1400
444 2414
445 2062
445 510
445 1259
446 1111
446 1705
446 2481
447 1089
447 1961
448 2408
448 2387
449 526
449 1204
450 1870
450 2256
450 2418
451 2261
451 1821
451 1526
452 1368
452 895
453 509
453 1175
454 1752
454 1073
454 2587
455 1626
455 860
456 2513
457 1735
457 2167
457 2634
458 1235
458 1978
458 926
459 524
459 2023
460 901
460 2050
460 1237
461 2194
461 1038
462 2307
463 2497
463 1506
463 1695
464 1875
464 1327
464 854
465 2639
465 1708
465 1600
466 2165
466 2542
466 1926
467 1288
467 1048
467 1405
468 698
468 2243
469 1100
469 699
469 986
470 1872
470 2330
470 2454
471 1050
471 2345
472 727
472 1620
472 2493
473 1963
473 2071
474 1853
474 1904
475 1634
475 1582
475 2412
476 716
476 2534
476 1688
477 960
477 2690
477 1958
478 1094
478 1969
478 1146
479 2639
479 2274
480 1246
480 663
480 1109
481 1733
481 2026
482 876
482 2052
483 1065
483 904
484 1609
484 1787
484 1502
485 745
485 2266
486 2289
486 1369
486 1887
487 1785
487 926
487 854
488 1444
488 1358
488 511
489 1080
489 1429
489 790
490 888
490 1638
491 565
491 1602
491 667
492 1646
492 2414
492 1255
493 2020
493 1309
493 1974
494 632
494 1243
494 1736
495 1439
495 1267
495 1508
496 586
496 758
496 859
497 2032
498 1034
498 1829
498 2065
499 2069
499 2561
499 819
500 2327
500 2604
501 846
501 1542
501 1004
502 603
502 937
503 1838
503 2322
503 1507
504 2604
504 1854
504 2090
505 891
505 1002
506 1197
507 862
507 2366
507 1112
508 1158
508 1073
508 2091
509 1587
510 1028
510 1651
511 1302
512 1771
512 1695
512 1203
513 1122
513 752
514 2666
514 1845
515 2198
515 2127
515 2017
516 1254
516 2480
516 1909
517 2461
517 1935
518 2193
518 2121
518 649
519 2547
519 2571
519 2351
520 794
520 723
520 921
521 1823
521 956
522 1312
522 1588
523 2502
523 1800
523 867
524 702
525 1587
525 1500
526 2449
527 1006
527 2239
528 1341
528 1623
529 2155
529 824
530 556
530 2546
530 2477
531 2049
532 1213
532 2338
533 795
533 598
534 2082
534 1645
535 631
535 2389
536 788
537 1040
537 1098
538 1586
538 1841
538 1791
539 1205
539 2489
540 2130
540 2573
540 563
541 1373
541 1559
541 1342
542 899
542 1595
542 1921
543 1071
543 1501
543 2672
544 1779
544 1612
545 1055
545 728
546 2625
546 1920
546 1049
548 1432
548 1948
548 860
549 1546
550 1683
550 1092
550 1261
551 1923
551 2279
551 613
552 1154
552 2017
553 2466
553 1163
554 857
554 2148
555 718
555 2538
555 1703
556 2042
557 599
557 932
558 1150
558 1503
558 1176
559 1246
559 2348
560 724
560 2411
560 926
561 1356
561 1744
562 1986
562 2155
562 1520
563 1750
563 2462
564 1840
564 898
566 2326
566 1238
566 734
567 2524
567 905
567 1769
568 1756
568 2214
568 2312
569 1094
569 929
570 1159
570 2107
570 1937
571 2492
572 2131
572 2000
572 1231
573 1363
573 1883
574 1688
574 2139
574 1584
575 2630
575 1365
575 1059
576 2317
576 1108
576 2025
577 1919
578 886
578 1769
578 579
579 1218
579 924
580 1784
580 774
580 2031
581 1985
581 806
582 979
582 1889
583 1961
583 2458
583 2094
584 2133
585 2106
585 775
585 2056
586 629
587 2009
587 1582
587 1520
588 2691
588 1578
588 1337
589 1869
589 655
589 1861
590 782
590 1380
590 2097
591 1477
592 637
592 990
592 2347
593 1699
593 2126
593 2214
594 985
594 870
595 2067
595 2286
595 2692
596 2153
596 2664
597 1660
597 2211
597 2182
598 2566
598 1982
599 1104
599 2046
600 1186
600 865
600 2075
601 1103
602 1996
602 2437
602 2156
603 719
603 1814
604 1552
604 2554
605 2544
605 2592
605 2251
606 641
606 2161
607 2347
607 1692
607 2035
608 1141
608 1385
608 1576
609 2504
609 2366
609 2601
610 2623
610 1447
610 2142
611 2108
611 1532
611 837
612 1127
612 2321
612 2444
613 1516
613 1658
614 1014
614 2133
615 1588
615 1147
615 755
616 1140
616 2530
617 2225
617 1667
618 1406
618 1009
618 2479
619 623
619 991
619 1096
620 915
620 714
621 1215
621 1734
622 1139
622 2674
623 1626
623 1330
624 2403
624 1960
625 629
626 1757
626 2249
627 2523
627 1071
628 632
628 651
630 1772
630 907
630 2130
631 2037
631 1002
633 2400
633 1720
634 2063
634 897
634 1529
635 1856
635 681
635 1043
636 1016
637 1811
637 892
638 1412
638 1911
638 2516
639 2363
639 1167
640 671
640 1024
640 2620
641 2449
642 2494
642 2214
642 2139
643 1346
643 1284
643 1241
644 657
644 1576
644 2637
645 1566
645 2068
646 1000
646 1394
646 1668
647 987
647 836
647 2412
648 2657
648 1186
648 1794
649 1144
649 1401
650 1007
650 1652
650 2022
651 1443
651 912
652 1169
652 1182
653 959
653 1834
653 1783
654 2410
654 1143
655 1949
655 1324
656 2525
656 2042
657 2029
657 1242
658 1220
658 1863
659 1692
659 1845
659 2127
660 678
660 1182
660 1471
661 1734
661 1962
661 2571
662 1653
663 1275
664 2300
664 2064
664 1301
665 1221
665 2259
665 886
666 789
666 1687
666 848
667 1062
667 2091
668 1850
668 1742
668 688
669 2016
669 685
670 1797
670 1991
670 1553
671 1063
672 2640
672 1239
673 1788
673 1738
674 1871
674 1928
674 1322
675 722
675 1350
676 1499
676 2647
677 1542
677 1389
678 1205
679 2532
679 1874
679 687
680 758
680 1710
681 2315
681 1899
682 1930
683 1540
683 1828
683 2020
684 1480
684 1297
685 1234
686 1444
686 1658
686 2420
687 2495
687 1248
688 948
688 2128
689 1603
689 1660
689 1155
690 818
690 2295
690 2336
691 1029
691 2629
691 2521
692 1108
692 2336
693 2304
693 1886
694 1778
694 735
695 973
695 2254
695 846
696 1827
696 2473
697 1243
697 803
697 2084
698 1036
698 2637
699 1028
699 2451
700 856
700 746
700 961
701 1970
701 2146
702 1851
702 1296
703 750
703 2228
703 1657
704 1992
704 1473
705 2671
705 1120
705 873
706 920
706 2070
706 1124
707 1629
707 1657
708 1490
708 1149
708 1158
709 1261
709 1944
709 2186
710 927
711 1421
711 2503
712 1958
712 1087
712 1413
713 2487
713 848
713 1528
714 2123
714 764
715 1706
715 2268
715 2557
716 2324
716 1130
717 2327
717 2516
717 965
718 2458
718 2080
719 1807
720 914
720 927
720 2018
721 1783
721 1987
721 845
722 1679
722 1407
723 1621
724 1528
724 1212
725 1382
725 2332
726 2605
726 1916
727 1905
727 1156
728 2119
728 1196
729 909
729 2466
729 1589
730 1581
731 771
731 1618
731 866
732 2567
732 1601
733 836
733 767
733 820
734 2072
734 2304
735 2269
735 2636
736 1809
736 1184
737 1396
737 2047
737 2003
738 1226
738 1748
739 1236
739 1837
739 2664
740 1862
740 936
740 878
741 1755
742 2242
742 1566
743 1087
743 1066
743 1666
744 1914
744 2574
744 2615
745 1894
746 938
747 1721
748 1485
748 2438
748 2308
749 2106
749 1810
750 1409
750 2543
751 2506
751 953
751 1263
752 1171
752 1404
753 2457
753 2338
754 1877
754 1817
754 1035
755 1916
755 1038
756 2615
756 1954
757 2332
757 872
758 2554
759 1161
759 2041
759 1773
760 2089
760 805
761 2365
761 1480
762 1077
762 943
763 999
763 1929
764 2381
765 1685
765 1291
765 1645
766 2437
766 1568
767 1424
767 1838
768 784
768 2557
769 2288
769 1012
769 1895
770 1089
770 1470
772 1403
772 2012
772 2007
773 1523
773 961
773 2070
774 2442
774 2353
775 1963
775 1228
776 1154
776 2501
776 807
777 2631
777 1551
777 2694
778 2226
778 2535
779 2236
780 1146
780 786
780 1292
781 1763
781 935
781 2427
782 1041
782 1270
783 905
783 2645
783 1363
784 1281
785 1417
785 2211
786 1643
786 2318
787 2029
787 1758
788 2684
789 1151
789 2375
790 1306
791 1164
791 1620
792 2453
792 805
792 1939
793 2099
794 1909
794 1777
795 1015
795 1513
796 2188
796 1018
796 1504
797 2116
797 2446
797 1644
798 1829
798 829
798 2561
799 935
799 1810
800 2030
800 962
801 2159
801 1946
802 1676
802 2591
802 928
803 1608
804 1030
804 2222
806 1117
807 1680
807 1179
808 2200
808 2147
809 1121
809 1637
810 1092
810 1016
810 1181
811 2289
811 1654
811 872
812 2378
812 1671
813 1620
813 1894
814 1244
815 932
815 1324
816 1505
816 1283
816 1272
817 1885
817 2294
817 1255
818 871
818 2196
819 2055
819 2300
820 1932
820 1845
821 855
821 2621
822 2261
822 2518
822 2482
823 1435
824 1023
825 979
826 2092
826 1438
827 1098
827 2654
827 1809
828 1078
828 1851
828 2278
830 888
830 1125
831 1410
831 1280
831 2596
832 2610
832 1433
832 1537
833 1917
833 2671
833 1729
834 1498
834 1769
834 2684
835 1326
835 1678
836 1455
837 940
837 1986
838 2208
838 1025
839 2459
839 1967
839 1596
840 1319
840 1739
840 2206
841 1912
841 1076
841 2026
842 1691
842 1491
842 1731
843 1472
843 2479
843 2186
844 2043
844 2500
845 1301
845 1886
846 1561
847 2541
847 2485
847 2597
849 1353
849 1601
849 920
850 2046
851 2247
851 1674
852 2322
852 1004
853 1795
854 1565
855 2403
855 1709
856 1570
856 1937
857 1372
857 2139
858 1278
859 1601
860 1711
861 2266
861 1632
862 2378
862 2204
863 2607
863 1978
863 1200
864 1789
864 2119
865 1585
866 1530
867 2655
867 2331
868 1366
869 1878
869 1824
870 1128
871 897
873 2187
873 1360
875 2376
875 2267
876 1746
876 1032
877 1773
877 1983
877 2152
878 2638
879 1642
879 2041
880 1317
880 2480
880 1545
881 2456
881 1262
881 1844
882 914
882 1941
882 1647
883 1953
883 1746
883 1978
884 1146
884 2361
885 1855
885 2122
885 2099
887 1266
887 1942
887 2177
888 2392
889 1468
889 2313
890 1075
890 1242
890 1124
891 1388
891 2523
892 2668
892 2363
893 2320
893 2271
893 1531
894 1394
894 2005
895 1199
896 1176
896 2467
897 2274
898 1818
898 1036
899 1100
899 1712
900 2029
900 2526
900 2094
901 1300
901 1130
902 2100
902 1768
902 1796
903 2635
903 2481
903 2406
904 947
904 2437
905 1031
906 1844
906 2563
907 2668
908 1841
908 1286
910 2077
910 2472
911 2181
911 2422
911 2288
912 2611
913 2211
913 1534
913 2661
916 2281
916 2560
917 995
917 1083
917 1571
918 2516
918 1064
918 2232
919 1229
919 1012
920 1562
921 2105
922 1041
922 1329
922 1927
923 2453
923 1621
923 1270
924 1725
925 2075
927 1368
929 1155
931 1684
931 2572
932 1260
933 1893
933 1518
934 1134
934 2324
934 1406
935 1677
936 2218
936 2593
937 1314
937 1164
938 1948
939 1037
939 1758
940 972
941 2610
942 2314
942 1337
942 2484
943 1572
943 2556
944 1857
944 1991
945 1720
945 2683
946 1341
946 1598
946 2262
947 2345
947 972
948 1624
948 2506
949 2193
949 2638
950 1727
950 1858
950 1583
951 1319
951 2007
951 1345
952 2393
952 2253
952 2367
953 2375
953 1509
954 2490
954 1278
955 2369
955 1969
955 2222
956 2340
957 1971
957 1012
957 2290
958 1215
958 2340
959 1925
959 2258
960 1859
960 1906
961 2388
962 2697
962 1333
963 1113
963 1997
965 2344
966 1310
966 2018
966 1016
967 1884
967 1467
968 1379
968 2320
968 1244
969 2536
969 2319
970 2681
970 2550
970 1174
971 1902
971 1730
972 1342
973 1935
973 1569
974 2298
974 978
974 2471
975 2656
975 2394
975 2492
976 2001
976 1809
977 2176
977 2354
977 2631
978 2301
978 2659
979 2693
980 986
980 2330
981 1326
981 2189
981 1396
982 1004
982 2263
982 1361
983 1633
983 1702
984 1598
984 2173
984 2529
985 2130
985 2230
987 1441
987 1541
988 2001
988 1111
988 1906
989 2002
989 1631
989 1599
990 1141
990 2626
991 2309
992 2058
992 2446
992 1908
993 1229
993 1842
994 2005
994 2063
994 1238
995 1850
995 2333
996 2297
996 2028
996 1698
997 1984
997 1973
997 2162
998 1843
998 1316
998 1250
999 2447
999 2388
1000 2348
1000 1349
1001 1800
1001 1971
1003 2445
1003 1647
1003 2577
1005 1068
1005 1499
1005 2287
1006 2058
1006 1994
1007 2674
1007 1501
1008 1020
1008 2582
1008 1445
1009 1856
1009 2662
1010 1901
1010 1650
1011 2657
1011 1831
1013 1959
1013 2381
1013 2267
1014 2225
1014 1253
1015 2590
1015 1127
1017 2014
1017 1907
1017 2226
1018 2072
1018 1608
1019 2018
1019 1139
1019 1355
1020 1085
1020 1029
1021 1618
1021 1311
1022 1641
1022 2377
1023 1548
1023 2126
1024 1821
1025 2016
1025 1376
1026 1872
1026 2646
1026 1952
1027 1352
1027 1898
1028 2095
1029 1201
1030 2548
1030 2665
1031 2533
1031 2582
1032 1976
1032 1233
1033 2125
1034 1596
1035 1777
1035 1784
1036 1136
1037 2409
1037 2260
1038 2022
1039 1714
1039 1547
1040 2560
1041 1153
1042 1208
1042 2463
1042 1600
1043 1947
1044 1754
1044 2053
1045 2046
1045 1312
1045 2424
1046 1446
1046 1131
1047 1133
1047 2699
1047 1537
1048 1817
1048 2565
1049 2653
1050 1338
1050 2351
1051 2695
1052 1336
1052 1419
1052 2334
1053 2386
1053 1694
1053 1913
1054 2164
1054 1519
1055 2250
1055 1764
1056 2619
1056 2646
1057 2560
1057 1719
1058 2699
1058 2338
1058 2140
1059 1129
1059 1149
1060 1614
1060 1490
1061 1492
1061 1979
1062 2243
1062 1817
1064 1847
1064 1856
1065 1727
1065 2311
1066 2360
1066 2350
1067 2434
1067 1654
1067 2477
1068 2089
1068 1374
1069 1832
1069 2071
1070 1744
1070 2041
1070 1402
1071 1826
1072 1421
1072 2042
1072 1955
1073 1586
1074 2387
1074 2479
1075 1419
1075 1861
1076 2212
1076 1893
1077 1624
1078 2096
1078 2134
1079 1763
1079 1923
1079 1187
1080 2258
1080 1765
1081 2586
1081 1594
1082 1257
1082 2141
1083 2645
1083 1799
1084 2514
1084 2286
1084 1170
1085 2604
1085 2554
1086 2512
1086 2594
1087 2439
1088 1894
1089 2136
1090 1740
1090 2590
1090 2073
1091 1747
1091 2476
1091 2644
1093 1805
1093 1369
1094 1362
1095 1738
1095 2104
1096 1365
1096 1281
1097 2689
1097 1377
1097 2469
1098 2627
1099 2336
1099 1822
1099 1910
1101 1940
1101 1544
1102 1344
1102 1533
1103 1972
1104 2249
1104 2661
1105 1229
1105 1649
1106 1723
1106 1133
1107 1581
1107 1738
1108 1664
1109 1234
1109 1502
1110 1178
1110 2578
1110 2132
1111 2268
1112 1194
1112 2622
1113 1262
1114 1507
1114 1634
1115 2598
1116 1366
1116 1137
1117 2212
1117 2532
1118 1222
1119 1211
1119 2287
1120 2681
1120 1454
1121 1688
1121 2275
1123 1649
1123 2159
1123 2558
1124 1521
1125 2256
1125 1787
1126 1622
1126 2128
1127 2024
1128 1683
1128 1332
1129 2271
1129 1318
1131 1753
1131 1328
1132 2596
1132 1714
1132 2688
1133 1911
1134 2438
1134 1195
1135 2581
1135 1938
1136 1252
1136 2206
1137 1816
1137 1476
1138 1822
1138 2081
1138 1189
1139 2645
1140 1704
1142 2076
1142 1936
1142 1445
1143 1401
1143 2536
1144 2259
1144 2009
1145 2583
1145 2439
1147 1324
1148 1404
1148 2119
1150 2539
1150 2627
1151 2414
1151 2310
1152 1918
1152 1463
1152 1166
1153 2456
1154 2610
1156 2692
1156 1279
1157 2035
1157 1883
1157 1433
1158 2457
1159 2586
1159 2674
1160 2175
1162 2229
1162 1348
1162 1832
1163 1311
1163 1762
1164 1266
1165 1965
1165 1271
1165 1671
1166 1346
1167 2507
1168 1599
1168 1975
1169 2630
1169 1917
1170 1487
1170 2612
1171 2207
1172 2164
1172 2284
1173 1177
1173 1612
1174 1308
1175 1431
1175 2051
1176 2192
1177 1753
1177 1687
1178 1992
1178 1199
1179 1285
1179 2453
1180 2103
1180 1810
1181 2407
1181 1553
1183 2633
1183 1834
1183 2498
1184 2649
1184 1549
1185 2117
1185 2527
1185 2654
1187 1908
1188 2430
1188 2570
1189 2675
1190 1659
1190 2377
1191 1724
1191 2173
1191 1433
1192 2503
1192 1622
1193 1694
1193 1310
1193 2063
1194 1766
1195 2105
1195 1895
1196 1397
1196 1274
1197 1669
1199 1458
1200 1574
1200 2016
1201 2383
1201 2241
1202 1690
1202 2358
1203 1920
1203 2548
1204 2445
1204 2678
1205 1625
1206 2533
1206 1333
1206 1256
1207 2413
1207 2644
1208 1915
1208 1643
1209 2658
1209 2146
1210 1694
1210 2529
1211 1968
1211 1293
1212 1407
1212 2308
1213 2114
1213 2485
1214 2569
1215 1237
1216 1423
1216 2265
1217 2626
1217 1672
1217 2632
1218 1525
1219 1328
1219 2555
1219 1799
1220 1860
1221 1318
1221 1583
1222 2497
1222 1949
1223 1327
1223 2653
1224 1424
1224 1767
1225 2059
1226 1232
1227 2520
1227 2067
1228 1700
1228 1384
1230 2635
1230 1542
1230 1258
1231 2509
1232 2305
1233 1644
1233 2347
1234 2112
1235 2436
1235 1554
1236 1426
1237 1492
1238 2627
1239 2656
1239 2140
1240 1438
1240 2170
1241 1289
1241 1546
1242 1628
1244 2068
1245 1864
1245 2528
1245 1354
1246 2250
1247 2551
1248 2150
1248 2537
1249 2050
1249 2174
1249 2200
1250 1960
1250 1265
1251 2511
1251 1611
1251 2120
1252 1307
1252 2376
1253 1812
1254 2683
1254 2410
1255 1754
1256 1767
1256 2601
1257 2061
1257 2198
1258 2435
1259 1743
1259 2462
1260 1450
1260 1790
1262 2257
1263 2468
1264 2524
1264 1603
1264 1728
1265 2667
1265 2221
1266 1406
1268 2461
1268 1629
1269 1690
1269 2497
1271 2409
1271 1411
1272 1339
1272 2451
1273 1359
1273 1494
1274 1382
1274 2242
1275 2104
1275 1286
1276 1300
1276 2176
1277 1733
1277 1714
1279 2102
1279 1697
1280 2389
1281 2245
1282 2688
1282 1495
1282 2564
1283 2531
1284 2394
1284 2517
1285 1885
1286 1648
1287 2408
1287 1354
1288 1804
1288 1898
1289 2677
1289 1843
1290 1948
1290 1677
1291 1874
1291 2098
1292 2501
1293 2561
1293 1889
1294 1936
1294 2160
1295 1853
1295 2448
1295 1564
1296 1408
1296 2389
1297 2365
1297 1539
1298 1409
1298 2306
1298 2652
1299 1791
1299 2398
1299 1340
1302 1344
1302 2589
1303 1713
1303 1770
1303 1761
1304 2488
1304 1399
1304 1709
1305 1780
1306 1926
1306 2138
1307 1731
1308 1989
1308 1795
1309 1591
1311 1458
1313 1742
1313 1512
1313 1657
1314 1500
1314 1391
1315 1510
1315 2141
1316 1659
1316 1825
1317 1999
1320 1474
1321 1974
1321 1623
1322 2218
1322 1696
1323 1529
1323 1859
1323 1557
1325 2242
1325 2237
1327 1637
1329 2458
1329 1801
1330 1873
1331 2229
1331 1350
1332 1389
1332 1964
1333 1481
1334 2175
1334 1762
1335 2508
1335 2085
1336 2678
1337 1656
1338 1410
1338 2153
1339 1546
1340 1979
1340 1408
1341 1545
1342 2179
1343 2557
1343 1571
1344 2546
1345 1890
1346 1730
1347 2505
1347 2667
1347 1806
1348 1536
1348 2193
1349 1525
1349 2180
1350 1945
1351 2402
1351 2382
1351 1912
1352 2540
1353 2056
1354 2359
1355 1701
1355 1988
1356 2470
1357 2600
1357 2596
1357 1447
1358 2049
1359 1925
1360 1639
1360 2128
1361 2537
1361 1938
1362 2442
1362 1517
1364 2547
1364 1802
1364 1464
1365 1440
1366 2203
1367 2185
1367 1604
1368 1807
1369 2412
1370 1545
1370 2386
1370 2172
1371 2057
1371 1939
1371 1489
1372 2011
1373 1393
1373 2220
1374 2687
1375 1889
1375 1750
1375 2178
1376 2355
1376 1536
1377 1514
1378 1830
1378 1672
1380 2263
1381 1788
1381 2428
1383 2090
1383 2531
1384 2680
1384 2136
1385 2439
1386 2118
1386 1420
1387 2464
1387 2468
1387 2374
1388 2454
1389 2221
1390 2209
1390 2568
1390 2594
1391 2275
1391 1678
1392 2494
1392 2001
1393 2547
1394 1471
1395 2101
1397 2270
1397 2091
1398 2357
1398 1713
1398 2125
1399 2432
1399 1785
1400 2101
1401 2153
1402 2317
1402 1897
1403 1876
1404 1629
1407 2450
1409 1788
1410 2302
1411 2699
1411 2352
1412 2328
1412 2595
1413 1440
1414 1640
1414 1986
1414 2372
1415 1685
1415 1541
1416 1624
1416 1950
1417 1905
1417 2188
1418 2142
1418 2488
1418 1745
1419 1802
1420 1778
1420 2522
1422 2602
1422 2548
1423 1876
1423 2549
1425 1574
1425 2582
1425 2641
1426 2663
1426 1611
1427 2401
1427 2170
1427 2556
1428 2064
1428 1693
1429 1822
1430 2307
1430 2277
1431 1566
1431 2031
1432 2369
1434 2697
1434 2124
1434 1508
1437 1727
1437 2607
1437 1507
1438 1552
1439 2006
1439 2017
1440 1570
1441 1567
1441 2182
1442 2642
1442 2357
1442 1683
1443 2204
1444 1637
1446 2575
1446 2686
1447 2267
1448 2335
1448 2124
1448 2512
1449 2087
1449 2689
1450 1773
1451 2284
1451 1843
1452 2471
1452 2230
1453 2694
1454 2643
1455 1494
1455 2282
1456 2658
1457 1886
1457 2648
1459 2002
1459 1766
1460 1516
1460 1957
1460 2191
1461 2068
1462 1956
1462 2364
1463 1664
1464 2433
1466 2621
1467 1722
1467 2599
1468 2433
1468 2240
1469 2372
1471 2241
1472 1797
1473 2682
1474 1989
1474 2569
1475 1633
1475 2205
1475 2055
1476 2390
1476 1796
1477 2574
1477 1496
1478 2632
1478 2441
1478 2696
1479 2430
1479 2081
1480 2245
1481 1877
1482 2185
1482 1528
1482 2390
1483 1661
1483 2281
1483 2415
1484 1974
1484 2198
1485 1928
1485 2425
1486 2235
1486 2512
1487 1569
1488 2642
1489 2163
1490 1915
1491 1595
1492 1907
1493 1979
1493 2084
1493 1634
1494 2676
1495 1561
1496 2623
1496 2600
1497 1985
1497 1690
1497 1945
1498 1737
1498 2145
1499 1916
1501 2451
1503 1764
1503 2670
1504 1969
1504 1862
1505 1814
1505 2405
1506 2417
1506 1922
1509 2457
1511 1819
1511 2482
1511 2048
1512 1598
1512 2032
1513 2069
1513 2343
1514 1578
1514 2472
1515 1523
1515 1980
1516 1892
1517 2020
1519 2371
1520 2651
1521 2638
1521 1751
1522 2650
1524 1550
1524 1752
1526 1633
1527 2478
1527 2314
1527 2187
1529 1608
1530 1593
1530 1693
1531 1957
1531 1848
1532 2341
1532 1759
1533 1849
1534 1987
1535 2395
1535 1807
1536 2538
1537 2588
1538 2111
1538 2572
1538 2537
1539 1642
1540 2058
1540 2238
1543 1932
1543 2517
1544 2293
1548 2012
1548 1663
1549 2195
1549 2226
1550 1588
1550 1855
1551 2312
1551 2635
1552 2576
1554 2607
1554 1674
1555 2395
1555 2429
1556 2260
1556 2435
1557 1928
1558 2137
1558 2440
1558 2023
1559 2095
1559 1670
1560 2050
1560 1645
1560 2515
1561 1852
1562 1945
1563 1586
1563 2217
1563 2011
1564 1777
1564 2476
1565 1980
1567 2326
1569 1998
1570 2555
1572 2234
1572 2499
1573 2322
1573 1860
1573 2530
1574 1850
1575 2157
1575 2342
1577 2444
1577 1641
1577 1900
1579 1879
1579 2494
1580 2493
1580 2285
1580 2354
1581 2375
1582 2160
1584 1998
1585 1676
1585 2670
1587 2278
1589 2509
1589 2571
1590 2496
1591 2078
1592 2620
1592 2324
1592 2460
1593 1871
1594 2692
1594 1716
1596 1760
1597 2316
1597 2374
1599 1670
1600 2015
1602 1630
1603 1976
1604 2390
1604 2213
1605 1697
1606 2254
1606 2424
1607 2432
1609 2400
1609 2580
1610 2279
1611 1997
1612 2066
1613 2333
1613 2685
1613 2456
1614 2445
1615 1794
1615 1862
1616 2251
1616 2586
1617 2220
1617 1684
1617 1982
1618 2679
1619 1791
1619 2252
1621 1935
1622 2245
1623 2361
1625 2523
1626 1813
1627 2351
1627 2341
1628 2460
1630 1797
1630 2538
1631 1863
1631 2648
1632 2640
1632 2695
1635 2625
1635 1701
1635 2618
1636 2344
1636 2614
1636 2584
1638 2012
1638 1919
1639 1790
1639 2673
1640 1707
1641 2129
1642 2076
1644 1831
1646 1931
1647 1941
1648 1853
1648 1942
1650 1971
1650 2583
1651 2255
1651 2488
1652 2145
1653 2272
1653 1799
1654 2306
1655 2158
1655 1722
1655 2617
1656 2552
1658 2078
1660 1896
1661 2244
1662 2593
1662 2080
1663 1710
1663 2415
1665 2284
1665 2132
1665 2661
1666 2030
1666 2624
1667 1785
1668 2559
1668 2666
1669 1854
1670 1972
1672 1832
1673 2459
1674 1775
1675 2492
1676 2039
1677 1686
1678 1739
1680 2097
1680 1691
1681 1830
1681 2410
1681 1950
1682 2337
1682 1957
1684 2014
1685 2530
1689 2215
1691 2132
1692 1830
1693 1877
1695 1803
1696 2096
1696 2434
1698 2341
1698 2585
1699 2473
1699 1946
1700 2673
1700 1774
1701 2181
1702 2485
1703 2205
1703 1775
1704 1732
1705 2236
1705 1835
1706 2320
1706 1776
1707 1984
1708 1868
1708 1940
1709 1968
1711 1793
1711 2629
1712 2562
1713 2325
1715 2025
1715 2511
1715 1951
1716 2272
1716 1840
1717 2470
1718 2603
1718 1724
1719 2637
1721 2082
1723 2060
1725 2429
1726 2037
1726 1907
1726 2235
1728 1812
1728 2359
1729 2415
1729 2474
1730 2391
1731 2639
1732 2490
1732 2299
1733 2194
1734 1904
1735 2663
1735 2544
1736 1873
1736 2088
1737 2244
1739 1952
1740 2624
1740 1802
1741 1792
1742 2028
1743 2513
1745 2463
1745 2520
1746 2270
1747 1879
1747 1918
1748 2615
1748 1835
1749 1885
1749 2426
1750 2424
1751 2059
1752 2450
1753 2115
1754 2299
1755 2134
1755 2162
1756 2019
1757 1918
1757 1896
1758 2431
1759 2600
1759 1819
1760 2176
1761 2467
1763 2667
1764 1780
1765 2208
1765 2368
1766 2047
1767 2158
1768 1987
1768 2024
1770 2532
1771 2669
1772 2077
1772 2113
1774 2660
1774 2024
1776 2524
1776 2321
1778 1851
1779 2040
1779 2360
1780 2010
1781 2405
1781 2120
1781 2110
1782 2085
1782 1858
1783 1926
1784 1892
1786 2037
1786 2215
1786 2540
1790 2052
1792 2664
1793 2247
1794 2215
1795 1892
1796 2562
1798 2583
1798 1890
1801 2002
1801 2145
1803 2131
1803 2034
1805 2428
1806 2595
1806 2296
1808 2668
1808 1967
1811 2349
1812 2696
1813 1864
1814 2394
1815 2374
1815 2060
1818 1849
1819 2044
1820 2694
1820 2408
1820 2138
1821 2227
1825 2043
1825 2154
1826 2051
1827 2425
1827 2420
1828 2269
1829 2168
1833 2261
1834 1947
1836 2147
1836 1849
1836 2118
1837 2202
1839 2443
1840 2110
1842 2693
1842 2276
1844 2305
1846 2138
1846 2273
1846 2603
1847 2462
1847 2665
1857 2149
1860 2452
1861 1940
1863 2172
1864 2418
1865 2474
1865 1881
1866 1999
1866 1983
1866 2447
1867 2115
1868 2632
1869 2477
1869 1972
1870 1932
1872 2258
1874 2698
1875 2396
1875 2566
1876 2022
1878 2659
1878 2121
1880 2624
1880 1961
1881 1947
1881 2270
1882 2157
1882 2255
1882 1965
1884 2034
1887 2257
1887 2295
1888 2352
1888 2031
1890 2148
1891 2640
1891 2349
1891 2008
1893 2346
1896 2166
1898 2248
1899 2276
1900 1943
1900 2605
1901 2552
1901 2009
1902 2098
1902 2403
1904 2264
1908 2505
1909 1973
1910 2057
1910 2392
1912 2534
1913 2295
1913 2271
1914 2452
1917 2598
1922 2323
1923 2137
1924 2587
1924 2207
1927 2471
1927 2673
1929 2030
1929 1981
1931 2679
1933 1966
1933 2368
1934 2287
1941 2353
1942 2502
1943 2529
1946 2265
1949 2323
1950 2144
1951 2466
1952 2393
1953 2186
1953 2463
1954 2165
1954 2573
1955 2093
1956 2340
1956 2693
1959 2440
1965 2013
1966 2311
1970 2079
1970 2283
1973 1990
1975 2248
1977 2558
1977 2355
1977 2332
1981 2421
1981 2095
1983 2449
1984 2109
1988 2294
1988 2647
1989 2163
1990 2289
1991 2144
1992 2629
1993 2396
1993 2079
1994 2140
1994 2202
1995 2581
1995 2486
1995 2135
1996 2339
1996 2066
1997 2126
1998 2315
2000 2595
2000 2576
2003 2585
2004 2278
2004 2135
2005 2606
2006 2213
2006 2303
2007 2342
2008 2579
2010 2035
2011 2240
2013 2343
2014 2303
2015 2078
2015 2027
2019 2231
2021 2399
2021 2617
2025 2495
2026 2651
2027 2549
2027 2518
2028 2574
2032 2646
2033 2131
2038 2135
2038 2074
2039 2283
2040 2419
2043 2563
2044 2601
2044 2315
2045 2194
2045 2054
2048 2402
2048 2691
2051 2231
2052 2206
2053 2228
2054 2092
2055 2219
2056 2690
2057 2274
2059 2224
2060 2663
2061 2326
2062 2069
2062 2105
2064 2499
2065 2423
2065 2614
2070 2507
2073 2404
2074 2384
2075 2210
2076 2195
2077 2161
2079 2191
2080 2511
2081 2166
2082 2589
2083 2678
2084 2577
2085 2362
2086 2171
2086 2691
2088 2301
2089 2167
2090 2200
2093 2379
2093 2444
2094 2227
2097 2378
2099 2240
2100 2613
2100 2482
2101 2417
2102 2318
2102 2675
2103 2239
2104 2118
2106 2143
2107 2388
2108 2302
2110 2655
2111 2666
2111 2617
2112 2331
2112 2621
2113 2384
2113 2395
2116 2406
2116 2535
2117 2213
2117 2365
2120 2333
2121 2318
2123 2216
2129 2671
2129 2321
2133 2380
2134 2536
2141 2438
2142 2559
2143 2183
2146 2628
2148 2178
2150 2634
2151 2564
2151 2518
2154 2313
2154 2227
2158 2243
2159 2191
2160 2397
2161 2543
2163 2381
2165 2680
2167 2461
2168 2405
2169 2487
2172 2484
2173 2508
2174 2398
2174 2356
2175 2250
2179 2541
2180 2567
2182 2298
2183 2301
2183 2197
2184 2416
2185 2237
2188 2542
2189 2636
2190 2380
2192 2217
2192 2306
2195 2428
2196 2203
2196 2568
2197 2385
2197 2371
2201 2605
2201 2234
2202 2362
2203 2259
2207 2522
2209 2491
2210 2555
2210 2427
2216 2229
2218 2609
2219 2256
2219 2399
2220 2491
2224 2519
2225 2379
2228 2373
2230 2565
2232 2500
2233 2580
2233 2296
2236 2597
2237 2246
2238 2334
2239 2291
2246 2455
2247 2264
2248 2330
2249 2514
2252 2329
2253 2628
2254 2676
2255 2354
2262 2675
2264 2697
2266 2404
2269 2401
2273 2291
2273 2651
2277 2446
2279 2314
2280 2540
2280 2521
2281 2493
2283 2416
2292 2483
2292 2331
2293 2591
2297 2450
2298 2313
2300 2520
2305 2443
2307 2508
2309 2546
2309 2402
2310 2459
2310 2543
2316 2623
2319 2545
2328 2433
2329 2396
2329 2690
2335 2483
2339 2696
2343 2698
2344 2360
2345 2656
2346 2652
2349 2650
2353 2630
2355 2606
2356 2603
2356 2631
2357 2622
2362 2669
2366 2423
2367 2418
2367 2612
2368 2400
2371 2465
2380 2553
2382 2442
2384 2672
2385 2387
2386 2515
2392 2500
2398 2421
2404 2590
2413 2489
2419 2558
2419 2495
2420 2598
2421 2682
2422 2584
2436 2507
2436 2528
2441 2681
2460 2592
2464 2487
2465 2695
2468 2688
2469 2619
2472 2650
2473 2509
2474 2676
2475 2684
2475 2541
2481 2504
2483 2491
2498 2626
2502 2589
2505 2550
2506 2641
2510 2551
2513 2565
2514 2542
2515 2527
2519 2602
2519 2611
2522 2662
2528 2687
2533 2685
2535 2672
2545 2616
2553 2599
2563 2569
2566 2653
2573 2584
2575 2679
2578 2616
2578 2609
2579 2698
2602 2625
2609 2659
2616 2686
