0 26
0 165
0 177
1 112
1 17
1 3
2 156
2 128
2 179
3 274
3 65
4 215
4 25
4 167
5 30
5 277
5 13
6 181
6 278
6 11
7 230
7 19
7 255
8 157
8 245
8 182
9 24
9 242
9 74
10 170
10 67
10 232
11 186
11 68
12 228
12 237
12 281
13 235
13 113
14 135
14 27
14 110
15 90
15 153
15 227
16 263
16 197
16 42
17 238
17 199
18 229
18 29
18 74
19 22
19 165
20 174
20 134
20 297
21 162
21 156
21 198
22 261
22 83
23 252
23 88
23 50
24 244
24 205
25 177
25 144
26 80
26 283
27 241
27 69
28 102
28 54
28 292
29 188
29 65
30 255
30 94
31 48
31 161
31 138
32 133
32 267
32 264
33 173
33 254
33 113
34 51
34 238
34 214
35 115
35 133
35 61
36 70
36 166
36 286
37 211
37 220
37 39
38 198
38 221
38 174
39 52
39 40
40 118
40 271
41 131
41 236
41 268
42 102
42 203
43 109
43 201
43 162
44 56
44 172
44 167
45 229
45 206
45 64
46 176
46 105
46 126
47 181
47 236
47 104
48 169
48 61
49 274
49 139
49 110
50 53
50 201
51 169
51 101
52 59
52 89
53 280
53 298
54 240
54 114
55 149
55 225
55 224
56 142
56 84
57 245
57 146
57 298
58 243
58 130
58 78
59 249
59 145
60 223
60 142
60 234
61 259
62 175
62 206
62 145
63 265
63 242
63 72
64 253
64 230
65 224
66 241
66 282
66 229
67 155
67 85
68 163
68 266
69 275
69 72
70 272
70 99
71 159
71 265
71 139
72 117
73 221
73 243
73 256
74 288
75 151
75 181
75 287
76 184
76 117
76 144
77 94
77 224
77 80
78 137
78 264
79 250
79 88
79 192
80 219
81 263
81 178
81 116
82 208
82 132
82 188
83 87
83 138
84 92
84 275
85 164
85 297
86 279
86 107
86 111
87 211
87 167
88 95
89 225
89 159
90 198
90 243
91 146
91 136
91 104
92 100
92 225
93 134
93 189
93 242
94 163
95 218
95 127
96 211
96 284
96 114
97 109
97 187
97 168
98 202
98 272
98 234
99 202
99 250
100 164
100 251
101 148
101 255
102 232
103 184
103 151
103 294
104 295
105 210
105 269
106 269
106 193
106 200
107 173
107 292
108 124
108 234
108 153
109 118
110 205
111 272
111 257
112 196
112 194
113 266
114 160
115 283
115 248
116 127
116 196
117 154
118 259
119 200
119 185
119 256
120 140
120 213
120 268
121 258
121 138
121 227
122 291
122 160
122 223
123 235
123 180
123 189
124 145
124 207
125 259
125 217
125 292
126 200
126 246
127 244
128 226
128 248
129 153
129 157
129 240
130 193
130 294
131 203
131 239
132 185
132 212
133 247
134 177
135 253
135 293
136 150
136 298
137 251
137 204
139 207
140 290
140 191
141 227
141 299
141 195
142 151
143 197
143 156
143 187
144 276
146 219
147 288
147 157
147 254
148 270
148 152
149 213
149 221
150 209
150 201
152 217
152 168
154 282
154 263
155 164
155 205
158 289
158 277
158 192
159 231
160 166
161 163
161 262
162 297
165 233
166 260
168 252
169 291
170 280
170 284
171 178
171 267
171 215
172 278
172 231
173 246
174 245
175 184
175 271
176 295
176 257
178 267
179 222
179 192
180 285
180 262
182 241
182 223
183 233
183 219
183 287
185 282
186 238
186 222
187 249
188 276
189 246
190 236
190 257
190 199
191 213
191 194
193 294
194 290
195 274
195 277
196 269
197 278
199 258
202 239
203 220
204 260
204 299
206 299
207 260
208 230
208 216
209 218
209 284
210 293
210 217
212 283
212 270
214 216
214 262
215 226
216 218
220 286
222 250
226 273
228 270
228 247
231 281
232 287
233 261
235 266
237 281
237 279
239 296
240 276
244 249
247 295
248 261
251 296
252 290
253 285
254 265
256 288
258 289
264 289
268 279
271 280
273 275
273 296
285 291
286 293
