0 582
0 1022
0 153
1 619
1 662
1 663
2 845
2 241
2 212
3 936
3 870
3 1050
4 217
4 619
4 712
5 612
5 906
5 342
6 285
6 994
6 997
7 914
7 301
7 468
8 883
8 882
8 802
9 899
9 1023
9 679
10 265
10 256
10 455
11 165
11 177
11 1094
12 77
12 918
12 292
13 851
13 866
13 163
14 940
14 19
14 218
15 509
15 586
15 878
16 151
16 867
16 134
17 262
17 162
17 398
18 232
18 246
18 194
19 507
19 819
20 699
20 981
20 178
21 110
21 662
21 632
22 174
22 431
22 36
23 573
23 291
23 1013
24 982
24 278
24 84
25 929
25 1040
25 33
26 276
26 698
26 898
27 90
27 112
27 196
28 81
28 721
28 961
29 917
29 1083
29 159
30 338
30 980
30 1035
31 1077
31 85
31 251
32 566
32 876
32 97
33 803
33 1028
34 922
34 286
34 345
35 470
35 87
35 596
36 217
36 233
37 231
37 212
37 1031
38 129
38 969
38 476
39 1037
39 893
39 622
40 386
40 108
40 856
41 76
41 761
41 648
42 247
42 1032
42 376
43 558
43 479
43 138
44 962
44 490
44 297
45 205
45 813
45 252
46 728
46 279
46 1002
47 876
47 222
47 189
48 806
48 447
48 130
49 146
49 433
49 104
50 978
50 751
50 839
51 356
51 347
51 607
52 802
52 698
52 281
53 325
53 242
53 819
54 98
54 864
54 107
55 208
55 574
55 88
56 696
56 1071
56 777
57 308
57 321
57 741
58 274
58 273
58 285
59 400
59 613
59 403
60 174
60 272
60 913
61 555
61 374
61 883
62 390
62 790
62 707
63 93
63 218
63 853
64 862
64 426
64 495
65 941
65 251
65 652
66 407
66 1015
66 475
67 765
67 353
67 764
68 897
68 478
68 425
69 369
69 738
69 299
70 586
70 114
70 425
71 208
71 566
71 315
72 327
72 1091
72 497
73 583
73 874
73 546
74 908
74 1071
74 1087
75 813
75 760
75 903
76 551
76 380
77 958
77 788
78 145
78 102
78 553
79 201
79 448
79 198
80 501
80 826
80 616
81 808
81 364
82 270
82 129
82 821
83 989
83 186
83 797
84 673
84 322
85 991
85 339
86 424
86 725
86 1015
87 232
87 886
88 561
88 1067
89 811
89 504
89 617
90 475
90 433
91 958
91 684
91 413
92 549
92 175
92 858
93 474
93 777
94 753
94 956
94 517
95 916
95 332
95 184
96 364
96 269
96 471
97 1043
97 697
98 306
98 703
99 756
99 754
99 973
100 583
100 739
100 443
101 988
101 955
101 794
102 158
102 1064
103 1032
103 287
103 1026
104 793
104 798
105 782
105 930
105 1098
106 981
106 214
106 730
107 321
107 454
108 776
108 437
109 421
109 1065
109 694
110 490
110 349
111 169
111 445
111 580
112 567
112 492
113 459
113 795
113 1039
114 1061
114 531
115 648
115 907
115 357
116 1009
116 590
116 920
117 161
117 151
117 330
118 505
118 918
118 378
119 778
119 361
119 1006
120 320
120 938
120 645
121 750
121 621
121 369
122 749
122 656
122 577
123 816
123 266
123 504
124 332
124 442
124 795
125 390
125 182
125 702
126 1089
126 651
126 515
127 900
127 880
127 352
128 1066
128 493
128 463
129 290
130 1097
130 607
131 850
131 598
131 928
132 1010
132 176
132 959
133 559
133 879
133 464
134 519
134 799
135 957
135 959
135 356
136 656
136 440
136 1081
137 955
137 974
137 985
138 1021
138 520
139 263
139 268
139 381
140 669
140 315
140 701
141 1034
141 751
141 220
142 818
142 248
142 240
143 308
143 355
143 538
144 199
144 166
144 862
145 485
145 171
146 868
146 881
147 777
147 417
147 264
148 873
148 681
148 1011
149 864
149 570
149 1061
150 447
150 727
150 1093
151 224
152 569
152 527
152 507
153 726
153 789
154 583
154 383
154 399
155 762
155 168
155 403
156 268
156 668
156 854
157 653
157 327
157 912
158 938
158 484
159 1012
159 635
160 965
160 735
160 989
161 831
161 496
162 278
162 534
163 501
163 211
164 740
164 995
164 721
165 804
165 914
166 999
166 835
167 512
167 955
167 742
168 772
168 706
169 766
169 198
170 881
170 598
170 378
171 691
171 560
172 552
172 761
172 252
173 717
173 419
173 339
174 623
175 939
175 910
176 1003
176 190
177 732
177 1021
178 754
178 528
179 580
179 331
179 411
180 602
180 747
180 309
181 963
181 661
181 859
182 484
182 486
183 903
183 824
183 542
184 1057
184 275
185 1033
185 957
185 276
186 620
186 913
187 960
187 822
187 193
188 575
188 743
188 1010
189 937
189 1078
190 884
190 557
191 647
191 1090
191 272
192 641
192 510
192 902
193 913
193 1006
194 752
194 904
195 316
195 817
195 375
196 856
196 686
197 956
197 627
197 322
198 871
199 302
199 307
200 844
200 594
200 872
201 1027
201 413
202 312
202 559
202 883
203 681
203 900
203 382
204 1045
204 1016
204 584
205 1096
205 350
206 510
206 911
206 492
207 1017
207 1051
207 305
208 879
209 758
209 538
209 585
210 1000
210 725
210 727
211 636
211 804
212 635
213 248
213 694
213 720
214 541
214 277
215 523
215 329
215 1019
216 790
216 749
216 853
217 410
218 587
219 1008
219 256
219 487
220 432
220 667
221 488
221 222
221 933
222 897
223 498
223 442
223 372
224 1076
224 605
225 457
225 865
225 552
226 804
226 314
226 667
227 376
227 336
227 1000
228 1016
228 257
228 897
229 436
229 1095
229 424
230 612
230 1086
230 784
231 509
231 791
232 1000
233 319
233 644
234 1015
234 1054
234 768
235 988
235 814
235 1091
236 1080
236 451
236 840
237 476
237 1062
237 912
238 945
238 638
238 895
239 936
239 662
239 963
240 439
240 666
241 713
241 372
242 331
242 978
243 339
243 891
243 309
244 597
244 505
244 961
245 388
245 736
245 495
246 956
246 530
247 469
247 684
248 855
249 693
249 660
249 1082
250 656
250 403
250 1075
251 717
252 414
253 685
253 333
253 454
254 659
254 1075
254 734
255 973
255 778
255 737
256 843
257 1068
257 396
258 894
258 465
258 415
259 595
259 837
259 291
260 1085
260 932
260 594
261 690
261 922
261 606
262 419
262 532
263 833
263 808
264 480
264 671
265 977
265 830
266 659
266 439
267 323
267 928
267 625
268 791
269 904
269 458
270 1030
270 899
271 427
271 729
271 435
272 925
273 627
273 1092
274 676
274 757
275 442
275 986
276 404
277 1013
277 517
278 774
279 921
279 1055
280 567
280 658
280 861
281 688
281 901
282 810
282 1088
282 388
283 719
283 365
283 354
284 1037
284 1050
284 799
285 391
286 842
286 923
287 464
287 334
288 1038
288 337
288 392
289 554
289 613
289 799
290 914
290 642
291 735
292 984
292 335
293 354
293 568
293 623
294 811
294 1047
294 762
295 724
295 1079
295 983
296 395
296 836
296 394
297 644
297 591
298 557
298 360
298 950
299 625
299 741
300 571
300 964
300 569
301 1090
301 497
302 1087
302 370
303 716
303 496
303 779
304 460
304 606
304 399
305 1046
305 632
306 431
306 1084
307 465
307 602
308 446
309 968
310 915
310 524
310 1056
311 577
311 818
311 1002
312 866
312 827
313 1007
313 326
313 405
314 472
314 608
315 813
316 427
316 838
317 438
317 395
317 508
318 1054
318 1001
318 588
319 828
319 586
320 611
320 943
321 409
322 363
323 551
323 1093
324 1094
324 455
324 518
325 986
325 901
326 458
326 409
327 706
328 568
328 449
328 592
329 1002
329 564
330 360
330 840
331 533
332 564
333 849
333 1087
334 397
334 466
335 651
335 1006
336 781
336 700
337 1049
337 800
338 886
338 627
340 1059
340 477
340 750
341 971
341 995
341 923
342 770
342 511
343 743
343 513
343 1028
344 1074
344 942
344 650
345 889
345 408
346 730
346 612
346 1036
347 921
347 581
348 600
348 845
348 1081
349 665
349 1092
350 592
350 512
351 868
351 565
351 796
352 996
352 623
353 1069
353 456
354 544
355 588
355 970
356 568
357 987
357 736
358 457
358 835
358 1044
359 626
359 628
359 927
360 389
361 860
361 398
362 896
362 934
362 885
363 996
363 632
364 782
365 482
365 527
366 1075
366 711
366 748
367 816
367 1038
367 556
368 516
368 1012
368 589
369 664
370 1081
370 908
371 1024
371 447
371 744
372 401
373 749
373 1037
373 556
374 785
374 579
375 390
375 615
376 602
377 954
377 976
377 538
378 803
379 1098
379 444
379 489
380 423
380 448
381 709
381 499
382 576
382 432
383 903
383 413
384 1044
384 784
384 609
385 834
385 437
385 701
386 923
386 471
387 469
387 514
387 791
388 701
389 609
389 678
391 706
391 584
392 1067
392 683
393 1041
393 729
393 640
394 552
394 396
395 688
396 910
397 693
397 653
398 720
399 979
400 550
400 766
401 888
401 805
402 759
402 871
402 624
404 547
404 847
405 855
405 738
406 825
406 769
406 1033
407 587
407 440
408 900
408 1089
409 631
410 696
410 990
411 654
411 636
412 424
412 734
412 869
414 976
414 550
415 857
415 563
416 847
416 683
416 536
417 471
417 918
418 880
418 1056
418 1091
419 452
420 683
420 639
420 698
421 1079
421 650
422 731
422 943
422 979
423 481
423 617
425 889
426 502
426 563
427 531
428 1022
428 779
428 673
429 522
429 1086
429 802
430 557
430 1041
430 1020
431 666
432 811
433 567
434 964
434 939
434 664
435 797
435 966
436 603
436 815
437 633
438 1008
438 592
439 758
440 788
441 980
441 872
441 1019
443 910
443 985
444 1036
444 761
445 733
445 732
446 1011
446 1069
448 575
449 741
449 601
450 629
450 507
450 569
451 734
451 703
452 1071
452 1073
453 947
453 639
453 1076
454 560
455 1084
456 525
456 929
457 465
458 499
459 512
459 1058
460 577
460 1063
461 825
461 693
461 532
462 547
462 1080
462 760
463 1042
463 571
464 845
466 671
466 919
467 841
467 916
467 554
468 782
468 786
469 1073
470 786
470 986
472 718
472 911
473 1064
473 831
473 827
474 708
474 1082
475 925
476 812
477 909
477 1030
478 921
478 729
479 1039
479 687
480 1034
480 604
481 545
481 819
482 594
482 561
483 895
483 898
483 523
484 588
485 533
485 1042
486 875
486 867
487 874
487 817
488 582
488 1048
489 1083
489 530
490 1028
491 630
491 715
491 793
492 1083
493 830
493 821
494 854
494 917
494 674
495 1021
496 519
497 700
498 888
498 716
499 1001
500 541
500 547
500 789
501 947
502 872
502 842
503 521
503 951
503 767
504 832
505 652
506 611
506 1029
506 573
508 578
508 954
509 1080
510 950
511 901
511 773
513 966
513 861
514 601
514 730
515 828
515 829
516 685
516 578
517 633
518 753
518 1088
519 639
520 1059
520 977
521 675
521 1027
522 868
522 1024
523 660
524 1018
524 821
525 891
525 763
526 1020
526 727
526 959
527 1045
528 1035
528 864
529 536
529 983
529 816
530 829
531 954
532 579
533 810
534 812
534 915
535 792
535 1025
535 875
536 770
537 716
537 665
537 902
539 626
539 1077
539 671
540 837
540 787
540 1024
541 644
542 944
542 815
543 745
543 882
543 859
544 1031
544 990
545 1074
545 824
546 1058
546 695
548 765
548 920
548 892
549 687
549 645
550 805
551 998
553 795
553 679
554 942
555 881
555 997
556 723
558 559
558 601
560 974
561 840
562 933
562 605
562 630
563 935
564 1026
565 629
565 844
566 980
570 676
570 764
571 674
572 787
572 610
572 935
573 1013
574 926
574 890
575 838
576 598
576 916
578 946
579 873
580 1070
581 1069
581 894
582 919
584 622
585 772
585 765
587 866
589 775
589 964
590 984
590 1053
591 740
591 1014
593 1049
593 747
593 1014
595 849
595 705
596 654
596 1019
597 713
597 1052
599 823
599 694
599 609
600 1064
600 887
603 991
603 823
604 828
604 920
605 808
606 944
607 646
608 1077
608 879
610 657
610 1018
611 711
613 704
614 814
614 992
614 851
615 1096
615 754
616 826
616 709
617 952
618 672
618 877
618 945
619 949
620 1076
620 702
621 979
621 755
622 847
624 924
624 1097
625 789
626 774
628 756
628 1048
629 1063
630 1020
631 1089
631 793
633 871
634 949
634 1070
634 993
635 715
636 733
637 951
637 757
637 678
638 997
638 714
640 891
640 1027
641 691
641 834
642 905
642 733
643 746
643 1066
643 969
645 689
646 768
646 854
647 705
647 818
648 993
649 865
649 1035
649 858
650 691
651 1060
652 931
653 709
654 658
655 884
655 934
655 999
657 982
657 822
658 766
659 1043
660 1041
661 792
661 992
663 1036
663 737
664 1048
665 783
666 932
667 721
668 757
668 837
669 1023
669 982
670 1018
670 689
670 724
672 990
672 984
673 707
674 724
675 855
675 1097
676 774
677 812
677 933
677 1005
678 1099
679 906
680 1003
680 960
680 1029
681 1004
682 746
682 970
682 708
684 699
685 937
686 722
686 1046
687 994
688 1033
689 756
690 998
690 815
692 862
692 1063
692 870
695 700
695 860
696 834
697 967
697 953
699 798
702 948
703 941
704 739
704 973
705 1057
707 967
708 809
710 943
710 978
710 858
711 790
712 714
712 759
713 1007
714 937
715 1099
717 1031
718 797
718 1051
719 844
719 1009
720 909
722 731
722 869
723 775
723 1029
725 890
726 927
726 909
728 1088
728 1026
731 788
732 948
735 1095
736 967
737 863
738 751
739 780
740 846
742 953
742 1065
743 1045
744 778
744 972
745 807
745 963
746 996
747 906
748 779
748 884
750 1039
752 856
752 846
753 922
755 857
755 848
758 935
759 936
760 945
762 1066
763 792
763 958
764 898
767 806
767 1072
768 1017
769 873
769 882
770 826
771 939
771 965
771 857
772 807
773 776
773 1099
775 1042
776 889
780 1098
780 1061
781 974
781 919
783 865
783 877
784 1060
785 960
785 998
786 805
787 968
794 852
794 832
796 932
796 947
798 820
800 1085
800 887
801 993
801 950
801 894
803 869
806 878
807 1034
809 860
809 895
810 887
814 949
817 1054
820 971
820 831
822 931
823 975
824 934
825 991
827 859
829 885
830 992
832 1095
833 953
833 1043
835 941
836 929
836 1040
838 878
839 951
839 1067
841 924
841 1022
842 1009
843 1025
843 1016
846 965
848 850
848 972
849 1084
850 1030
851 1053
852 1047
852 1059
853 1052
861 885
863 892
863 1038
867 1056
870 946
874 1072
875 1068
876 942
877 966
880 983
886 1062
888 999
890 944
892 1055
893 908
893 1060
896 1062
896 930
899 1010
902 948
904 1011
905 1065
905 988
907 1073
907 976
911 957
912 1005
915 952
917 970
924 1051
925 926
926 952
927 987
928 1047
930 985
931 962
938 977
940 975
940 995
946 971
961 1040
962 1092
968 1096
969 981
972 987
975 1001
989 1005
994 1046
1003 1078
1004 1055
1004 1014
1007 1090
1008 1082
1012 1068
1017 1085
1023 1072
1025 1044
1032 1078
1049 1070
1050 1057
1052 1093
1053 1079
1058 1094
1074 1086
