0 335
0 1263
0 518
1 289
1 947
1 663
2 665
2 939
2 863
3 1156
3 521
3 79
4 1244
4 918
4 1288
5 693
5 584
5 904
6 106
6 859
6 134
7 1068
7 744
7 83
8 1154
8 748
8 1067
9 1061
9 72
9 657
10 319
10 1168
10 922
11 724
11 955
11 154
12 502
12 60
12 19
13 960
13 423
13 61
14 1194
14 679
14 128
15 1096
15 578
15 669
16 106
16 518
16 79
17 747
17 396
17 806
18 151
18 619
18 81
19 283
19 827
20 824
20 351
20 82
21 430
21 102
21 644
22 943
22 844
22 1108
23 1026
23 822
23 857
24 737
24 1103
24 1208
25 1136
25 1057
25 807
26 655
26 1251
26 539
27 1179
27 644
27 711
28 588
28 729
28 794
29 642
29 39
29 372
30 1118
30 491
30 119
31 383
31 68
31 784
32 1241
32 304
32 122
33 875
33 1034
33 562
34 60
34 460
34 985
35 372
35 316
35 401
36 524
36 249
36 352
37 682
37 738
37 865
38 519
38 184
38 569
39 836
39 1257
40 855
40 1112
40 1210
41 879
41 836
41 984
42 1294
42 415
42 133
43 1261
43 864
43 900
44 666
44 1077
44 629
45 107
45 990
45 946
46 1074
46 1118
46 573
47 930
47 283
47 260
48 1250
48 1063
48 526
49 456
49 419
49 124
50 1058
50 373
50 915
51 581
51 1015
51 124
52 305
52 158
52 423
53 1253
53 475
53 498
54 1242
54 1201
54 476
55 159
55 1023
55 1111
56 897
56 160
56 1239
57 629
57 1214
57 1017
58 902
58 561
58 1094
59 413
59 591
59 1101
60 593
61 808
61 1231
62 522
62 1202
62 197
63 386
63 651
63 1269
64 252
64 988
64 758
65 545
65 86
65 684
66 453
66 322
66 1081
67 480
67 1098
67 341
68 488
68 624
69 507
69 1116
69 523
70 926
70 1050
70 280
71 968
71 1258
71 291
72 1108
72 439
73 612
73 1128
73 205
74 438
74 980
74 800
75 654
75 1010
75 560
76 450
76 682
76 543
77 1103
77 236
77 482
78 1120
78 594
78 684
79 1115
80 1117
80 612
80 550
81 1216
81 929
82 168
82 236
83 1098
83 1140
84 989
84 317
84 156
85 481
85 1210
85 463
86 789
86 703
87 1028
87 622
87 1052
88 541
88 492
88 1198
89 430
89 907
89 999
90 959
90 576
90 393
91 647
91 595
91 137
92 619
92 753
92 1211
93 405
93 551
93 825
94 1079
94 768
94 397
95 211
95 952
95 274
96 369
96 1275
96 1252
97 246
97 714
97 376
98 355
98 655
98 580
99 174
99 1283
99 160
100 1275
100 832
100 1156
101 1220
101 672
101 389
102 329
102 256
103 1197
103 142
103 1282
104 572
104 787
104 403
105 946
105 119
105 414
106 944
107 615
107 318
108 706
108 564
108 879
109 1004
109 390
109 546
110 1155
110 320
110 1242
111 1215
111 1130
111 1244
112 1292
112 378
112 332
113 987
113 1092
113 643
114 994
114 459
114 1220
115 738
115 942
115 932
116 780
116 714
116 1127
117 822
117 682
117 904
118 368
118 1104
118 1295
119 562
120 969
120 795
120 1207
121 1109
121 349
121 931
122 1134
122 210
123 420
123 1160
123 327
124 268
125 628
125 749
125 312
126 887
126 260
126 646
127 658
127 606
127 543
128 379
128 699
129 1239
129 136
129 908
130 280
130 464
130 754
131 1272
131 891
131 970
132 141
132 945
132 809
133 228
133 858
134 665
134 591
135 735
135 251
135 175
136 1270
136 1085
137 1299
137 340
138 970
138 1082
138 279
139 662
139 618
139 186
140 1044
140 828
140 1229
141 1299
141 163
142 1250
142 372
143 873
143 511
143 934
144 996
144 1020
144 705
145 391
145 1219
145 504
146 500
146 187
146 875
147 212
147 1268
147 1247
148 916
148 587
148 1176
149 1223
149 165
149 618
150 1122
150 1235
150 982
151 229
151 1061
152 924
152 1110
152 325
153 968
153 571
153 354
154 850
154 201
155 577
155 710
155 778
156 1130
156 1010
157 736
157 853
157 182
158 972
158 357
159 415
159 548
160 275
161 674
161 267
161 334
162 574
162 265
162 1243
163 903
163 441
164 502
164 1131
164 451
165 836
165 1128
166 471
166 1144
166 1071
167 291
167 206
167 486
168 827
168 1038
169 910
169 660
169 233
170 302
170 1218
170 843
171 313
171 777
171 204
172 693
172 216
172 604
173 301
173 1203
173 713
174 1160
174 324
175 232
175 550
176 532
176 359
176 900
177 1162
177 439
177 272
178 611
178 1230
178 183
179 1046
179 188
179 916
180 293
180 814
180 1292
181 378
181 515
181 706
182 1234
182 730
183 258
183 465
184 329
184 596
185 266
185 656
185 832
186 1157
186 434
187 891
187 1165
188 1293
188 831
189 1104
189 621
189 538
190 594
190 541
190 668
191 694
191 873
191 1078
192 1038
192 554
192 303
193 936
193 664
193 300
194 1132
194 296
194 1278
195 434
195 777
195 704
196 534
196 404
196 948
197 581
197 1179
198 856
198 1190
198 357
199 861
199 696
199 1082
200 1019
200 359
200 619
201 1294
201 512
202 713
202 1000
202 1171
203 656
203 821
203 967
204 287
204 1245
205 565
205 774
206 678
206 1064
207 451
207 278
207 323
208 1149
208 228
208 661
209 375
209 937
209 965
210 394
210 1235
211 518
211 298
212 652
212 1224
213 985
213 474
213 1056
214 1293
214 432
214 1067
215 537
215 959
215 257
216 467
216 830
217 625
217 1074
217 367
218 1024
218 1256
218 354
219 381
219 723
219 433
220 759
220 312
220 1121
221 1121
221 886
221 1173
222 848
222 503
222 1110
223 1049
223 1226
223 1175
224 501
224 877
224 597
225 1169
225 797
225 855
226 1039
226 601
226 351
227 315
227 879
227 295
228 1004
229 1137
229 354
230 359
230 802
230 925
231 246
231 592
231 449
232 1298
232 1078
233 900
233 1267
234 264
234 375
234 485
235 482
235 517
235 357
236 887
237 727
237 553
237 1239
238 483
238 860
238 1091
239 805
239 1164
239 503
240 241
240 780
240 462
241 381
241 987
242 1005
242 472
242 1233
243 556
243 942
243 404
244 773
244 1116
244 561
245 851
245 810
245 371
246 254
247 438
247 529
247 278
248 856
248 537
248 1057
249 979
249 870
250 1260
250 721
250 1041
251 757
251 461
252 824
252 1236
253 774
253 866
253 702
254 694
254 928
255 761
255 338
255 769
256 898
256 506
257 564
257 1295
258 421
258 549
259 1157
259 928
259 1042
260 1189
261 310
261 588
261 1095
262 324
262 816
262 677
263 1107
263 351
263 773
264 587
264 1120
265 1014
265 608
266 758
266 1051
267 1183
267 415
268 986
268 955
269 508
269 609
269 719
270 296
270 863
270 1285
271 328
271 277
271 1151
272 627
272 838
273 716
273 873
273 455
274 777
274 756
275 1249
275 407
276 796
276 556
276 570
277 398
277 1200
278 585
279 881
279 814
280 600
281 1009
281 961
281 1193
282 843
282 1086
282 390
283 810
284 673
284 621
284 767
285 1128
285 501
285 1194
286 1188
286 621
286 395
287 913
287 1042
288 871
288 1009
288 540
289 759
289 387
290 857
290 382
290 551
291 1163
292 332
292 1129
292 904
293 585
293 300
294 603
294 616
294 1279
295 391
295 1281
296 1164
297 399
297 1297
297 848
298 306
298 840
299 600
299 760
299 1260
300 609
301 1025
301 534
302 579
302 641
303 1091
303 1032
304 1222
304 827
305 445
305 906
306 577
306 841
307 830
307 1284
307 782
308 363
308 467
308 1257
309 971
309 1282
309 726
310 1215
310 672
311 355
311 697
311 491
312 1070
313 854
313 685
314 910
314 1090
314 951
315 724
315 1119
316 470
316 643
317 601
317 800
318 786
318 724
319 466
319 1171
320 811
320 382
321 1296
321 804
321 1293
322 804
322 640
323 912
323 631
324 634
325 784
325 731
326 1161
326 601
326 688
327 1251
327 781
328 1173
328 362
329 455
330 494
330 924
330 388
331 902
331 871
331 1192
332 894
333 624
333 1238
333 699
334 839
334 348
335 1021
335 752
336 347
336 469
336 1077
337 493
337 1261
337 954
338 731
338 962
339 1286
339 913
339 769
340 688
340 1241
341 1106
341 579
342 1054
342 418
342 1235
343 919
343 1175
343 979
344 1238
344 1129
344 1019
345 702
345 728
345 531
346 709
346 512
346 771
347 461
347 454
348 749
348 1018
349 1299
349 869
350 593
350 1180
350 598
352 503
352 936
353 373
353 575
353 701
355 1197
356 946
356 1080
356 1045
358 1204
358 1287
358 1100
360 759
360 847
360 1233
361 1267
361 994
361 445
362 1209
362 519
363 456
363 868
364 736
364 1095
364 1139
365 379
365 878
365 698
366 661
366 474
366 696
367 771
367 1073
368 1167
368 1029
369 818
369 764
370 756
370 607
370 1148
371 565
371 1099
373 424
374 798
374 1264
374 990
375 608
376 1072
376 983
377 681
377 527
377 1035
378 1182
379 940
380 797
380 862
380 593
381 789
382 640
383 1203
383 775
384 1060
384 1228
384 521
385 496
385 974
385 1209
386 615
386 485
387 538
387 773
388 893
388 767
389 472
389 1108
390 931
391 1003
392 506
392 687
392 681
393 567
393 440
394 722
394 426
395 1227
395 1105
396 867
396 707
397 650
397 1055
398 874
398 812
399 708
399 1285
400 976
400 905
400 1029
401 1243
401 1115
402 538
402 628
402 905
403 1083
403 898
404 551
405 1058
405 525
406 969
406 1057
406 460
407 1030
407 512
408 885
408 1286
408 504
409 956
409 605
409 971
410 894
410 431
410 1082
411 811
411 722
411 615
412 667
412 484
412 1138
413 903
413 1159
414 637
414 1016
416 542
416 800
416 659
417 540
417 642
417 468
418 977
418 466
419 1233
419 820
420 1144
420 678
421 461
421 1069
422 818
422 1151
422 1011
423 750
424 839
424 1162
425 717
425 922
425 901
426 544
426 529
427 772
427 655
427 1240
428 753
428 689
428 984
429 489
429 645
429 921
430 734
431 458
431 646
432 865
432 794
433 1102
433 1203
434 817
435 1224
435 630
435 590
436 933
436 1168
436 463
437 1043
437 1002
437 1015
438 747
439 916
440 835
440 715
441 567
441 1121
442 1192
442 1002
442 972
443 525
443 948
443 1265
444 974
444 1281
444 1102
445 574
446 955
446 814
446 528
447 817
447 1283
447 743
448 690
448 1145
448 586
449 816
449 743
450 977
450 483
451 1285
452 792
452 972
452 542
453 792
453 1276
454 1091
454 472
455 889
456 555
457 639
457 618
457 634
458 1028
458 1127
459 677
459 1033
460 799
462 1094
462 673
463 478
464 685
464 1146
465 741
465 992
466 936
467 589
468 563
468 870
469 712
469 1055
470 914
470 1155
471 506
471 849
473 1260
473 688
473 844
474 1253
475 970
475 498
476 801
476 1000
477 736
477 679
477 603
478 1080
478 804
479 557
479 958
479 1149
480 1143
480 992
481 1243
481 818
482 1250
483 533
484 1177
484 642
485 667
486 728
486 695
487 798
487 493
487 646
488 730
488 1241
489 1279
489 1261
490 530
490 1259
490 513
491 1113
492 999
492 1148
493 819
494 1006
494 578
495 1244
495 1248
495 937
496 534
496 940
497 697
497 654
497 731
498 786
499 767
499 842
499 1197
500 1192
500 675
501 1138
502 1079
504 923
505 815
505 997
505 514
507 1212
507 679
508 1256
508 563
509 792
509 706
509 1025
510 1175
510 568
510 1035
511 1177
511 1131
513 1100
513 788
514 1132
514 929
515 1083
515 850
516 526
516 718
516 1008
517 952
517 897
519 1083
520 1059
520 692
520 1168
521 577
522 1202
522 929
523 532
523 1146
524 861
524 1075
525 605
526 654
527 719
527 925
528 775
528 1066
529 833
530 659
530 535
531 1090
531 594
532 589
533 1074
533 668
535 870
535 788
536 582
536 1033
536 948
537 1213
539 751
539 841
540 858
541 935
542 625
543 602
544 982
544 1027
545 626
545 872
546 1232
546 641
547 934
547 1047
547 1200
548 633
548 834
549 1178
549 898
550 735
552 993
552 557
552 1142
553 1028
553 1065
554 1154
554 760
555 1267
555 580
556 1034
557 907
558 651
558 1126
558 949
559 1060
559 602
559 1269
560 676
560 562
561 840
563 965
564 1195
565 808
566 1012
566 1290
566 1270
567 1065
568 991
568 934
569 1071
569 974
570 923
570 592
571 960
571 1163
572 1088
572 853
573 1263
573 579
574 926
575 795
575 1041
576 733
576 899
578 882
580 897
581 747
582 1008
582 920
583 978
583 947
583 1224
584 1041
584 1286
585 1138
586 1126
586 698
587 1008
588 1044
589 1166
590 1007
590 901
591 815
592 1200
595 821
595 933
596 653
596 666
597 1238
597 732
598 831
598 1124
599 737
599 886
599 878
600 729
602 617
603 758
604 829
604 1062
605 950
606 763
606 762
607 1045
607 867
608 838
609 700
610 890
610 1101
610 1196
611 1249
611 941
612 1196
613 1287
613 1005
613 677
614 1085
614 1234
614 819
616 1114
616 766
617 1033
617 961
620 1015
620 1084
620 1012
622 1217
622 1013
623 707
623 1183
623 1165
624 1246
625 648
626 779
626 893
627 745
627 1272
628 1151
629 694
630 1165
630 680
631 1232
631 807
632 988
632 957
632 937
633 1016
633 1152
634 1053
635 1254
635 1180
635 664
636 750
636 1227
636 768
637 710
637 1036
638 1036
638 784
638 933
639 953
639 648
640 1087
641 1153
643 1289
644 917
645 1147
645 662
647 1189
647 906
648 730
649 744
649 981
649 1291
650 1112
650 826
651 995
652 885
652 746
653 1051
653 790
656 1280
657 918
657 945
658 725
658 1213
659 884
660 755
660 833
661 1189
662 667
663 855
663 1094
664 1295
665 1255
666 718
668 868
669 1198
669 673
670 927
670 984
670 917
671 1051
671 1040
671 812
672 1123
674 1207
674 860
675 1107
675 1265
676 1228
676 726
678 1219
680 1030
680 1011
681 1199
683 1242
683 1199
683 1214
684 991
685 1170
686 1226
686 708
686 704
687 1283
687 1276
689 796
689 803
690 837
690 1007
691 945
691 803
691 717
692 973
692 1129
693 930
695 752
695 704
696 733
697 910
698 1230
699 1182
700 1277
700 892
701 1013
701 953
702 1180
703 1101
703 793
705 1000
705 742
707 930
708 1114
709 733
709 1054
710 716
711 846
711 1221
712 1265
712 1078
713 1046
714 785
715 1046
715 732
716 1096
717 1146
718 1269
719 1229
720 1103
720 862
720 1106
721 950
721 1171
722 915
723 1075
723 882
725 1216
725 1198
726 896
727 1136
727 796
728 1158
729 1019
732 956
734 806
734 901
735 1066
737 1249
738 1072
739 1161
739 1271
739 831
740 1278
740 943
740 1156
741 1218
741 909
742 1216
742 1081
743 1223
744 883
745 755
745 837
746 823
746 1160
748 1035
748 967
749 888
750 781
751 1047
751 783
752 1185
753 789
754 1061
754 1087
755 1014
756 915
757 1226
757 920
760 790
761 876
761 1004
762 1022
762 779
763 1184
763 1037
764 1255
764 883
765 1044
765 863
765 1196
766 823
766 947
768 978
769 1069
770 1089
770 892
770 1042
771 1013
772 1254
772 839
774 1093
775 1092
776 791
776 1134
776 1073
778 1245
778 1281
779 864
780 1134
781 1130
782 902
782 1229
783 1213
783 813
785 1106
785 996
786 1150
787 812
787 1296
788 884
790 1002
791 1184
791 911
793 966
793 1193
794 944
795 963
797 1086
798 1105
799 919
799 1141
801 875
801 1056
802 1017
802 1137
803 952
805 1205
805 1215
806 1125
807 849
808 960
809 988
809 840
810 1153
811 851
813 1001
813 907
815 1139
816 1053
817 1232
819 1191
820 1007
820 944
821 1277
822 1166
823 1113
824 1124
825 852
825 968
826 1109
826 911
828 847
828 997
829 1218
829 977
830 868
832 951
833 981
834 1090
834 994
835 846
835 1055
837 1221
838 1219
841 909
842 1149
842 867
843 1181
844 1097
845 998
845 1262
845 986
846 1048
847 1183
848 1075
849 856
850 866
851 1141
852 1185
852 1297
853 1255
854 866
854 1246
857 1124
858 862
859 1296
859 1246
860 1174
861 1172
864 1174
865 899
869 892
869 1187
871 1259
872 1193
872 1093
874 1291
874 1031
876 1136
876 1063
877 1163
877 1135
878 1062
880 1052
880 1043
880 1068
881 926
881 1248
882 1047
883 1119
884 1186
885 1058
886 1100
887 1012
888 1085
888 941
889 1282
889 1247
890 1252
890 1205
891 1228
893 1258
894 1117
895 1254
895 1099
895 1025
896 1221
896 1225
899 1003
903 1093
905 979
906 1119
908 1063
908 1209
909 1274
911 1038
912 1064
912 1188
913 982
914 1277
914 954
917 1272
918 1029
919 1264
920 1137
921 1222
921 1027
922 1024
923 966
924 1298
925 1287
927 1032
927 1110
928 989
931 1214
932 1142
932 990
935 1071
935 1270
938 964
938 1188
938 1114
939 1018
939 1118
940 1240
941 1161
942 1297
943 1132
949 1001
949 1089
950 1162
951 1284
953 1266
954 1170
956 1068
957 1150
957 1205
958 1280
958 1045
959 1143
961 1127
962 1190
962 973
963 1247
963 1256
964 987
964 1206
965 1227
966 1020
967 999
969 1152
971 997
973 1065
975 1176
975 1123
975 1181
976 1262
976 1010
978 1147
980 1289
980 1164
981 1072
983 1222
983 1076
985 1195
986 1141
989 1117
991 1076
992 1212
993 1043
993 1169
995 1176
995 1204
996 1208
998 1144
998 1262
1001 1294
1003 1251
1005 1292
1006 1087
1006 1069
1009 1182
1011 1159
1014 1060
1016 1048
1017 1211
1018 1031
1020 1290
1021 1125
1021 1023
1022 1206
1022 1208
1023 1142
1024 1172
1026 1140
1026 1126
1027 1070
1030 1237
1031 1059
1032 1034
1036 1089
1037 1088
1037 1225
1039 1120
1039 1202
1040 1225
1040 1158
1048 1263
1049 1145
1049 1154
1050 1112
1050 1187
1052 1268
1053 1284
1054 1204
1056 1273
1059 1280
1062 1097
1064 1194
1066 1084
1067 1098
1070 1187
1073 1111
1076 1206
1077 1253
1079 1181
1080 1173
1081 1131
1084 1105
1086 1217
1088 1115
1092 1257
1095 1207
1096 1099
1097 1191
1102 1275
1104 1266
1107 1159
1109 1125
1111 1170
1113 1179
1116 1288
1122 1220
1122 1234
1123 1273
1133 1199
1133 1211
1133 1258
1135 1172
1135 1167
1139 1230
1140 1245
1143 1195
1145 1212
1147 1266
1148 1236
1150 1190
1152 1236
1153 1155
1157 1231
1158 1278
1166 1169
1167 1274
1174 1259
1177 1237
1178 1288
1178 1240
1184 1217
1185 1252
1186 1298
1186 1291
1191 1273
1201 1289
1201 1231
1210 1274
1223 1248
1237 1264
1268 1271
1271 1290
1276 1279
