0 628
0 137
0 1425
1 1248
1 952
1 365
2 175
2 1314
2 178
3 483
3 1323
3 763
4 1022
4 907
4 1374
5 877
5 69
5 800
6 541
6 1129
6 611
7 11
7 694
7 1181
8 203
8 854
8 921
9 574
9 858
9 958
10 1277
10 701
10 658
11 512
11 30
12 383
12 801
12 1133
13 1246
13 1010
13 637
14 82
14 1330
14 970
15 193
15 835
15 912
16 1391
16 399
16 686
17 557
17 945
17 390
18 546
18 92
18 71
19 978
19 185
19 1002
20 989
20 717
20 1028
21 1454
21 365
21 695
22 98
22 1193
22 1106
23 298
23 798
23 627
24 25
24 72
24 108
25 191
25 388
26 566
26 722
26 42
27 473
27 1165
27 1109
28 326
28 39
28 1156
29 1357
29 355
29 259
30 713
30 553
31 1013
31 230
31 1115
32 917
32 642
32 482
33 345
33 1248
33 565
34 84
34 362
34 1090
35 1423
35 1317
35 139
36 770
36 275
36 189
37 373
37 1082
37 481
38 1497
38 247
38 890
39 843
39 1362
40 495
40 1107
40 1263
41 1215
41 291
41 1459
42 554
42 991
43 919
43 974
43 405
44 923
44 99
44 1178
45 1149
45 920
45 1134
46 977
46 1261
46 904
47 165
47 671
47 517
48 1032
48 1354
48 1279
49 107
49 515
49 585
50 490
50 578
50 268
51 562
51 1290
51 1388
52 391
52 319
52 762
53 1285
53 174
53 229
54 318
54 136
54 693
55 869
55 1401
55 454
56 1324
56 1116
56 533
57 353
57 411
57 410
58 1222
58 276
58 1334
59 794
59 311
59 88
60 440
60 754
60 746
61 610
61 909
61 1052
62 498
62 401
62 395
63 969
63 1443
63 101
64 180
64 1001
64 972
65 993
65 712
65 553
66 1448
66 1301
66 1051
67 1484
67 1197
67 273
68 1352
68 604
68 1103
69 243
69 698
70 110
70 1182
70 1418
71 1168
71 401
72 845
72 1267
73 881
73 376
73 743
74 783
74 694
74 860
75 1436
75 237
75 937
76 846
76 1003
76 1149
77 1420
77 1359
77 756
78 1449
78 1168
78 1446
79 222
79 851
79 141
80 701
80 867
80 803
81 862
81 238
81 140
82 748
82 377
83 235
83 219
83 233
84 159
84 472
85 288
85 345
85 458
86 1499
86 850
86 799
87 626
87 513
87 1099
88 445
88 116
89 1454
89 1431
89 208
90 354
90 1204
90 747
91 226
91 821
91 724
92 738
92 520
93 387
93 706
93 146
94 1068
94 793
94 1335
95 468
95 779
95 616
96 167
96 620
96 506
97 918
97 1308
97 780
98 1152
98 694
99 845
99 1138
100 1087
100 158
100 1316
101 484
101 1364
102 1438
102 163
102 594
103 1044
103 463
103 1005
104 728
104 959
104 938
105 183
105 1456
105 1116
106 883
106 1026
106 1371
107 218
107 1381
108 1229
108 1136
109 166
109 471
109 140
110 202
110 908
111 1283
111 703
111 618
112 537
112 836
112 463
113 1095
113 121
113 380
114 205
114 855
114 1377
115 670
115 1389
115 924
116 1109
116 1162
117 249
117 130
117 487
118 1011
118 1266
118 816
119 1287
119 1234
119 1224
120 925
120 896
120 346
121 803
121 1252
122 568
122 1221
122 1140
123 819
123 336
123 1319
124 781
124 1097
124 1020
125 906
125 522
125 515
126 1208
126 920
126 753
127 544
127 293
127 1411
128 433
128 548
128 848
129 1415
129 489
129 1473
130 1209
130 650
131 348
131 860
131 178
132 689
132 537
132 193
133 1498
133 208
133 1412
134 937
134 597
134 434
135 427
135 472
135 907
136 622
136 1342
137 1112
137 809
138 737
138 1326
138 700
139 849
139 445
140 323
141 300
141 1414
142 1485
142 418
142 914
143 410
143 435
143 1262
144 1119
144 1277
144 1421
145 1160
145 1417
145 1250
146 856
146 721
147 470
147 527
147 675
148 941
148 592
148 583
149 758
149 1147
149 1435
150 722
150 1324
150 643
151 726
151 1280
151 1480
152 1351
152 1314
152 479
153 610
153 325
153 556
154 820
154 1242
154 1012
155 516
155 1378
155 739
156 1212
156 740
156 573
157 393
157 871
157 1126
158 1260
158 1013
159 1082
159 632
160 1304
160 252
160 960
161 216
161 1179
161 1257
162 302
162 1162
162 482
163 810
163 209
164 455
164 1339
164 1465
165 1317
165 1139
166 815
166 1082
167 1232
167 1457
168 1325
168 1173
168 315
169 320
169 1235
169 1073
170 1387
170 927
170 1170
171 737
171 789
171 843
172 1348
172 700
172 734
173 968
173 992
173 645
174 1036
174 1117
175 885
175 1404
176 718
176 1099
176 1180
177 460
177 999
177 451
178 905
179 381
179 979
179 596
180 466
180 847
181 412
181 1063
181 882
182 437
182 272
182 1403
183 193
183 285
184 527
184 1315
184 1396
185 847
185 1167
186 247
186 1130
186 1302
187 1267
187 431
187 1471
188 1098
188 1119
188 909
189 782
189 743
190 1047
190 1269
190 1451
191 369
191 461
192 1085
192 246
192 550
194 505
194 1332
194 652
195 910
195 468
195 418
196 640
196 597
196 1169
197 767
197 813
197 277
198 869
198 950
198 266
199 1385
199 1225
199 1128
200 285
200 1203
200 465
201 1498
201 1189
201 1283
202 419
202 759
203 209
203 860
204 1287
204 1400
204 1366
205 1154
205 1055
206 1336
206 767
206 1051
207 1464
207 328
207 1478
208 1038
209 1202
210 838
210 226
210 700
211 597
211 1413
211 519
212 949
212 921
212 265
213 1016
213 417
213 220
214 1111
214 858
214 880
215 655
215 1153
215 452
216 778
216 669
217 1177
217 1423
217 509
218 1049
218 1161
219 1229
219 1045
220 991
220 606
221 576
221 1371
221 678
222 1348
222 349
223 430
223 795
223 1154
224 1386
224 812
224 308
225 1191
225 285
225 1200
226 389
227 614
227 1157
227 1124
228 1457
228 1029
228 1423
229 748
229 1247
230 352
230 763
231 986
231 262
231 989
232 236
232 939
232 1105
233 1064
233 1371
234 350
234 1271
234 955
235 667
235 408
236 563
236 538
237 638
237 929
238 1172
238 1292
239 1402
239 410
239 951
240 437
240 947
240 322
241 795
241 358
241 713
242 566
242 249
242 1100
243 900
243 978
244 553
244 575
244 421
245 819
245 974
245 1002
246 1253
246 978
247 1113
248 595
248 837
248 541
249 869
250 525
250 376
250 702
251 737
251 773
251 898
252 651
252 994
253 281
253 438
253 833
254 1308
254 1476
254 1009
255 1492
255 1040
255 267
256 1357
256 1379
256 545
257 690
257 657
257 876
258 392
258 922
258 692
259 474
259 432
260 1434
260 654
260 398
261 1303
261 1384
261 1420
262 1496
262 1492
263 779
263 774
263 786
264 866
264 555
264 514
265 657
265 312
266 996
266 278
267 1027
267 1273
268 936
268 1057
269 1041
269 1495
269 670
270 672
270 1435
270 1207
271 442
271 1416
271 1153
272 287
272 286
273 1363
273 439
274 940
274 635
274 1464
275 1236
275 1272
276 337
276 627
277 667
277 1226
278 1256
278 1365
279 1345
279 1058
279 344
280 282
280 614
280 420
281 1439
281 979
282 889
282 1281
283 589
283 592
283 852
284 1484
284 697
284 832
286 1258
286 1259
287 528
287 807
288 818
288 1107
289 421
289 807
289 1044
290 1353
290 1124
290 806
291 496
291 946
292 441
292 1270
292 719
293 631
293 1062
294 1484
294 691
294 811
295 439
295 1194
295 1151
296 1413
296 999
296 1275
297 931
297 590
297 603
298 341
298 1439
299 1207
299 1329
299 1378
300 1090
300 984
301 659
301 806
301 789
302 600
302 594
303 341
303 963
303 547
304 733
304 335
304 315
305 1368
305 1474
305 772
306 396
306 903
306 806
307 1006
307 1132
307 1022
308 967
308 1169
309 1186
309 1385
309 1462
310 699
310 1288
310 596
311 375
311 359
312 1339
312 1096
313 337
313 901
313 1422
314 630
314 849
314 809
315 1440
316 804
316 1320
316 875
317 1452
317 1000
317 1297
318 760
318 711
319 1124
319 891
320 372
320 1040
321 560
321 1415
321 501
322 1327
322 359
323 1122
323 962
324 456
324 791
324 384
325 1150
325 714
326 1328
326 1033
327 755
327 823
327 970
328 977
328 1430
329 854
329 876
329 1100
330 785
330 525
330 350
331 1341
331 1386
331 654
332 623
332 371
332 1185
333 1233
333 681
333 1335
334 1488
334 1093
334 1375
335 1081
335 1314
336 1256
336 1254
337 1221
338 1038
338 1171
338 951
339 1344
339 364
339 348
340 1458
340 892
340 1279
341 1259
342 1015
342 733
342 605
343 1143
343 351
343 429
344 589
344 976
345 1053
346 559
346 1265
347 1046
347 1265
347 1479
348 535
349 1063
349 637
350 1079
351 1444
351 653
352 548
352 1347
353 483
353 679
354 1491
354 1085
355 1060
355 363
356 804
356 684
356 545
357 628
357 585
357 505
358 1090
358 1326
359 1103
360 467
360 461
360 1313
361 498
361 1493
361 1310
362 1264
362 673
363 750
363 794
364 914
364 797
365 1286
366 556
366 788
366 398
367 538
367 502
367 1483
368 1269
368 1472
368 1095
369 616
369 632
370 459
370 1036
370 474
371 1178
371 411
372 1183
372 943
373 436
373 1231
374 1041
374 406
374 1387
375 441
375 1188
376 1073
377 464
377 450
378 1452
378 1201
378 1236
379 1278
379 1183
379 1448
380 874
380 1373
381 889
381 1126
382 1227
382 1003
382 489
383 1015
383 522
384 1278
384 712
385 1281
385 499
385 977
386 1045
386 838
386 1347
387 560
387 1384
388 1025
388 671
389 1176
389 516
390 566
390 693
391 1107
391 877
392 1023
392 913
393 698
393 1403
394 1212
394 624
394 1219
395 611
395 1251
396 864
396 439
397 1242
397 831
397 1151
398 550
399 963
399 808
400 1294
400 523
400 669
401 987
402 1210
402 856
402 681
403 824
403 1125
403 1173
404 1047
404 569
404 682
405 447
405 1153
406 462
406 1076
407 941
407 936
407 1157
408 521
408 1307
409 1089
409 1079
409 751
411 1394
412 1284
412 834
413 1216
413 1462
413 637
414 1288
414 631
414 1005
415 1232
415 1322
415 926
416 1300
416 1192
416 565
417 664
417 1086
418 855
419 953
419 1163
420 1088
420 944
421 777
422 1359
422 911
422 1463
423 751
423 1084
423 468
424 1074
424 888
424 1463
425 506
425 1115
425 708
426 670
426 617
426 661
427 1071
427 638
428 1381
428 1130
428 436
429 643
429 844
430 895
430 884
431 956
431 1198
432 723
432 1393
433 933
433 783
434 867
434 1004
435 1134
435 1240
436 915
437 993
438 1104
438 987
440 983
440 1207
441 547
442 571
442 961
443 1470
443 496
443 1026
444 822
444 1332
444 726
445 889
446 1140
446 646
446 595
447 686
447 533
448 1285
448 1011
448 1350
449 804
449 711
449 1447
450 683
450 1070
451 1000
451 1360
452 595
452 463
453 1001
453 1304
453 1295
454 1358
454 582
455 577
455 612
456 575
456 1458
457 839
457 1313
457 822
458 1321
458 678
459 666
459 1050
460 666
460 769
461 545
462 567
462 828
464 1176
464 761
465 1024
465 618
466 1102
466 894
467 1267
467 818
469 613
469 603
469 741
470 679
470 551
471 1254
471 1034
472 857
473 654
473 611
474 1125
475 1451
475 1192
475 552
476 1402
476 1349
476 658
477 1170
477 1062
477 1120
478 746
478 624
478 528
479 650
479 672
480 638
480 772
480 1175
481 1043
481 646
482 1348
483 769
484 1144
484 1110
485 914
485 497
485 1372
486 1209
486 1324
486 1220
487 728
487 1123
488 916
488 499
488 668
489 1178
490 723
490 592
491 843
491 1008
491 1397
492 908
492 623
492 651
493 1361
493 1131
493 1433
494 1043
494 516
494 907
495 1460
495 725
496 536
497 1017
497 1183
498 890
499 540
500 1023
500 1432
500 1217
501 1363
501 1322
502 1291
502 1063
503 1433
503 928
503 910
504 1470
504 524
504 1240
505 1464
506 529
507 1370
507 1331
507 1179
508 1069
508 1399
508 1170
509 1087
509 571
510 635
510 1330
510 1289
511 666
511 888
511 1086
512 1305
512 1400
513 639
513 699
514 580
514 1227
515 549
517 634
517 724
518 948
518 742
518 900
519 677
519 886
520 1150
520 1231
521 663
521 1010
522 864
523 1169
523 1044
524 1237
524 873
525 1330
526 1393
526 1419
526 1490
527 736
528 675
529 1019
529 630
530 1197
530 1174
530 1075
531 1164
531 775
531 1337
532 1443
532 1377
532 1482
533 1152
534 1077
534 1429
534 1075
535 561
535 1185
536 1003
536 1414
537 1244
538 870
539 785
539 625
539 662
540 1105
540 1408
541 623
542 930
542 1195
542 1215
543 951
543 1196
543 705
544 1139
544 1426
546 1210
546 1224
547 729
548 931
549 1048
549 1469
550 585
551 1245
551 1418
552 641
552 921
554 988
554 682
555 628
555 888
556 608
557 1309
557 1131
558 703
558 1452
558 958
559 896
559 1224
560 1018
561 1185
561 684
562 1253
562 1347
563 780
563 928
564 746
564 1061
564 1393
565 1086
567 1067
567 1180
568 1471
568 725
569 1450
569 1357
570 750
570 1078
570 959
571 1230
572 1302
572 1157
572 799
573 906
573 1498
574 1490
574 944
575 1396
576 865
576 1133
577 1407
577 1248
578 1042
578 1257
579 879
579 1101
579 895
580 1336
580 1358
581 1380
581 1028
581 1050
582 707
582 787
583 629
583 1445
584 903
584 1018
584 826
586 734
586 797
586 831
587 775
587 656
587 1261
588 1115
588 864
588 859
589 1470
590 1017
590 904
591 1312
591 1061
591 1338
593 1358
593 602
593 1488
594 1354
596 745
598 1449
598 1296
598 927
599 766
599 925
599 784
600 1428
600 1137
601 896
601 680
601 725
602 1388
602 1482
603 1176
604 1373
604 680
605 1071
605 1408
606 984
606 1089
607 1092
607 676
607 980
608 1173
608 1058
609 1048
609 1499
609 959
610 754
612 846
612 883
613 1246
613 1435
614 627
615 1356
615 994
615 1342
616 1268
617 1191
617 784
618 913
619 1365
619 1301
619 1080
620 918
620 1453
621 938
621 1297
621 912
622 1089
622 1191
624 1052
625 1406
625 1331
626 1140
626 1333
629 1078
629 942
630 911
631 656
632 758
633 1230
633 945
633 1199
634 1392
634 1307
635 1262
636 709
636 1482
636 1020
639 775
639 1209
640 1143
640 882
641 1098
641 1346
642 988
642 1088
643 1213
644 1149
644 1485
644 936
645 1020
645 745
646 882
647 1401
647 828
647 1273
648 727
648 825
648 1428
649 823
649 961
649 1294
650 1487
651 1383
652 884
652 1404
653 1374
653 1366
655 1146
655 1449
656 1376
657 954
658 1233
659 1129
659 780
660 1353
660 1366
660 705
661 890
661 1156
662 1343
662 1081
663 1429
663 1411
664 1118
664 1060
665 1027
665 874
665 997
667 1069
668 979
668 1074
669 825
671 1137
672 934
673 783
673 1158
674 787
674 1122
674 849
675 1008
676 732
676 1114
677 801
677 1158
678 880
679 1468
680 765
681 989
682 752
683 1091
683 904
684 975
685 1050
685 1273
685 769
686 947
687 1422
687 731
687 1175
688 945
688 1466
688 878
689 1083
689 1004
690 1437
690 1031
691 865
691 1476
692 1481
692 1048
693 821
695 1032
695 1264
696 1011
696 1058
696 873
697 1078
697 832
698 1114
699 1233
701 1219
702 796
702 1472
703 757
704 840
704 1461
704 1021
705 919
706 1308
706 1475
707 1171
707 853
708 943
708 925
709 742
709 1023
710 1112
710 948
710 1008
711 1030
712 735
713 1286
714 776
714 1165
715 730
715 1039
715 842
716 1352
716 1123
716 960
717 1014
717 774
718 1391
718 1328
719 917
719 1350
720 872
720 1369
720 1417
721 1024
721 1409
722 803
723 886
724 1243
726 1135
727 1355
727 1117
728 915
729 1421
729 1062
730 790
730 995
731 1199
731 1201
732 872
732 930
733 1072
734 1276
735 916
735 1447
736 1205
736 1172
738 1311
738 892
739 1405
739 1461
740 1284
740 1407
741 867
741 745
742 774
743 1497
744 761
744 1323
744 1071
747 932
747 1375
748 1220
749 1478
749 895
749 1360
750 825
751 1467
752 1068
752 1052
753 1349
753 792
754 1492
755 1335
755 1069
756 1316
756 766
757 857
757 1046
758 981
759 1315
759 1376
760 1122
760 971
761 1469
762 917
762 1113
763 1056
764 771
764 908
764 932
765 768
765 1138
766 790
767 972
768 1080
768 981
770 940
770 1398
771 1312
771 1391
772 1489
773 1370
773 1341
776 1475
776 1399
777 912
777 1065
778 1404
778 1433
779 1002
781 985
781 1240
782 973
782 1095
784 1275
785 1407
786 1104
786 1118
787 1468
788 1148
788 842
789 941
790 1216
791 1299
791 1180
792 1192
792 1034
793 1091
793 1206
794 964
795 1338
796 965
796 968
797 1190
798 901
798 1481
799 1110
800 1377
800 1487
801 1485
802 1315
802 1007
802 812
805 1418
805 1264
805 1486
807 1092
808 821
808 935
809 863
810 1174
810 1181
811 1309
811 846
812 859
813 1066
813 1486
814 1113
814 1291
814 1477
815 1386
815 1029
816 957
816 1477
817 1311
817 1293
817 1427
818 1319
819 1035
820 1444
820 847
822 1431
823 1494
824 1061
824 1402
826 1027
826 1019
827 1053
827 1167
827 1025
828 1150
829 1218
829 1252
829 1334
830 1072
830 1296
830 883
831 1341
832 1306
833 1249
833 957
834 1001
834 1290
835 1356
835 1106
836 1247
836 1261
837 1223
837 897
838 1363
839 1081
839 871
840 1278
840 1193
841 1174
841 1460
841 891
842 1054
844 876
844 881
845 1128
848 1434
848 854
850 1496
850 1016
851 1059
851 1196
852 1327
852 1021
853 1254
853 1104
855 1280
856 947
857 990
858 1189
859 1036
861 1274
861 1097
861 1289
862 923
862 1114
863 1119
863 1214
865 1133
866 1455
866 1141
868 1283
868 1383
868 1042
870 1411
870 871
872 1440
873 1456
874 1495
875 887
875 1120
877 1187
878 1329
878 1462
879 1395
879 928
880 1270
881 1298
884 949
885 1093
885 1108
886 1154
887 1046
887 1249
891 1332
892 955
893 1251
893 1177
893 1268
894 1129
894 958
897 1145
897 972
898 1447
898 1217
899 1202
899 1392
899 983
900 1108
901 1219
902 1110
902 988
902 1076
903 1238
905 1137
905 1005
906 1116
909 1162
910 920
911 1405
913 1395
915 966
916 1271
918 1403
919 1436
922 1346
922 1220
923 1035
924 1258
924 998
926 1217
926 1029
927 1097
929 1190
929 1306
930 1282
931 1284
932 1396
933 962
933 964
934 1390
934 1172
935 1325
935 1123
937 1277
938 1213
939 1065
939 1276
940 1066
942 1134
942 1476
943 1200
944 1383
946 1399
946 992
948 1373
949 1412
950 1479
950 1367
952 1065
952 1221
953 1204
953 1055
954 1266
954 1455
955 1006
956 1489
956 1024
957 1459
960 1368
961 1087
962 1177
963 1351
964 1182
965 983
965 1305
966 1442
966 1443
967 1047
967 1108
968 1084
969 1102
969 1131
970 1243
971 1064
971 1161
973 1101
973 1489
974 1499
975 1228
975 1493
976 982
976 1017
980 1037
980 1195
981 1307
982 1256
982 1223
984 1334
985 1215
985 1084
986 1269
986 1392
987 1362
990 1030
990 1401
991 1338
992 1159
993 1160
994 1303
995 1300
995 1093
996 1127
996 1055
997 1279
997 1282
998 1241
998 1389
999 1265
1000 1218
1004 1394
1006 1077
1007 1304
1007 1040
1009 1445
1009 1206
1010 1376
1012 1439
1012 1016
1013 1212
1014 1282
1014 1374
1015 1389
1018 1260
1019 1461
1021 1045
1022 1479
1025 1147
1026 1326
1028 1327
1030 1187
1031 1367
1031 1218
1032 1356
1033 1179
1033 1372
1034 1190
1035 1298
1037 1313
1037 1361
1038 1274
1039 1121
1039 1210
1041 1345
1042 1068
1043 1159
1049 1200
1049 1205
1051 1456
1053 1135
1054 1490
1054 1226
1056 1164
1056 1432
1057 1453
1057 1487
1059 1208
1059 1237
1060 1188
1064 1419
1066 1494
1067 1483
1067 1286
1070 1384
1070 1355
1072 1121
1073 1297
1074 1410
1075 1156
1076 1105
1077 1094
1079 1241
1080 1455
1083 1146
1083 1480
1085 1171
1088 1245
1091 1303
1092 1319
1094 1463
1094 1225
1096 1145
1096 1160
1098 1293
1099 1477
1100 1259
1101 1270
1102 1292
1103 1241
1106 1280
1109 1381
1111 1246
1111 1438
1112 1184
1117 1263
1118 1426
1120 1413
1121 1144
1125 1242
1126 1168
1127 1368
1127 1471
1128 1238
1130 1457
1132 1465
1132 1469
1135 1430
1136 1250
1136 1325
1138 1342
1139 1416
1141 1211
1141 1425
1142 1382
1142 1473
1142 1225
1143 1409
1144 1410
1145 1146
1147 1350
1148 1214
1148 1194
1151 1444
1152 1244
1155 1239
1155 1189
1155 1390
1158 1263
1159 1466
1161 1208
1163 1472
1163 1203
1164 1223
1165 1427
1166 1365
1166 1287
1166 1362
1167 1186
1175 1236
1181 1474
1182 1231
1184 1302
1184 1333
1186 1480
1187 1495
1188 1488
1193 1441
1194 1446
1195 1405
1196 1394
1197 1235
1198 1395
1198 1243
1199 1234
1201 1367
1202 1442
1203 1478
1204 1255
1205 1262
1206 1258
1211 1232
1211 1467
1213 1382
1214 1493
1216 1352
1222 1424
1222 1425
1226 1320
1227 1440
1228 1438
1228 1321
1229 1333
1230 1310
1234 1432
1235 1429
1237 1328
1238 1406
1239 1416
1239 1320
1244 1353
1245 1310
1247 1301
1249 1378
1250 1289
1251 1351
1252 1410
1253 1422
1255 1306
1255 1271
1257 1448
1260 1312
1266 1360
1268 1491
1272 1437
1272 1340
1274 1426
1275 1400
1276 1298
1281 1318
1285 1316
1288 1369
1290 1346
1291 1299
1292 1380
1293 1446
1294 1369
1295 1467
1295 1459
1296 1468
1299 1379
1300 1390
1305 1431
1309 1336
1311 1415
1317 1318
1318 1337
1321 1375
1322 1344
1323 1445
1329 1340
1331 1388
1337 1486
1339 1364
1340 1494
1343 1397
1343 1428
1344 1427
1345 1385
1349 1372
1354 1483
1355 1408
1359 1450
1361 1481
1364 1450
1370 1465
1379 1441
1380 1460
1382 1475
1387 1409
1397 1398
1398 1441
1406 1437
1412 1451
1414 1458
1417 1434
1419 1442
1420 1424
1421 1424
1430 1453
1436 1474
1454 1473
1466 1497
1491 1496
