0 2501
0 111
0 2218
1 18
1 2668
1 1431
2 2664
2 574
2 1140
3 957
3 1106
3 1060
4 1067
4 2777
4 512
5 1552
5 2173
5 843
6 1605
6 372
6 729
7 1181
7 631
7 824
8 2502
8 1129
8 161
9 1258
9 994
9 493
10 1301
10 1206
10 1684
11 534
11 2640
11 176
12 1834
12 1725
12 339
13 85
13 725
13 1320
14 2010
14 941
14 2347
15 2471
15 578
15 1080
16 2265
16 63
16 311
17 1697
17 89
17 202
18 2466
18 1327
19 1641
19 45
19 2088
20 1813
20 2797
20 1419
21 2396
21 975
21 326
22 1111
22 2759
22 2748
23 111
23 612
23 286
24 2357
24 2578
24 2734
25 2363
25 746
25 823
26 269
26 808
26 659
27 1755
27 1635
27 605
28 2550
28 1371
28 1556
29 811
29 1100
29 53
30 2431
30 175
30 530
31 1475
31 2723
31 462
32 1975
32 546
32 1295
33 1472
33 2249
33 1260
34 1933
34 2639
34 117
35 1106
35 919
35 1262
36 117
36 772
36 124
37 2425
37 2185
37 1284
38 2357
38 2551
38 1594
39 1356
39 996
39 2090
40 1378
40 185
40 2253
41 1093
41 300
41 266
42 276
42 263
42 1587
43 2279
43 1026
43 1061
44 2526
44 379
44 572
45 1630
45 628
46 1394
46 2672
46 2536
47 910
47 1112
47 1047
48 1870
48 2455
48 1698
49 1061
49 532
49 158
50 754
50 2081
50 2158
51 1494
51 2368
51 1047
52 491
52 1643
52 2185
53 2597
53 1594
54 165
54 1944
54 1900
55 1683
55 62
55 2082
56 2374
56 2606
56 768
57 2373
57 422
57 1980
58 2156
58 2250
58 1595
59 1182
59 195
59 222
60 2595
60 1043
60 2255
61 311
61 2448
61 2127
62 2240
62 952
63 2762
63 1571
64 1952
64 1348
64 163
65 490
65 2667
65 795
66 205
66 1154
66 2303
67 1318
67 1327
67 1330
68 1518
68 848
68 1500
69 371
69 233
69 1425
70 829
70 149
70 932
71 546
71 2654
71 2156
72 1753
72 495
72 1092
73 1444
73 2581
73 369
74 2194
74 2491
74 1989
75 2639
75 296
75 1190
76 298
76 674
76 447
77 781
77 1503
77 1561
78 1334
78 361
78 477
79 2277
79 104
79 1429
80 1590
80 290
80 100
81 2132
81 683
81 2171
82 373
82 1464
82 2373
83 2028
83 335
83 1833
84 283
84 2686
84 1268
85 371
85 1025
86 1869
86 1299
86 274
87 1058
87 1039
87 2386
88 1727
88 2247
88 506
89 1445
89 468
90 1510
90 2150
90 2500
91 285
91 1033
91 2361
92 324
92 2403
92 2225
93 1482
93 1451
93 2036
94 1717
94 1860
94 2514
95 1392
95 2300
95 452
96 2374
96 2046
96 1728
97 1925
97 128
97 2300
98 1193
98 774
98 1796
99 899
99 524
99 278
100 2530
100 2582
101 647
101 1601
101 2769
102 2763
102 988
102 929
103 2746
103 2097
103 113
104 2160
104 868
105 1869
105 1177
105 1138
106 2082
106 2287
106 1779
107 1930
107 2496
107 1585
108 753
108 1338
108 1849
109 2631
109 1485
109 2546
110 1071
110 2075
110 288
111 2437
112 1755
112 712
112 1477
113 641
113 962
114 1867
114 2046
114 592
115 1191
115 399
115 1216
116 1714
116 2454
116 1477
117 895
118 1067
118 330
118 551
119 858
119 619
119 2657
120 420
120 2713
120 1322
121 1235
121 872
121 763
122 1947
122 2673
122 366
123 2635
123 1546
123 1283
124 1466
124 741
125 504
125 793
125 553
126 1270
126 775
126 957
127 2307
127 1659
127 1179
128 1646
128 1002
129 2649
129 841
129 183
130 2591
130 1059
130 1435
131 1382
131 832
131 527
132 2697
132 776
132 1747
133 1426
133 2454
133 1895
134 2643
134 2065
134 151
135 1769
135 338
135 738
136 2530
136 1283
136 1972
137 732
137 1317
137 635
138 2678
138 949
138 532
139 2715
139 2135
139 1639
140 1424
140 602
140 2090
141 1729
141 1388
141 277
142 2492
142 443
142 2032
143 467
143 2318
143 1516
144 488
144 757
144 2382
145 1776
145 2165
145 537
146 2456
146 2470
146 1415
147 1774
147 1872
147 1642
148 2617
148 2535
148 683
149 1549
149 2345
150 924
150 1662
150 2770
151 1641
151 1883
152 1246
152 158
152 832
153 2264
153 159
153 2432
154 462
154 1129
154 160
155 2722
155 980
155 1800
156 1344
156 1962
156 695
157 1761
157 1289
157 484
158 1369
159 243
159 537
160 2119
160 1255
161 856
161 229
162 561
162 2257
162 1720
163 1575
163 1709
164 725
164 519
164 221
165 1016
165 400
166 2034
166 775
166 1978
167 2628
167 1057
167 1521
168 550
168 1762
168 469
169 252
169 2558
169 362
170 463
170 951
170 213
171 1855
171 346
171 952
172 1381
172 2622
172 1817
173 418
173 1379
173 2472
174 1323
174 1163
174 2121
175 2464
175 2050
176 1999
176 670
177 1889
177 384
177 354
178 547
178 249
178 1168
179 2387
179 2040
179 1189
180 2322
180 185
180 1673
181 367
181 2503
181 342
182 1607
182 507
182 2228
183 1795
183 654
184 880
184 1316
184 391
185 437
186 2207
186 2573
186 2623
187 2288
187 2519
187 523
188 2436
188 1974
188 2462
189 2694
189 281
189 2730
190 1629
190 1633
190 1031
191 192
191 2318
191 2499
192 1324
192 2315
193 338
193 2216
193 1011
194 2261
194 2764
194 650
195 2691
195 1939
196 2387
196 1012
196 2394
197 1358
197 1665
197 1619
198 1885
198 1103
198 2614
199 1519
199 2461
199 2672
200 1494
200 1994
200 1545
201 1781
201 2760
201 2462
202 2037
202 1367
203 1742
203 220
203 1205
204 1165
204 2645
204 2117
205 1820
205 301
206 1276
206 1475
206 1581
207 2381
207 2600
207 2007
208 651
208 1837
208 1950
209 2778
209 922
209 736
210 2676
210 1511
210 464
211 413
211 568
211 2478
212 352
212 1109
212 1815
213 848
213 2744
214 1591
214 1522
214 656
215 2399
215 1114
215 1921
216 1771
216 2679
216 2736
217 1012
217 380
217 2168
218 2293
218 1599
218 818
219 1263
219 1626
219 1828
220 894
220 435
221 1867
221 1594
222 2325
222 390
223 2167
223 2409
223 1243
224 2097
224 2014
224 812
225 313
225 1183
225 293
226 1533
226 2085
226 1518
227 943
227 2608
227 1056
228 1896
228 1692
228 1972
229 501
229 2690
230 754
230 698
230 1175
231 2152
231 1253
231 968
232 1120
232 2104
232 2094
233 2377
233 494
234 1001
234 2028
234 755
235 1735
235 937
235 1943
236 1938
236 2093
236 632
237 2599
237 1103
237 1904
238 2084
238 1422
238 2638
239 1188
239 2421
239 713
240 1408
240 1534
240 1687
241 2174
241 2613
241 2570
242 2749
242 992
242 2732
243 1093
243 1484
244 2252
244 1562
244 913
245 1415
245 2048
245 814
246 986
246 322
246 2418
247 2587
247 1572
247 1784
248 799
248 1135
248 673
249 1167
249 982
250 2592
250 886
250 569
251 827
251 1360
251 1989
252 2072
252 1788
253 1679
253 1913
253 581
254 2297
254 2781
254 734
255 1761
255 1993
255 2258
256 874
256 1891
256 1442
257 341
257 788
257 1946
258 2216
258 940
258 2331
259 1272
259 2782
259 1065
260 1966
260 1208
260 661
261 1687
261 972
261 1329
262 2638
262 990
262 631
263 279
263 1126
264 2001
264 645
264 2325
265 1850
265 2236
265 1718
266 1614
266 2414
267 1201
267 739
267 796
268 908
268 693
268 2648
269 1180
269 1206
270 1098
270 1212
270 1509
271 1606
271 2646
271 1183
272 381
272 1542
272 968
273 1589
273 2108
273 533
274 2460
274 2790
275 459
275 1671
275 1014
276 420
276 785
277 1953
277 666
278 1668
278 2576
279 2254
279 1264
280 722
280 1298
280 2032
281 436
281 2746
282 2114
282 837
282 2194
283 569
283 2197
284 2346
284 2339
284 1528
285 1541
285 2358
286 2422
286 543
287 1089
287 994
287 2728
288 1484
288 1950
289 2533
289 2117
289 1139
290 1331
290 881
291 2015
291 1640
291 2412
292 1117
292 1458
292 505
293 1470
293 905
294 2510
294 579
294 2491
295 1228
295 657
295 507
296 1307
296 2280
297 1680
297 635
297 1192
298 424
298 1142
299 2783
299 980
299 649
300 1386
300 809
301 653
301 2054
302 2411
302 771
302 1027
303 1719
303 1311
303 1744
304 935
304 1051
304 1340
305 2196
305 1515
305 2624
306 1845
306 326
306 1052
307 1317
307 1949
307 836
308 1865
308 1492
308 1522
309 1244
309 1490
309 371
310 2538
310 800
310 1218
311 666
312 610
312 2191
312 433
313 2618
313 2406
314 955
314 1207
314 447
315 415
315 1645
315 1866
316 1988
316 606
316 1622
317 1431
317 2094
317 2020
318 540
318 1733
318 2574
319 432
319 767
319 1155
320 504
320 2269
320 1961
321 2663
321 604
321 1277
322 2472
322 2423
323 1606
323 1333
323 2700
324 1966
324 1596
325 1721
325 2149
325 698
326 2752
327 1732
327 1550
327 2432
328 2029
328 915
328 1656
329 467
329 1091
329 1929
330 977
330 1832
331 361
331 701
331 1366
332 896
332 2063
332 2714
333 1808
333 2472
333 1799
334 1673
334 1223
334 1028
335 513
335 1410
336 2060
336 809
336 556
337 1959
337 1854
337 1494
338 1136
339 1956
339 611
340 2295
340 2681
340 930
341 2219
341 2633
342 941
342 908
343 2045
343 1378
343 1316
344 685
344 1437
344 2085
345 1216
345 2495
345 772
346 2430
346 938
347 1536
347 1051
347 756
348 1877
348 2474
348 985
349 2362
349 1265
349 2677
350 411
350 939
350 2112
351 766
351 2096
351 1053
352 2152
352 2114
353 1423
353 1847
353 976
354 2699
354 1078
355 1901
355 914
355 2059
356 2532
356 1049
356 566
357 1446
357 872
357 867
358 2373
358 1164
358 726
359 1877
359 2076
359 1884
360 2002
360 1583
360 2776
361 2091
362 1008
362 2038
363 1777
363 659
363 2240
364 1033
364 951
364 1967
365 2011
365 1805
365 819
366 995
366 695
367 2104
367 1691
368 1875
368 996
368 2453
369 1153
369 426
370 1464
370 2569
370 2231
372 1598
372 693
373 2793
373 2494
374 464
374 2174
374 2054
375 2605
375 2189
375 716
376 898
376 393
376 979
377 1228
377 1705
377 2532
378 2078
378 1820
378 1535
379 1373
379 1066
380 1963
380 1612
381 2120
381 906
382 1857
382 867
382 2267
383 2799
383 2602
383 1468
384 1839
384 843
385 2779
385 1490
385 2798
386 2577
386 2715
386 986
387 1881
387 1973
387 545
388 861
388 1070
388 662
389 629
389 1083
389 2155
390 2274
390 1393
391 646
391 570
392 1246
392 1384
392 944
393 1185
393 918
394 1655
394 1858
394 728
395 2078
395 1588
395 1784
396 1546
396 2622
396 1491
397 2688
397 462
397 1593
398 2425
398 1998
398 676
399 2143
399 974
400 2720
400 594
401 1801
401 1074
401 546
402 1797
402 2548
402 854
403 2317
403 1610
403 1416
404 2414
404 1831
404 2677
405 1965
405 862
405 787
406 1519
406 2137
406 1362
407 753
407 2055
407 2499
408 813
408 2368
408 2070
409 844
409 1543
409 2786
410 2667
410 2404
410 2524
411 735
411 2662
412 435
412 2266
412 1986
413 754
413 2153
414 1836
414 1656
414 1757
415 1614
415 519
416 2359
416 456
416 1228
417 2415
417 2427
417 2784
418 449
418 1324
419 1249
419 1869
419 1108
420 609
421 844
421 1517
421 1019
422 2757
422 424
423 674
423 2483
423 2609
424 2069
425 2326
425 1371
425 2143
426 2796
426 2511
427 980
427 1092
427 1991
428 1454
428 2756
428 499
429 2752
429 1288
429 2171
430 1050
430 2305
430 965
431 1911
431 866
431 2601
432 1699
432 853
433 648
433 791
434 2136
434 1158
434 2041
435 1048
436 1738
436 2295
437 1445
437 962
438 1600
438 2110
438 547
439 1367
439 2176
439 1835
440 1320
440 1674
440 627
441 2660
441 2155
441 1597
442 1041
442 1319
442 1698
443 512
443 1646
444 2269
444 2468
444 2170
445 2187
445 2447
445 2633
446 1115
446 1166
446 2028
447 623
448 1498
448 607
448 2458
449 2709
449 713
450 548
450 1354
450 1189
451 911
451 780
451 520
452 2056
452 2199
453 2281
453 2117
453 590
454 1665
454 2548
454 2005
455 2237
455 960
455 707
456 2604
456 811
457 505
457 2301
457 1609
458 1523
458 2309
458 2102
459 862
459 1014
460 2418
460 1184
460 1653
461 595
461 1722
461 1370
463 2627
463 1771
464 2342
465 699
465 1517
465 2087
466 2502
466 872
466 2375
467 1634
468 1696
468 755
469 727
469 1101
470 1903
470 1209
470 1809
471 2347
471 2686
471 1971
472 2754
472 518
472 1758
473 1308
473 1200
473 1687
474 1984
474 2448
474 758
475 763
475 2493
475 895
476 1846
476 1792
476 1819
477 2264
477 1852
478 1361
478 1020
478 1461
479 1756
479 1723
479 1341
480 482
480 2647
480 2162
481 912
481 2720
481 2186
482 1453
482 1740
483 1774
483 2415
483 885
484 496
484 2648
485 2613
485 1376
485 1192
486 1706
486 1412
486 2461
487 1964
487 1747
487 1736
488 2053
488 1428
489 563
489 883
489 1363
490 1502
490 1259
491 2340
491 1043
492 1918
492 2450
492 621
493 1331
493 849
494 2060
494 1886
495 1947
495 2580
496 764
496 2690
497 1915
497 1258
497 717
498 681
498 1740
498 1954
499 2631
499 1840
500 2787
500 2186
500 580
501 887
501 1343
502 878
502 2788
502 2307
503 2274
503 2395
503 2001
504 2159
505 2140
506 1330
506 2157
507 802
508 1383
508 2662
508 1451
509 2334
509 1565
509 2637
510 828
510 1438
510 1321
511 1196
511 1463
511 1305
512 950
513 1595
513 1539
514 1453
514 2658
514 652
515 1623
515 2241
515 2410
516 1827
516 2428
516 2794
517 1407
517 1512
517 2750
518 932
518 1935
519 1279
520 849
520 901
521 1136
521 1507
521 1111
522 1354
522 2153
522 1392
523 841
523 1067
524 981
524 2530
525 1549
525 1973
525 862
526 2146
526 2787
526 2678
527 2592
527 1542
528 1596
528 1694
528 2344
529 2197
529 2356
529 1884
530 1026
530 566
531 769
531 1192
531 1833
532 1669
533 2047
533 2229
534 1329
534 1336
535 1642
535 2691
535 1627
536 581
536 1328
536 1791
537 1323
538 1489
538 1724
538 1602
539 2473
539 2189
539 1100
540 1182
540 2145
541 2590
541 2350
541 691
542 959
542 1400
542 2666
543 1375
543 606
544 2729
544 1607
544 2759
545 2232
545 792
547 1117
548 1449
548 1873
549 856
549 1916
549 2744
550 574
550 1250
551 1347
551 1408
552 1396
552 2748
552 1814
553 1493
553 1213
554 1160
554 740
554 2056
555 816
555 1362
555 655
556 1663
556 1753
557 2256
557 1830
557 1951
558 1352
558 2562
558 1787
559 1666
559 1943
559 1240
560 644
560 1670
560 1285
561 1341
561 607
562 671
562 782
562 686
563 1020
563 1052
564 1581
564 1900
564 2430
565 801
565 2096
565 1171
566 1237
567 570
567 1596
567 1998
568 709
568 1813
569 1094
570 894
571 1872
571 596
571 2596
572 2160
572 1919
573 2303
573 1711
573 649
574 1183
575 1186
575 2583
575 2593
576 2263
576 702
576 1655
577 1587
577 1215
577 975
578 2311
578 1775
579 2733
579 1854
580 2088
580 1091
581 2479
582 2334
582 1597
582 710
583 1661
583 997
583 2518
584 1191
584 1135
584 1199
585 2730
585 2512
585 1386
586 1087
586 2343
586 1538
587 1843
587 811
587 2610
588 1542
588 1531
588 2439
589 2572
589 1294
589 2131
590 2556
590 1971
591 2227
591 1458
591 1773
592 677
592 1411
593 1843
593 1703
593 1065
594 1549
594 2180
595 1857
595 1788
596 2620
596 1315
597 1307
597 1090
597 619
598 1778
598 1368
598 1357
599 1952
599 1899
599 1714
600 1441
600 2330
600 2705
601 728
601 1977
601 1955
602 2147
602 1569
603 1632
603 1667
603 888
604 1017
604 847
605 1965
605 646
606 2285
607 2620
608 1418
608 680
608 1465
609 2328
609 1604
610 1469
610 842
611 2793
611 1279
612 2619
612 1906
613 1279
613 2128
613 1250
614 2233
614 1773
614 2501
615 2369
615 2494
615 664
616 2167
616 1219
616 1726
617 1572
617 2582
617 765
618 2118
618 2726
618 634
619 2429
620 838
620 1800
620 1042
621 1833
621 658
622 2339
622 1861
622 2041
623 2524
623 2618
624 869
624 2326
624 2034
625 2461
625 775
625 2485
626 1263
626 1156
626 1365
627 2246
627 2527
628 1205
628 1303
629 2546
629 729
630 1294
630 1079
630 2194
631 2014
632 1695
632 2478
633 2004
633 2766
633 2045
634 1388
634 2564
635 1363
636 931
636 1896
636 2463
637 2219
637 1097
637 2247
638 663
638 2230
638 2527
639 2075
639 2795
639 682
640 967
640 1882
640 1057
641 2446
641 2692
642 1382
642 2460
642 1998
643 850
643 2392
643 1201
644 826
644 1388
645 1681
645 1807
646 2273
647 2475
647 1941
648 2126
648 2010
649 1005
650 2017
650 1544
651 761
651 1823
652 2626
652 907
653 2129
653 2714
654 1945
654 1672
655 1257
655 1722
656 1076
656 1618
657 917
657 1825
658 1094
658 1035
659 1049
660 2654
660 1090
660 1621
661 2006
661 2745
662 2772
662 1670
663 1241
663 1374
664 1658
664 1473
665 1434
665 799
665 2509
666 2262
667 2249
667 2310
667 801
668 2634
668 2781
668 798
669 1241
669 762
669 1957
670 2283
670 1574
671 2126
671 1825
672 1084
672 1055
672 1649
673 2591
673 2100
674 2333
675 1141
675 2089
675 818
676 1425
676 1860
677 1438
677 1474
678 2334
678 878
678 697
679 1202
679 2560
679 1735
680 852
680 2716
681 2738
681 1028
682 2348
682 2098
683 1157
684 818
684 817
684 1412
685 1346
685 2561
686 1566
686 2499
687 1609
687 1300
687 1433
688 1929
688 1901
688 1705
689 841
689 2408
689 2452
690 2413
690 1070
690 2630
691 900
691 706
692 1007
692 1239
692 1022
693 1383
694 2737
694 907
694 1588
695 927
696 2445
696 1828
696 2655
697 1030
697 1269
698 2590
699 2064
699 1162
700 1681
700 2656
700 2648
701 1823
701 2278
702 1235
702 2403
703 2252
703 831
703 1374
704 938
704 2217
704 2519
705 1107
705 1486
705 2778
706 1164
706 2722
707 2768
707 825
708 2234
708 2193
708 1918
709 1130
709 954
710 2255
710 2657
711 1450
711 2510
711 2449
712 2210
712 1794
713 1682
714 2352
714 1540
714 1292
715 1075
715 1898
715 743
716 2331
716 940
717 2577
717 1666
718 2689
718 1367
718 2282
719 2650
719 1498
719 2083
720 2051
720 1846
720 1702
721 1790
721 2464
721 2354
722 1318
722 1204
723 2052
723 2542
723 1220
724 2644
724 2765
724 1644
725 2177
726 2086
726 2335
727 2388
727 2358
728 1856
729 1520
730 1465
730 2029
730 1625
731 1220
731 2655
731 2379
732 2344
732 1289
733 1926
733 2676
733 2033
734 916
734 1613
735 2749
735 2046
736 1080
736 1615
737 1004
737 2440
737 2201
738 1460
738 1047
739 1963
739 2241
740 2770
740 2774
741 1148
741 2169
742 838
742 1326
742 1086
743 2670
743 2265
744 1493
744 1958
744 1987
745 1252
745 1650
745 1133
746 1566
746 1437
747 934
747 2338
747 1568
748 2181
748 1532
748 2650
749 1631
749 1038
749 1842
750 1763
750 1146
750 1862
751 2366
751 2679
751 1875
752 1249
752 1944
752 932
753 1997
755 2705
756 1359
756 2520
757 973
757 1916
758 964
758 902
759 1280
759 1812
759 2320
760 964
760 2756
760 1271
761 2528
761 2136
762 2367
762 1240
763 2404
764 1069
764 1471
765 1254
765 797
766 1737
766 1261
767 1468
767 1042
768 1387
768 1581
769 858
769 2746
770 1467
770 1824
770 2178
771 2747
771 2789
772 1586
773 786
773 1826
773 1482
774 2008
774 2026
776 1563
776 2767
777 2242
777 1871
777 2204
778 952
778 1448
778 1652
779 1682
779 1099
779 794
780 2431
780 1588
781 2333
781 1626
782 989
782 1074
783 1645
783 2066
783 2644
784 1200
784 1767
784 2000
785 2516
785 1624
786 1940
786 807
787 2234
787 2721
788 1194
788 1743
789 1759
789 881
789 1927
790 2687
790 1114
790 1689
791 978
791 2613
792 1984
792 2554
793 1233
793 1134
794 1551
794 1181
795 1870
795 2042
796 2022
796 2537
797 2784
797 2032
798 2712
798 1447
799 2119
800 975
800 1374
801 1802
802 1676
802 2712
803 1591
803 2122
803 1417
804 2258
804 880
804 2393
805 1481
805 1945
805 2006
806 1492
806 1132
806 2124
807 1795
807 2438
808 2335
808 879
809 1958
810 2516
810 2162
810 2122
812 1876
812 1700
813 2718
813 1342
814 1820
814 1194
815 2405
815 2695
815 833
816 1208
816 1840
817 2434
817 1290
819 2465
819 2313
820 2591
820 2229
820 2261
821 2665
821 2213
821 1478
822 1535
822 2289
822 1176
823 2653
823 944
824 1476
824 1399
825 1137
825 1963
826 2711
826 1755
827 1265
827 1972
828 1983
828 2711
829 1460
829 1351
830 2188
830 2795
830 2612
831 2758
831 2652
832 2737
833 2769
833 1286
834 1729
834 2394
834 2001
835 2532
835 1523
835 1679
836 2477
836 1242
837 1377
837 1799
838 1402
839 2644
839 2457
839 2316
840 1230
840 1025
840 2495
842 2159
842 1302
843 1956
844 1017
845 2236
845 1022
845 2529
846 1990
846 2467
846 916
847 1455
847 2058
848 2703
849 1495
850 1576
850 1039
851 1721
851 1433
851 1105
852 2228
852 1730
853 1906
853 1858
854 1557
854 1880
855 1426
855 2799
855 2700
856 1739
857 2629
857 2709
857 949
858 1529
859 2212
859 2247
859 1525
860 2561
860 1409
860 1864
861 1598
861 1269
863 1872
863 1685
863 1039
864 2449
864 2341
864 1901
865 1144
865 2220
865 1826
866 2760
866 1364
867 2266
868 1667
868 2474
869 1519
869 1728
870 1409
870 1810
870 1116
871 1107
871 2399
871 2377
873 942
873 1277
873 2458
874 1325
874 1985
875 899
875 921
875 1479
876 1415
876 1121
876 2728
877 1593
877 978
877 2141
878 1169
879 1638
879 1690
880 2544
881 2568
882 2421
882 1603
882 1063
883 2248
883 2701
884 2558
884 1967
884 1418
885 923
885 1451
886 1736
886 1727
887 969
887 1782
888 2056
888 1652
889 2777
889 1681
889 1025
890 2792
890 2395
890 2607
891 2426
891 2379
891 1939
892 1891
892 946
892 2328
893 1946
893 2145
893 2540
894 1928
895 1678
896 2329
896 2420
897 992
897 2382
897 2428
898 1885
898 2297
899 1706
900 1603
900 953
901 2109
901 1119
902 1404
902 2225
903 1988
903 1104
903 2231
904 2271
904 2578
904 1334
905 1118
905 2411
906 1599
906 2737
907 2376
908 1190
909 1406
909 1147
909 1865
910 1816
910 1651
911 2364
911 2144
912 1808
912 2628
913 2487
913 1029
914 1553
914 1939
915 2719
915 1935
916 2529
917 2632
917 2503
918 1106
918 2601
919 1306
919 1322
920 1841
920 1015
920 1163
921 1381
921 1628
922 2674
922 955
923 2027
923 2668
924 1597
924 1951
925 939
925 1985
925 962
926 2452
926 1994
926 1002
927 2270
927 2480
928 1521
928 2018
928 1580
929 1024
929 2514
930 947
930 983
931 1452
931 2291
933 2324
933 2049
933 2586
934 2743
934 1637
935 1256
935 1559
936 1678
936 1360
936 1686
937 2782
937 1497
938 2172
939 2209
940 1712
941 2438
942 1660
942 1288
943 2433
943 2029
944 974
945 1397
945 2183
945 1064
946 2367
946 1455
947 1028
947 2410
948 2000
948 2098
948 2793
949 1432
950 1132
950 2146
951 2447
953 1424
953 1640
954 1513
954 2745
955 2036
956 2751
956 1151
956 2295
957 1536
958 2337
958 2243
958 2313
959 1054
959 1697
960 2166
960 2433
961 1916
961 1068
961 1751
963 2315
963 2242
963 1780
964 2585
965 1541
965 1339
966 1037
966 1480
966 1993
967 1639
967 2341
968 1867
969 1034
969 1727
970 2557
970 2372
970 2176
971 2758
971 2275
971 2368
972 2609
972 1564
973 1211
973 2308
974 1617
976 2424
976 1452
977 2077
977 1752
978 1368
979 2512
979 1358
981 2700
981 2352
982 2537
982 1078
983 1819
983 1474
984 2185
984 1251
984 1349
985 1746
985 2091
986 1815
987 1324
987 2552
987 1615
988 1163
988 1455
989 2138
989 1647
990 1440
990 2294
991 1898
991 2606
991 2291
992 2529
993 2420
993 1186
993 1728
994 1636
995 1464
995 1454
996 2490
997 1376
997 1085
998 1784
998 2727
998 2108
999 1818
999 2375
999 1562
1000 2689
1000 1962
1000 2390
1001 2455
1001 1278
1002 2412
1003 1454
1003 1816
1003 1172
1004 2523
1004 1434
1005 2021
1005 1513
1006 2237
1006 1514
1006 1226
1007 1811
1007 1707
1008 1582
1008 2451
1009 1066
1009 2788
1009 1965
1010 1568
1010 2719
1010 2534
1011 1853
1011 2164
1012 2690
1013 1947
1013 1822
1013 2080
1014 1144
1015 2268
1015 2771
1016 1273
1016 1781
1017 1663
1018 2757
1018 1349
1018 2144
1019 2418
1019 2288
1020 1914
1021 1719
1021 2124
1021 2381
1022 1618
1023 2572
1023 1268
1023 1883
1024 2631
1024 2513
1026 2217
1027 2096
1027 1562
1029 2487
1029 2336
1030 2660
1030 2518
1031 1233
1031 1645
1032 1587
1032 2309
1032 1650
1033 1302
1034 1495
1034 1672
1035 2444
1035 2411
1036 1037
1036 2732
1036 2290
1037 1600
1038 1712
1038 2722
1040 1118
1040 2491
1040 2594
1041 1633
1041 1893
1042 1433
1043 1467
1044 1133
1044 2565
1044 2526
1045 1296
1045 1219
1045 2527
1046 1073
1046 2398
1046 1673
1048 1334
1048 2693
1049 1882
1050 1824
1050 1372
1051 2751
1052 2027
1053 1273
1053 1432
1054 2570
1054 1591
1055 2508
1055 1141
1056 1162
1056 1868
1057 2765
1058 2421
1058 1554
1059 2283
1059 1534
1060 2483
1060 1779
1061 1526
1062 1800
1062 1380
1062 1537
1063 1291
1063 1798
1064 2115
1064 2376
1065 2169
1066 1124
1068 1653
1068 2646
1069 1224
1069 2593
1070 1285
1071 2723
1071 1237
1072 2236
1072 2588
1072 1832
1073 2301
1073 2448
1074 1335
1075 2586
1075 2138
1076 1110
1076 2383
1077 2138
1077 1203
1077 1836
1078 1501
1079 1851
1079 1838
1080 1216
1081 1503
1081 2128
1081 1646
1082 1797
1082 1569
1082 2145
1083 1938
1083 1247
1084 1483
1084 1750
1085 1203
1085 2265
1086 2742
1086 2180
1087 2459
1087 2137
1088 1821
1088 2184
1088 2467
1089 1950
1089 1580
1090 2135
1091 1709
1092 2232
1093 2580
1094 2125
1095 2628
1095 1507
1095 1257
1096 1479
1096 1935
1096 2419
1097 1570
1097 1229
1098 2364
1098 1321
1099 2238
1099 1544
1100 1684
1101 2013
1101 2457
1102 1908
1102 1569
1102 1174
1103 2552
1104 2222
1104 1946
1105 1181
1105 2067
1107 2729
1108 1427
1108 2401
1109 2392
1109 1209
1110 2716
1110 2277
1111 2740
1112 1563
1112 2182
1113 1180
1113 2438
1113 1612
1114 1300
1115 1187
1115 2541
1116 1531
1116 1970
1117 1131
1118 2357
1119 2235
1119 1553
1120 1563
1120 1961
1121 2463
1121 2785
1122 2435
1122 1423
1122 2040
1123 1214
1123 1922
1123 1925
1124 2787
1124 2284
1125 1224
1125 1942
1125 2042
1126 1366
1126 1552
1127 1385
1127 2512
1127 2093
1128 2332
1128 2589
1128 1785
1129 1480
1130 1772
1130 2659
1131 2173
1131 1173
1132 1466
1133 1214
1134 1174
1134 1792
1135 1621
1136 1997
1137 2669
1137 1844
1138 2483
1138 1595
1139 2601
1139 1489
1140 1859
1140 2436
1141 2515
1142 2155
1142 2658
1143 2456
1143 1395
1143 2310
1144 2320
1145 1744
1145 1671
1145 2522
1146 2632
1146 1552
1147 2005
1147 2671
1148 1707
1148 2114
1149 2039
1149 2627
1149 1352
1150 1861
1150 1654
1150 1745
1151 1417
1151 1783
1152 2427
1152 1811
1152 1555
1153 1188
1153 2459
1154 2505
1154 1858
1155 2243
1155 2579
1156 2465
1156 2480
1157 2165
1157 1353
1158 1651
1158 2160
1159 1701
1159 1758
1159 2611
1160 1210
1160 2500
1161 1808
1161 1348
1161 2506
1162 2739
1164 1674
1165 1170
1165 1277
1166 1399
1166 2782
1167 2794
1167 2374
1168 2315
1168 2212
1169 2766
1169 2274
1170 1264
1170 1409
1171 2026
1171 1421
1172 2223
1172 2583
1173 2258
1173 2151
1174 1862
1175 2012
1175 2324
1176 2024
1176 1975
1177 1961
1177 1215
1178 1847
1178 2251
1178 2362
1179 2489
1179 1323
1180 1620
1182 1302
1184 1248
1184 1619
1185 1512
1185 2099
1186 2208
1187 2286
1187 1432
1188 2071
1189 1508
1190 1794
1191 1952
1193 2171
1193 2408
1194 2717
1195 1691
1195 2355
1195 1760
1196 2643
1196 2250
1197 2085
1197 1303
1197 1515
1198 1954
1198 2660
1198 1396
1199 2767
1199 2463
1200 1879
1201 2393
1202 1777
1202 1309
1203 1686
1204 2320
1204 2653
1205 2404
1206 2019
1207 2115
1207 1753
1208 1852
1209 1932
1210 1830
1210 2624
1211 2283
1211 2287
1212 2289
1212 2775
1213 1709
1213 2052
1214 1926
1215 1617
1217 1713
1217 2302
1217 2481
1218 1749
1218 2270
1219 2112
1220 2081
1221 1280
1221 1256
1221 2656
1222 2044
1222 2599
1222 2384
1223 2024
1223 2786
1224 2025
1225 2141
1225 1937
1225 2689
1226 2245
1226 1968
1227 2116
1227 1977
1227 1548
1229 2623
1229 1333
1230 2531
1230 2221
1231 1895
1231 1995
1231 1402
1232 2014
1232 2050
1232 2382
1233 1624
1234 1381
1234 1845
1234 2269
1235 1429
1236 2067
1236 2401
1236 2449
1237 2538
1238 1668
1238 1486
1238 2517
1239 2174
1239 2190
1240 2354
1241 1992
1242 1386
1242 1243
1243 2396
1244 2370
1244 2018
1245 2020
1245 2485
1245 2452
1246 2293
1247 2727
1247 1801
1248 2409
1248 1771
1249 2610
1250 2019
1251 2640
1251 1851
1252 1481
1252 1986
1253 1831
1253 2276
1254 2133
1254 1959
1255 2484
1255 2175
1256 1971
1257 1623
1258 2201
1259 1881
1259 2391
1260 2063
1260 1669
1261 1593
1261 1898
1262 2791
1262 2762
1263 2735
1264 1310
1265 1427
1266 2725
1266 2606
1266 2033
1267 2205
1267 1803
1267 2302
1268 1863
1269 1844
1270 2416
1270 1827
1271 2627
1271 1545
1272 2215
1272 1764
1273 2493
1274 2214
1274 1654
1274 2380
1275 2563
1275 1973
1275 2061
1276 2553
1276 2061
1278 2157
1278 2245
1280 2714
1281 1716
1281 2134
1281 2744
1282 2790
1282 1759
1282 1582
1283 2100
1284 1921
1284 1892
1285 1765
1286 1766
1286 1793
1287 1609
1287 1538
1287 2067
1288 1802
1289 1726
1290 2262
1290 1578
1291 1448
1291 1657
1292 2595
1292 1780
1293 1469
1293 1470
1293 2343
1294 2549
1295 2642
1295 2442
1296 1776
1296 1306
1297 1310
1297 1445
1297 2580
1298 2010
1298 1385
1299 1884
1299 2778
1300 2323
1301 1876
1301 1558
1303 2013
1304 1692
1304 1991
1304 2038
1305 2323
1305 2181
1306 1638
1307 2549
1308 1537
1308 1491
1309 1528
1309 1770
1310 1348
1311 2477
1311 2073
1312 2344
1312 2654
1312 2545
1313 2513
1313 2237
1313 2255
1314 2661
1314 2598
1314 2336
1315 1391
1315 2319
1316 2095
1317 2762
1318 2625
1319 2515
1319 2517
1320 2342
1321 1602
1322 1499
1325 2716
1325 1467
1326 2458
1326 1969
1327 2020
1328 2083
1328 2259
1329 1809
1330 2202
1331 2579
1332 1553
1332 1390
1332 2143
1333 1968
1335 2490
1335 2120
1336 2755
1336 2688
1337 2731
1337 1948
1337 2016
1338 1956
1338 1475
1339 1482
1339 2544
1340 1619
1340 2696
1341 2130
1342 1502
1342 1871
1343 1717
1343 2057
1344 2027
1344 2210
1345 2172
1345 2474
1345 1693
1346 2157
1346 1458
1347 1470
1347 2326
1349 1524
1350 2292
1350 2346
1350 2699
1351 1512
1351 2223
1352 1483
1353 2074
1353 2105
1354 2365
1355 1635
1355 2053
1355 2544
1356 1557
1356 1909
1357 2743
1357 1510
1358 2550
1359 1848
1359 1675
1360 2637
1361 2780
1361 2281
1362 2358
1363 1559
1364 2615
1364 2355
1365 1586
1365 2363
1366 1854
1368 2342
1369 2575
1369 2192
1370 1638
1370 1851
1371 1514
1372 1741
1372 2434
1373 2621
1373 2084
1375 1391
1375 2738
1376 1524
1377 1957
1377 2061
1378 1496
1379 2741
1379 2216
1380 2106
1380 2327
1382 2037
1383 2592
1384 1889
1384 2685
1385 1907
1387 2187
1387 2088
1389 2493
1389 1910
1389 1762
1390 1893
1390 1436
1391 2385
1392 2795
1393 1855
1393 2064
1394 2564
1394 2710
1395 2693
1395 1628
1396 1537
1397 2504
1397 1754
1398 1931
1398 1955
1398 2676
1399 1979
1400 2179
1400 2246
1401 1863
1401 1845
1401 2199
1402 1574
1403 1459
1403 1670
1403 1981
1404 1746
1404 2431
1405 1882
1405 1743
1405 1654
1406 1529
1406 1648
1407 1442
1407 2041
1408 1664
1410 2445
1410 2505
1411 1720
1411 2263
1412 1678
1413 2215
1413 2692
1413 2640
1414 2761
1414 1547
1414 2629
1416 2321
1416 2023
1417 2370
1418 2246
1419 1516
1419 1431
1420 2727
1420 2642
1420 1665
1421 2272
1421 1457
1422 2685
1422 1920
1423 2330
1424 2378
1425 2170
1426 2181
1427 2203
1428 2219
1428 1787
1429 2125
1430 2350
1430 2695
1430 1905
1434 1657
1435 2327
1435 2296
1436 2701
1436 2235
1437 2384
1438 2434
1439 2531
1439 1774
1439 1863
1440 1767
1440 2253
1441 2299
1441 2206
1442 2389
1443 1814
1443 2697
1443 2098
1444 2506
1444 2002
1446 2074
1446 1589
1447 1983
1447 2349
1448 1895
1449 2506
1449 2739
1450 2198
1450 2300
1452 2022
1453 2385
1456 1873
1456 2249
1456 2695
1457 2608
1457 2218
1459 1928
1459 2584
1460 2596
1461 2089
1461 2698
1462 1977
1462 2112
1462 2706
1463 2568
1463 2604
1465 2352
1466 1627
1468 2479
1469 1664
1471 2049
1471 1511
1472 2422
1472 2127
1473 2204
1473 2589
1474 1754
1476 2548
1476 1745
1477 2416
1478 2303
1478 1621
1479 1783
1480 2725
1481 1751
1483 2785
1484 1579
1485 1860
1485 1974
1486 2451
1487 2202
1487 2588
1487 2281
1488 1934
1488 2708
1488 2753
1489 2071
1490 2488
1491 2080
1492 2610
1493 2775
1495 1576
1496 1590
1496 2783
1497 2589
1497 2467
1498 2622
1499 2341
1499 2144
1500 2339
1500 1836
1501 2629
1501 2190
1502 2739
1503 2584
1504 2444
1504 1632
1504 1730
1505 1677
1505 2184
1505 2069
1506 1879
1506 2313
1506 2724
1507 1902
1508 2105
1508 1515
1509 1658
1509 2349
1510 1990
1511 2587
1513 2280
1514 1896
1516 1543
1517 2736
1518 2213
1520 2332
1520 2635
1521 1635
1522 2615
1523 2470
1524 2048
1525 2576
1525 2436
1526 2120
1526 2022
1527 2600
1527 2154
1527 2222
1528 2742
1529 2365
1530 2731
1530 2109
1530 2732
1531 2316
1532 1803
1532 2224
1533 1630
1533 2197
1534 2698
1535 2111
1536 2200
1538 1547
1539 1949
1539 1912
1540 2296
1540 2230
1541 1770
1543 2107
1544 2017
1545 1627
1546 1996
1547 2721
1548 2371
1548 2348
1550 2017
1550 2766
1551 1920
1551 2553
1554 2771
1554 2304
1555 2671
1555 2186
1556 1721
1556 2684
1557 1708
1558 2148
1558 2507
1559 1570
1560 2234
1560 1775
1560 2007
1561 1590
1561 2338
1564 2507
1564 2652
1565 2583
1565 1662
1566 2750
1567 2498
1567 2555
1567 2270
1568 1839
1570 2306
1571 2515
1571 2447
1572 2107
1573 2581
1573 2054
1573 2669
1574 2203
1575 2193
1575 2603
1576 2077
1577 1957
1577 2069
1577 2059
1578 2345
1578 2439
1579 2275
1579 1738
1580 2754
1582 2576
1583 2057
1583 2147
1584 1778
1584 1605
1584 1843
1585 2439
1585 2607
1586 2471
1589 2413
1592 1982
1592 2397
1592 2560
1598 2775
1599 2665
1600 1960
1601 2018
1601 2062
1602 2563
1603 2682
1604 2137
1604 1953
1605 2565
1606 2253
1607 2297
1608 1826
1608 2680
1608 2437
1610 1861
1610 2590
1611 2359
1611 1690
1611 2045
1612 2091
1613 2670
1613 1700
1614 2035
1615 2545
1616 2162
1616 2099
1616 2312
1617 2490
1618 1806
1620 2158
1620 1779
1622 1980
1622 2675
1623 2080
1624 1806
1625 2626
1625 1690
1626 2680
1628 2525
1629 1830
1629 1969
1630 2312
1631 2507
1631 2457
1632 2372
1633 2036
1634 2741
1634 2037
1636 1735
1636 1764
1637 2188
1637 2293
1639 2454
1640 2025
1641 2791
1642 2477
1643 2356
1643 1766
1644 2298
1644 2302
1647 2290
1647 2378
1648 2614
1648 2748
1649 2242
1649 1704
1650 1981
1651 1909
1652 1715
1653 2321
1655 2006
1656 2484
1657 2353
1658 2136
1659 2394
1659 1812
1660 2296
1660 2375
1661 2666
1661 2105
1662 1798
1663 1740
1664 2146
1666 1915
1667 2647
1668 2127
1669 1878
1671 2210
1672 2244
1674 2567
1675 1754
1675 1802
1676 2389
1676 2619
1677 1689
1677 2385
1679 2540
1680 2518
1680 2641
1682 2724
1683 2149
1683 2304
1684 2397
1685 2044
1685 2556
1686 2706
1688 2248
1688 2724
1688 1913
1689 1786
1691 2520
1692 1734
1693 2248
1693 2200
1694 1905
1694 2062
1695 1785
1695 2688
1696 1874
1696 1804
1697 1837
1698 2291
1699 2780
1699 2636
1700 2078
1701 1757
1701 2718
1702 1772
1702 2710
1703 2741
1703 2030
1704 2661
1704 2389
1705 2351
1706 2217
1707 2430
1708 2468
1708 2142
1710 2335
1710 2504
1710 2596
1711 1926
1711 2193
1712 2308
1713 1996
1713 1813
1714 2612
1715 2396
1715 2565
1716 2103
1716 2711
1717 2092
1718 2068
1718 1731
1719 2026
1720 2132
1722 1857
1723 2710
1723 1907
1724 1814
1724 2444
1725 2196
1725 2738
1726 2260
1729 2238
1730 2560
1731 2214
1731 1807
1732 2768
1732 1959
1733 2747
1733 1742
1734 1903
1734 1906
1736 1864
1737 2673
1737 2531
1738 2077
1739 2500
1739 2633
1741 1994
1741 2639
1742 1937
1743 2508
1744 1914
1745 2487
1746 2110
1747 2072
1748 2460
1748 2517
1748 2039
1749 2015
1749 2577
1750 2773
1750 2642
1751 2103
1752 2099
1752 2378
1756 2158
1756 2004
1757 2354
1758 2226
1759 2425
1760 1949
1760 2553
1761 1793
1762 2687
1763 2055
1763 2124
1764 2488
1765 2541
1765 2623
1766 2734
1767 2480
1768 2140
1768 2121
1768 2393
1769 1968
1769 2072
1770 2717
1772 2360
1773 2340
1775 2345
1776 2697
1777 2735
1778 1887
1780 2496
1781 2052
1782 2370
1782 2691
1783 1883
1785 2178
1786 2486
1786 2226
1787 1889
1788 2441
1789 2426
1789 2546
1789 2661
1790 1964
1790 2321
1791 1832
1791 2681
1792 2575
1793 2426
1794 2536
1795 2287
1796 2475
1796 2586
1797 1825
1798 2220
1799 2301
1801 1873
1803 1828
1804 2634
1804 2751
1805 2329
1805 2154
1806 1960
1807 2481
1809 2476
1810 2535
1810 2107
1811 2443
1812 2116
1815 2509
1816 2322
1817 2779
1817 2525
1818 2356
1818 2121
1819 2761
1821 1924
1821 2299
1822 2568
1822 2272
1823 2369
1824 2166
1827 2680
1829 2292
1829 1907
1829 2681
1831 1976
1834 1890
1834 2191
1835 2621
1835 2064
1837 2195
1838 2263
1838 2428
1839 2702
1840 2616
1841 2638
1841 1890
1842 1878
1842 1982
1844 2502
1846 2175
1847 2542
1848 2305
1848 2567
1849 2202
1849 2205
1850 2165
1850 2614
1852 1999
1853 1923
1853 2731
1855 2437
1856 2528
1856 2043
1859 2305
1859 2150
1862 1983
1864 2154
1865 1936
1866 2330
1866 2415
1868 1934
1868 2675
1870 2440
1871 2204
1874 2549
1874 2097
1875 2016
1876 2081
1877 2657
1878 2366
1879 2541
1880 2723
1880 2148
1881 2298
1885 2003
1886 2076
1886 2442
1887 2696
1887 2211
1888 2047
1888 2651
1888 2310
1890 2328
1891 2351
1892 2195
1892 2133
1893 2306
1894 2030
1894 2380
1894 2402
1897 2707
1897 2209
1897 2466
1899 2783
1899 2311
1900 2195
1902 2786
1902 2611
1903 2652
1904 2498
1904 2025
1905 2131
1908 2569
1908 2177
1909 2726
1910 2211
1910 2276
1911 2109
1911 1932
1912 2709
1912 2673
1913 2412
1914 2233
1915 2649
1917 2704
1917 2453
1917 2239
1918 2442
1919 2179
1919 2455
1920 2244
1921 2539
1922 2225
1922 2469
1923 2534
1923 2658
1924 2761
1924 2776
1925 2218
1927 2232
1927 2708
1928 2408
1929 2268
1930 2151
1930 2505
1931 2388
1931 2423
1932 2630
1933 2759
1933 2325
1934 1941
1936 2464
1936 2414
1937 2745
1938 2581
1940 2612
1940 2624
1941 2721
1942 2441
1942 2277
1943 1958
1944 2183
1945 2466
1948 1975
1948 2239
1951 2473
1953 2445
1954 2407
1955 2292
1960 2079
1962 2308
1964 2223
1966 2187
1967 2659
1969 2598
1970 2538
1970 2608
1974 2024
1976 2446
1976 2206
1978 2153
1978 2647
1979 2119
1979 2668
1980 2360
1981 2110
1982 2718
1984 2707
1985 2674
1986 2679
1987 2400
1987 2087
1988 2682
1989 2190
1990 2752
1991 2713
1992 2417
1992 2384
1993 2726
1995 2607
1995 2573
1996 2564
1997 2163
1999 2743
2000 2704
2002 2076
2003 2666
2003 2684
2004 2230
2005 2416
2007 2649
2008 2304
2008 2106
2009 2407
2009 2224
2009 2587
2011 2318
2011 2417
2012 2222
2012 2542
2013 2443
2015 2175
2016 2572
2019 2785
2021 2684
2021 2224
2023 2128
2023 2241
2030 2556
2031 2168
2031 2653
2031 2279
2033 2256
2034 2441
2035 2792
2035 2101
2038 2400
2039 2736
2040 2552
2042 2543
2043 2198
2043 2401
2044 2585
2047 2260
2048 2774
2049 2443
2050 2757
2051 2585
2051 2663
2053 2781
2055 2167
2057 2133
2058 2240
2058 2547
2059 2245
2060 2693
2062 2271
2063 2772
2065 2188
2065 2286
2066 2343
2066 2083
2068 2398
2068 2561
2070 2346
2070 2161
2071 2616
2073 2651
2073 2221
2074 2100
2075 2796
2079 2643
2079 2526
2082 2763
2084 2520
2086 2523
2086 2294
2087 2756
2089 2555
2090 2582
2092 2159
2092 2770
2093 2573
2094 2522
2095 2776
2095 2278
2101 2333
2101 2413
2102 2123
2102 2536
2103 2525
2104 2514
2106 2419
2108 2706
2111 2692
2111 2473
2113 2646
2113 2371
2113 2602
2115 2322
2116 2282
2118 2164
2118 2492
2122 2725
2123 2180
2123 2682
2125 2323
2126 2406
2129 2298
2129 2497
2130 2351
2130 2511
2131 2139
2132 2347
2134 2486
2134 2226
2135 2228
2139 2797
2139 2362
2140 2371
2141 2280
2142 2537
2142 2579
2147 2406
2148 2670
2149 2353
2150 2754
2151 2376
2152 2625
2156 2772
2161 2424
2161 2534
2163 2399
2163 2533
2164 2215
2166 2446
2168 2588
2169 2476
2170 2630
2172 2364
2173 2337
2176 2774
2177 2636
2178 2405
2179 2282
2182 2294
2182 2400
2183 2578
2184 2791
2189 2677
2191 2468
2192 2482
2192 2209
2196 2387
2198 2433
2199 2551
2200 2239
2201 2397
2203 2635
2205 2231
2206 2417
2207 2645
2207 2284
2208 2272
2208 2485
2211 2324
2212 2278
2213 2730
2214 2704
2220 2523
2221 2616
2227 2798
2227 2450
2229 2521
2233 2503
2235 2547
2238 2765
2243 2361
2244 2403
2250 2571
2251 2407
2251 2796
2252 2254
2254 2617
2256 2453
2257 2615
2257 2319
2259 2266
2259 2469
2260 2603
2261 2365
2262 2504
2264 2372
2267 2708
2267 2798
2268 2777
2271 2360
2273 2641
2273 2575
2275 2386
2276 2299
2279 2598
2284 2557
2285 2735
2285 2492
2286 2488
2288 2595
2289 2521
2290 2392
2306 2764
2307 2422
2309 2784
2311 2319
2312 2481
2314 2773
2314 2620
2314 2769
2316 2605
2317 2498
2317 2593
2327 2788
2329 2597
2331 2594
2332 2618
2336 2663
2337 2405
2338 2779
2340 2398
2348 2432
2349 2478
2350 2656
2353 2402
2355 2383
2359 2792
2361 2535
2363 2703
2366 2476
2367 2574
2369 2465
2377 2381
2379 2698
2380 2508
2383 2569
2386 2602
2388 2509
2390 2391
2390 2497
2391 2713
2395 2758
2402 2562
2409 2423
2410 2768
2419 2659
2420 2475
2424 2669
2427 2621
2429 2604
2429 2753
2435 2717
2435 2539
2440 2719
2450 2521
2451 2702
2456 2740
2459 2471
2462 2664
2469 2559
2470 2675
2479 2753
2482 2686
2482 2571
2484 2550
2486 2570
2489 2645
2489 2733
2494 2557
2495 2497
2496 2584
2501 2750
2510 2685
2511 2600
2513 2705
2516 2797
2519 2694
2522 2609
2524 2764
2528 2715
2533 2734
2539 2547
2540 2712
2543 2694
2543 2650
2545 2683
2551 2563
2554 2636
2554 2683
2555 2597
2558 2794
2559 2699
2559 2605
2562 2637
2566 2574
2566 2696
2566 2701
2567 2755
2571 2760
2594 2674
2599 2662
2603 2678
2611 2664
2617 2742
2619 2733
2625 2667
2626 2632
2634 2789
2641 2671
2651 2773
2655 2728
2665 2683
2672 2707
2687 2780
2702 2789
2703 2799
2720 2740
2729 2749
2747 2763
2755 2767
2771 2790
