0 469
0 1241
0 588
1 1581
1 336
1 954
2 468
2 470
2 837
3 867
3 1706
3 1393
4 220
4 520
4 788
5 1429
5 1694
5 1470
6 877
6 811
6 76
7 443
7 622
7 767
8 46
8 434
8 968
9 1605
9 1753
9 365
10 1673
10 1113
10 1773
11 1305
11 1140
11 1576
12 882
12 558
12 1333
13 1369
13 438
13 1432
14 1465
14 1719
14 373
15 496
15 574
15 903
16 542
16 763
16 1229
17 1626
17 747
17 1392
18 31
18 1653
18 40
19 1682
19 838
19 991
20 676
20 226
20 107
21 1541
21 1736
21 1725
22 539
22 1049
22 466
23 1379
23 1328
23 820
24 437
24 1135
24 1425
25 398
25 231
25 1631
26 1346
26 579
26 758
27 180
27 932
27 726
28 896
28 94
28 926
29 1190
29 318
29 1400
30 1440
30 1088
30 858
31 1607
31 97
32 587
32 1239
32 878
33 648
33 1278
33 1310
34 832
34 462
34 1642
35 713
35 1353
35 1038
36 633
36 829
36 202
37 1148
37 1344
37 552
38 1560
38 742
38 1118
39 288
39 1403
39 466
40 1778
40 1008
41 1150
41 1185
41 847
42 1276
42 1616
42 1234
43 1542
43 396
43 1777
44 757
44 1339
44 1125
45 833
45 1241
45 981
46 799
46 891
47 611
47 197
47 200
48 1237
48 647
48 1444
49 771
49 235
49 997
50 1216
50 816
50 849
51 148
51 922
51 1290
52 1799
52 1138
52 1677
53 1082
53 1248
53 534
54 310
54 1280
54 260
55 349
55 1385
55 1792
56 359
56 1108
56 83
57 444
57 621
57 1065
58 1468
58 1016
58 1472
59 511
59 1228
59 724
60 627
60 609
60 1283
61 881
61 131
61 752
62 519
62 1624
62 1691
63 417
63 1454
63 1709
64 964
64 613
64 399
65 392
65 1220
65 1232
66 512
66 556
66 1272
67 215
67 1296
67 428
68 1208
68 1462
68 480
69 1025
69 740
69 332
70 1365
70 1757
70 231
71 793
71 1277
71 1570
72 219
72 1458
72 1417
73 1126
73 1057
73 1293
74 664
74 1186
74 141
75 753
75 661
75 1105
76 1434
76 701
77 1750
77 1458
77 1075
78 371
78 1596
78 1000
79 1579
79 1384
79 802
80 93
80 1528
80 1444
81 862
81 1336
81 1654
82 245
82 597
82 546
83 911
83 870
84 1590
84 932
84 393
85 1716
85 1610
85 369
86 404
86 267
86 1591
87 1497
87 1699
87 867
88 1214
88 1047
88 933
89 1665
89 666
89 1408
90 1587
90 1226
90 237
91 1377
91 937
91 1630
92 1743
92 1171
92 305
93 871
93 340
94 421
94 290
95 509
95 346
95 419
96 628
96 729
96 1101
97 1064
97 1617
98 1090
98 1508
98 935
99 886
99 1254
99 564
100 1767
100 1342
100 1367
101 329
101 969
101 1180
102 833
102 1012
102 589
103 611
103 1573
103 200
104 1389
104 1391
104 1317
105 1034
105 1081
105 1083
106 1447
106 1273
106 304
107 1183
107 1540
108 254
108 1147
108 347
109 1214
109 228
109 803
110 649
110 1779
110 1751
111 1205
111 1350
111 1443
112 698
112 567
112 273
113 268
113 1352
113 1401
114 1481
114 1364
114 1765
115 192
115 1628
115 1686
116 865
116 1536
116 645
117 1360
117 1257
117 487
118 548
118 1646
118 657
119 445
119 1540
119 1094
120 1588
120 276
120 661
121 1463
121 1515
121 1668
122 569
122 1157
122 1422
123 675
123 337
123 1328
124 1545
124 1336
124 1595
125 1393
125 1660
125 1313
126 242
126 551
126 266
127 743
127 128
127 265
128 1781
128 658
129 235
129 1271
129 303
130 1230
130 1684
130 1306
131 864
131 264
132 732
132 1235
132 795
133 579
133 759
133 1677
134 396
134 1348
134 790
135 182
135 616
135 1432
136 1504
136 936
136 1599
137 1137
137 172
137 1529
138 361
138 451
138 755
139 869
139 1382
139 874
140 880
140 1268
140 695
141 1640
141 812
142 1569
142 747
142 1477
143 1520
143 409
143 191
144 988
144 149
144 492
145 576
145 963
145 1714
146 1583
146 342
146 705
147 501
147 909
147 1638
148 1172
148 458
149 1429
149 320
150 1548
150 1290
150 787
151 1042
151 576
151 259
152 746
152 596
152 391
153 1324
153 1031
153 1580
154 1732
154 1015
154 431
155 486
155 720
155 1616
156 1709
156 1620
156 1460
157 1227
157 559
157 1154
158 873
158 1571
158 658
159 1612
159 363
159 1563
160 642
160 777
160 230
161 1394
161 1164
161 1774
162 442
162 1037
162 1487
163 1297
163 728
163 577
164 1173
164 484
164 1324
165 1146
165 1194
165 302
166 1470
166 1220
166 777
167 193
167 1552
167 835
168 746
168 227
168 214
169 1530
169 317
169 407
170 1056
170 1292
170 172
171 1464
171 423
171 1628
172 838
173 847
173 826
173 1082
174 244
174 420
174 401
175 522
175 802
175 1189
176 1204
176 1218
176 979
177 1062
177 722
177 1036
178 919
178 1082
178 989
179 538
179 1071
179 908
180 1100
180 1393
181 1138
181 502
181 1684
182 1537
182 204
183 360
183 1090
183 406
184 948
184 1532
184 591
185 801
185 1000
185 1115
186 559
186 637
186 1537
187 452
187 1731
187 911
188 1057
188 883
188 643
189 658
189 1687
189 592
190 1520
190 508
190 690
191 366
191 951
192 774
192 1076
193 1775
193 1613
194 1132
194 471
194 352
195 1479
195 1189
195 1707
196 1242
196 280
196 774
197 975
197 1521
198 1687
198 816
198 668
199 1483
199 1257
199 1690
200 1002
201 1657
201 996
201 942
202 679
202 561
203 570
203 1571
203 1110
204 1012
204 493
205 1542
205 1270
205 1375
206 1203
206 1697
206 919
207 1387
207 993
207 1485
208 654
208 1054
208 274
209 730
209 537
209 1498
210 314
210 1584
210 1354
211 588
211 1648
211 1299
212 1291
212 477
212 1075
213 1341
213 1640
213 1100
214 970
214 938
215 1555
215 442
216 252
216 786
216 841
217 1475
217 565
217 1438
218 688
218 462
218 1059
219 1670
219 623
220 760
220 412
221 1140
221 435
221 1714
222 418
222 1529
222 351
223 1486
223 1355
223 876
224 1592
224 1493
224 1187
225 586
225 301
225 1109
226 1547
226 1606
227 1639
227 1399
228 617
228 749
229 1539
229 718
229 1325
230 676
230 1117
231 1589
232 967
232 1046
232 1490
233 643
233 375
233 1260
234 1223
234 510
234 1094
235 555
236 863
236 1127
236 1405
237 1688
237 575
238 880
238 1522
238 501
239 1018
239 1083
239 1484
240 1517
240 715
240 413
241 1106
241 1195
241 1254
242 1575
242 992
243 488
243 1319
243 1761
244 1328
244 1013
245 681
245 429
246 1353
246 891
246 563
247 1459
247 1190
247 1764
248 768
248 862
248 664
249 438
249 802
249 1678
250 1321
250 849
250 986
251 1357
251 1245
251 1734
252 1321
252 669
253 461
253 1089
253 447
254 841
254 1120
255 1654
255 1608
255 946
256 562
256 423
256 735
257 972
257 565
257 723
258 422
258 316
258 1233
259 1279
259 1402
260 435
260 1226
261 1028
261 1771
261 1630
262 983
262 962
262 422
263 1133
263 439
263 1465
264 418
264 662
265 288
265 1050
266 817
266 1502
267 1663
267 624
268 1175
268 671
269 1796
269 1687
269 887
270 1728
270 1332
270 1740
271 1517
271 340
271 477
272 1092
272 1069
272 1790
273 1663
273 1196
274 1565
274 881
275 1127
275 776
275 593
276 439
276 1122
277 743
277 324
277 1297
278 930
278 324
278 415
279 857
279 1297
279 738
280 502
280 1629
281 1741
281 958
281 552
282 494
282 1556
282 553
283 1525
283 1647
283 309
284 1227
284 929
284 424
285 1319
285 748
285 1412
286 594
286 1246
286 322
287 1666
287 1381
287 1496
288 1608
289 930
289 422
289 479
290 991
290 1526
291 660
291 451
291 1632
292 936
292 1315
292 770
293 822
293 1010
293 1509
294 715
294 1101
294 750
295 479
295 1364
295 334
296 1445
296 1371
296 1567
297 1204
297 450
297 692
298 1032
298 1176
298 632
299 1396
299 671
299 1259
300 1398
300 341
300 514
301 1404
301 1163
302 581
302 574
303 1513
303 943
304 1008
304 1095
305 1589
305 1336
306 485
306 1549
306 1022
307 1061
307 326
307 824
308 816
308 316
308 904
309 1488
309 566
310 1735
310 331
311 1193
311 1769
311 1553
312 1680
312 1231
312 1479
313 1658
313 1698
313 1702
314 350
314 1449
315 1680
315 577
315 1699
316 1481
317 846
317 607
318 374
318 1244
319 1720
319 620
319 1362
320 458
320 1390
321 1145
321 760
321 1614
322 1564
322 1129
323 1187
323 1156
323 722
324 652
325 918
325 1076
325 1046
326 1761
326 693
327 1545
327 348
327 1212
328 1749
328 877
328 1114
329 1119
329 515
330 1578
330 1422
330 1745
331 1653
331 499
332 1128
332 842
333 1285
333 1298
333 1093
334 542
334 1337
335 1662
335 880
335 1488
336 1310
336 1166
337 719
337 1196
338 763
338 402
338 1719
339 405
339 1609
339 599
340 1042
341 806
341 1578
342 517
342 966
343 379
343 1604
343 814
344 694
344 667
344 593
345 523
345 1726
345 696
346 1539
346 1650
347 1278
347 795
348 751
348 1152
349 1144
349 1412
350 703
350 962
351 1444
351 513
352 405
352 1237
353 1407
353 1007
353 1252
354 845
354 716
354 1164
355 981
355 433
355 1397
356 362
356 921
356 1794
357 1141
357 1155
357 617
358 1792
358 1726
358 623
359 842
359 925
360 1659
360 1110
361 699
361 1087
362 1576
362 641
363 1581
363 775
364 1286
364 996
364 897
365 571
365 1526
366 1250
366 429
367 1159
367 1241
367 1362
368 482
368 1717
368 454
369 1269
369 866
370 1787
370 1224
370 1141
371 1423
371 1125
372 1633
372 1215
372 702
373 1561
373 1619
374 381
374 1176
375 942
375 1693
376 1689
376 1202
376 797
377 1269
377 665
377 516
378 1795
378 938
378 1371
379 1184
379 1376
380 1128
380 1731
380 1095
381 966
381 1195
382 1308
382 1158
382 1347
383 923
383 765
383 1759
384 469
384 706
384 1085
385 1676
385 1007
385 1736
386 1156
386 1313
386 1291
387 1795
387 873
387 1694
388 825
388 1798
388 1495
389 1012
389 897
389 425
390 1078
390 1643
390 851
391 1349
391 448
392 1279
392 582
393 1449
393 1711
394 695
394 1312
394 1770
395 1013
395 495
395 663
396 1619
397 758
397 1334
397 757
398 644
398 1667
399 846
399 1485
400 1024
400 1675
400 1314
401 1441
401 1598
402 633
402 986
403 734
403 1553
403 874
404 1570
404 1163
405 1574
406 659
406 923
407 1261
407 1396
408 1234
408 1017
408 1727
409 524
409 1676
410 1075
410 1153
410 494
411 852
411 611
411 1279
412 1253
412 1156
413 848
413 840
414 1070
414 421
414 944
415 730
415 1435
416 1762
416 453
416 797
417 540
417 433
418 1343
419 1555
419 1536
420 1078
420 519
421 615
423 931
424 939
424 762
425 1618
425 1652
426 665
426 612
426 595
427 1754
427 1380
427 1494
428 1408
428 1642
429 761
430 1685
430 1170
430 1150
431 1691
431 1034
432 1702
432 1636
432 987
433 1348
434 1649
434 490
435 771
436 498
436 809
436 468
437 1721
437 766
438 441
439 1373
440 1714
440 878
440 1208
441 1281
441 1418
442 677
443 1530
443 1255
444 1610
444 1741
445 1696
445 1206
446 600
446 948
446 1664
447 1228
447 1669
448 1461
448 453
449 769
449 544
449 1573
450 646
450 1670
451 568
452 780
452 756
453 1774
454 1292
454 1759
455 1697
455 1228
455 1428
456 1264
456 962
456 888
457 1446
457 1737
457 1662
458 999
459 610
459 1010
459 822
460 865
460 1525
460 1729
461 514
461 1564
462 1363
463 1281
463 525
463 739
464 1307
464 1614
464 798
465 1729
465 1235
465 740
466 545
467 1671
467 1633
467 1357
468 1339
469 979
470 913
470 595
471 1221
471 1521
472 1487
472 919
472 1329
473 1073
473 1226
473 700
474 884
474 832
474 745
475 1691
475 1199
475 804
476 792
476 572
476 687
477 1447
478 550
478 1409
478 1124
479 1379
480 726
480 587
481 1448
481 573
481 983
482 809
482 717
483 1236
483 820
483 976
484 1798
484 1634
485 947
485 1052
486 554
486 985
487 1775
487 900
488 1382
488 889
489 557
489 1679
489 1780
490 1000
490 1464
491 1703
491 1748
491 1671
492 506
492 1785
493 765
493 1575
494 731
495 830
495 714
496 572
496 1172
497 1430
497 1323
497 1559
498 604
498 1410
499 817
499 1792
500 1295
500 1496
500 1405
501 765
502 1753
503 1111
503 675
503 656
504 1653
504 1540
504 1120
505 1001
505 1208
505 1506
506 1594
506 681
507 1236
507 1157
507 1640
508 1293
508 1231
509 856
509 662
510 1558
510 1343
511 1657
511 1026
512 1534
512 1179
513 1669
513 1318
514 1242
515 567
515 591
516 1252
516 1724
517 1007
517 1546
518 1238
518 1748
518 790
519 916
520 1784
520 936
521 1294
521 636
521 858
522 1193
522 1287
523 845
523 1011
524 1242
524 1179
525 657
525 672
526 1437
526 1123
526 940
527 1162
527 724
527 537
528 1148
528 1483
528 1760
529 1186
529 1382
529 1551
530 1728
530 1349
530 1074
531 573
531 685
531 1294
532 1515
532 998
532 1760
533 1077
533 1249
533 1756
534 551
534 685
535 1357
535 1458
535 556
536 779
536 1098
536 1592
537 1249
538 1634
538 686
539 1680
539 1199
540 1239
540 956
541 673
541 828
541 711
542 1590
543 951
543 1099
543 814
544 1045
544 1073
545 1469
545 1771
546 1107
546 912
547 1330
547 1321
547 799
548 1384
548 1731
549 1331
549 1246
549 807
550 573
550 1601
551 1645
552 1672
553 795
553 1019
554 1615
554 779
555 1743
555 799
556 981
557 1017
557 1409
558 1028
558 1744
559 732
560 1274
560 1067
560 663
561 1503
561 857
562 730
562 1240
563 1333
563 970
564 1064
564 843
565 993
566 568
566 1768
567 1288
568 690
569 684
569 709
570 1424
570 1374
571 1302
571 776
572 1222
574 1371
575 1767
575 623
576 1036
577 846
578 939
578 1638
578 1238
579 1790
580 1747
580 1169
580 954
581 720
581 1262
582 1177
582 1450
583 1255
583 717
583 906
584 1589
584 1643
584 1253
585 1126
585 1777
585 1690
586 652
586 1358
587 1003
588 1049
589 851
589 649
590 1556
590 1474
590 770
591 1223
592 955
592 944
593 682
594 1002
594 837
595 1611
596 1165
596 1769
597 1466
597 1796
598 710
598 755
598 1114
599 997
599 830
600 1519
600 1603
601 1490
601 1337
601 1062
602 1597
602 1315
602 1251
603 1006
603 1600
603 1374
604 731
604 829
605 1100
605 1456
605 1005
606 1504
606 1108
606 639
607 1764
607 744
608 1040
608 1091
608 1225
609 627
609 1146
610 1750
610 1618
612 825
612 1723
613 1376
613 634
614 1380
614 1006
614 1093
615 1453
615 1367
616 674
616 656
617 1678
618 1673
618 1192
618 680
619 1330
619 1642
619 1119
620 664
620 978
621 817
621 1225
622 1041
622 1034
624 742
624 1668
625 1580
625 886
625 1448
626 1344
626 1532
626 1632
627 1068
628 835
628 872
629 812
629 1381
629 754
630 1188
630 1223
630 1174
631 1069
631 938
631 640
632 1059
632 1326
633 897
634 831
634 1461
635 1689
635 1062
635 1629
636 1726
636 1306
637 1787
637 810
638 1477
638 1244
638 1518
639 1185
639 1665
640 1335
640 1433
641 1077
641 1211
642 821
642 1351
643 677
644 974
644 1413
645 1737
645 1514
646 754
646 891
647 1667
647 1414
648 1031
648 1035
649 1418
650 917
650 1404
650 1361
651 1720
651 773
651 1426
652 1359
653 865
653 680
653 980
654 1782
654 1606
655 1510
655 1784
655 1385
656 1345
657 1534
659 1524
659 1027
660 813
660 1053
661 1527
662 1063
663 1024
665 1335
666 1145
666 1708
667 1723
667 1760
668 1598
668 1597
669 1607
669 1482
670 1379
670 698
670 1351
671 1185
672 882
672 788
673 1074
673 870
674 942
674 1234
675 1438
676 844
677 704
678 1072
678 1291
678 908
679 1420
679 1635
680 1547
681 1582
682 1774
682 1548
683 1110
683 842
683 1107
684 791
684 1033
685 1094
686 832
686 1318
687 1654
687 853
688 1112
688 1119
689 1084
689 1316
689 955
690 1179
691 1449
691 1197
691 1065
692 935
692 1522
693 1797
693 1780
694 1053
694 1643
695 1464
696 1664
696 1192
697 1749
697 1388
697 708
698 1602
699 1255
699 793
700 1289
700 1454
701 1151
701 1374
702 1296
702 1240
703 1560
703 956
704 1467
704 711
705 1130
705 868
706 1595
706 1752
707 1177
707 1144
707 1463
708 885
708 913
709 894
709 982
710 1366
710 1136
711 1277
712 1497
712 1525
712 1779
713 1513
713 1031
714 1176
714 1473
715 1588
716 1313
716 1052
717 1244
718 1293
718 1715
719 1797
719 848
720 890
721 1574
721 992
721 1305
722 1559
723 1051
723 1087
724 1210
725 1205
725 1048
725 1777
726 1725
727 1085
727 1677
727 1271
728 1347
728 1716
729 843
729 1229
731 1134
732 1123
733 745
733 815
733 1569
734 960
734 931
735 949
735 1335
736 884
736 1217
736 833
737 1213
737 1356
737 994
738 798
738 1761
739 1181
739 1495
740 1620
741 1264
741 1276
741 893
742 902
743 1544
744 1733
744 1139
745 1789
746 1286
747 1259
748 1596
748 971
749 1217
749 1043
750 1426
750 975
751 1572
751 1388
752 1698
752 1273
753 1401
753 1070
754 1552
755 1092
756 862
756 1621
757 793
758 1613
759 768
759 913
760 1647
761 1678
761 1766
762 1603
762 1117
763 1419
764 1173
764 1262
764 933
766 1253
766 1312
767 1170
767 1066
768 861
769 851
769 1285
770 1378
771 1489
772 1370
772 1362
772 1551
773 1129
773 1593
774 1005
775 1134
775 783
776 1214
777 1743
778 1169
778 874
778 1713
779 1508
780 1188
780 1338
781 1060
781 1480
781 1604
782 1542
782 1781
782 1735
783 1523
783 1339
784 1288
784 1633
784 824
785 1168
785 1392
785 1493
786 1356
786 1035
787 1015
787 1317
788 1288
789 1742
789 848
789 902
790 845
791 1121
791 813
792 1221
792 859
794 1039
794 1543
794 1270
796 958
796 1520
796 1503
797 877
798 1688
800 1040
800 1218
800 1696
801 1592
801 1782
803 1151
803 1417
804 1009
804 998
805 1368
805 821
805 1772
806 1183
806 1334
807 1703
807 1798
808 937
808 1304
808 901
809 1684
810 1327
810 1160
811 982
811 895
812 1752
813 879
814 1722
815 1430
815 1057
818 1168
818 1722
818 1381
819 1372
819 1014
819 980
820 1573
821 1258
822 1710
823 1730
823 1271
823 1495
824 1701
825 927
826 1365
826 1112
827 945
827 1641
827 1402
828 965
828 989
829 1402
830 840
831 1528
831 1020
834 1603
834 1658
834 1452
835 1401
836 1763
836 1475
836 1563
837 1394
838 971
839 1666
839 1692
839 1044
840 1122
841 1081
843 1143
844 1544
844 1202
847 964
849 1516
850 1790
850 1781
850 1275
852 927
852 1519
853 1631
853 1506
854 1027
854 888
854 967
855 1309
855 1210
855 1266
856 876
856 1340
857 1700
858 1727
859 1550
859 1415
860 1150
860 1440
860 907
861 1392
861 1443
863 1551
863 1532
864 1148
864 900
866 1089
866 1330
867 1735
868 1491
868 1274
869 1206
869 890
870 1314
871 1668
871 1399
872 1207
872 1554
873 1634
875 1534
875 879
875 1191
876 988
878 1265
879 1666
881 1539
882 1545
883 1631
883 1675
884 1332
885 1211
885 1158
886 1072
887 1512
887 1301
888 1029
889 1535
889 1538
890 896
892 1055
892 1311
892 974
893 935
893 1679
894 1023
894 1651
895 898
895 1737
896 1152
898 904
898 1260
899 993
899 1406
899 1530
900 965
901 1431
901 1702
902 1164
903 1797
903 971
904 1431
905 906
905 1184
905 1582
906 1272
907 1324
907 1627
908 1724
909 1674
909 1018
910 1366
910 1060
910 1172
911 1063
912 1377
912 1061
914 1600
914 1457
914 1793
915 918
915 1039
915 966
916 1022
916 1231
917 1323
917 1149
918 1373
920 1190
920 1019
920 1350
921 923
921 1675
922 1219
922 1510
924 1704
924 1251
924 1264
925 1329
925 1411
926 1574
926 1685
927 1517
928 1087
928 1091
928 1058
929 1469
929 1758
930 1468
931 1587
932 1425
933 1315
934 1611
934 1194
934 1352
937 1419
939 1310
940 1794
940 1047
941 1645
941 1418
941 1300
943 995
943 1770
944 1637
945 1610
945 1258
946 1364
946 1116
947 1004
947 1682
948 1705
949 1390
949 1763
950 1267
950 1713
950 1627
951 1076
952 1322
952 1289
952 1274
953 1718
953 1142
953 1482
954 1132
955 1531
956 1397
957 1501
957 1245
957 1754
958 1058
959 1030
959 976
959 1159
960 1448
960 1778
961 1522
961 1730
961 1658
963 1478
963 1041
964 1712
965 1341
967 1103
968 1577
968 1048
969 1093
969 1088
970 1029
972 1345
972 1585
973 1552
973 1400
973 1765
974 1378
975 1109
976 1492
977 1182
977 1683
977 1577
978 1486
978 1457
979 1732
980 1144
982 1659
983 1151
984 990
984 1003
984 1591
985 1744
985 1359
986 1496
987 1351
987 1167
988 1547
989 997
990 1197
990 1498
991 1489
992 1585
994 1329
994 1719
995 1055
995 1278
996 1473
998 1623
999 1502
999 1207
1001 1512
1001 1486
1002 1489
1003 1018
1004 1280
1004 1095
1005 1416
1006 1745
1008 1014
1009 1024
1009 1212
1010 1453
1011 1728
1011 1755
1013 1135
1014 1073
1015 1174
1016 1500
1016 1038
1017 1256
1019 1494
1020 1544
1020 1233
1021 1282
1021 1546
1021 1140
1022 1523
1023 1783
1023 1387
1025 1674
1025 1403
1026 1232
1026 1744
1027 1204
1028 1358
1029 1366
1030 1794
1030 1230
1032 1535
1032 1166
1033 1361
1033 1219
1035 1729
1036 1554
1037 1721
1037 1216
1038 1243
1039 1207
1040 1209
1041 1267
1042 1079
1043 1778
1043 1708
1044 1789
1044 1183
1045 1130
1045 1754
1046 1601
1047 1518
1048 1323
1049 1238
1050 1626
1050 1406
1051 1383
1051 1196
1052 1476
1053 1424
1054 1097
1054 1198
1055 1375
1056 1083
1056 1746
1058 1282
1059 1722
1060 1685
1061 1213
1063 1088
1064 1396
1065 1536
1066 1652
1066 1672
1067 1068
1067 1182
1068 1340
1069 1635
1070 1615
1071 1664
1071 1235
1072 1701
1074 1171
1077 1142
1078 1387
1079 1597
1079 1683
1080 1759
1080 1219
1080 1741
1081 1225
1084 1768
1084 1319
1085 1499
1086 1334
1086 1734
1086 1395
1089 1784
1090 1659
1091 1309
1092 1251
1096 1585
1096 1550
1096 1782
1097 1466
1097 1699
1098 1236
1098 1519
1099 1105
1099 1715
1101 1438
1102 1338
1102 1263
1102 1716
1103 1289
1103 1799
1104 1756
1104 1354
1104 1619
1105 1485
1106 1161
1106 1593
1107 1649
1108 1478
1109 1304
1111 1629
1111 1676
1112 1579
1113 1327
1113 1506
1114 1467
1115 1326
1115 1129
1116 1126
1116 1645
1117 1445
1118 1480
1118 1661
1120 1369
1121 1709
1121 1772
1122 1791
1123 1304
1124 1303
1124 1220
1125 1338
1127 1309
1128 1446
1130 1565
1131 1442
1131 1376
1131 1693
1132 1427
1133 1184
1133 1529
1134 1161
1135 1692
1136 1317
1136 1785
1137 1239
1137 1637
1138 1423
1139 1776
1139 1636
1141 1608
1142 1360
1143 1303
1143 1292
1145 1194
1146 1454
1147 1509
1147 1625
1149 1799
1149 1602
1152 1487
1153 1632
1153 1656
1154 1600
1154 1655
1155 1605
1155 1398
1157 1414
1158 1557
1159 1307
1160 1187
1160 1507
1161 1247
1162 1786
1162 1248
1163 1505
1165 1588
1165 1661
1166 1433
1167 1308
1167 1265
1168 1768
1169 1700
1170 1730
1171 1538
1173 1218
1174 1211
1175 1505
1175 1263
1177 1406
1178 1442
1178 1365
1178 1533
1180 1432
1180 1780
1181 1650
1181 1692
1182 1383
1186 1490
1188 1564
1189 1247
1191 1259
1191 1599
1192 1352
1193 1269
1195 1320
1197 1738
1198 1718
1198 1572
1199 1471
1200 1622
1200 1203
1200 1537
1201 1416
1201 1795
1201 1399
1202 1711
1203 1450
1205 1476
1206 1511
1209 1521
1209 1557
1210 1747
1212 1688
1213 1636
1215 1625
1215 1582
1216 1751
1217 1528
1221 1484
1222 1262
1222 1403
1224 1538
1224 1531
1227 1276
1229 1389
1230 1261
1232 1783
1233 1568
1237 1739
1240 1322
1243 1305
1243 1429
1245 1434
1246 1543
1247 1427
1248 1696
1249 1793
1250 1599
1250 1492
1252 1272
1254 1639
1256 1372
1256 1504
1257 1523
1258 1611
1260 1466
1261 1762
1263 1796
1265 1481
1266 1435
1266 1591
1267 1557
1268 1601
1268 1385
1270 1386
1273 1562
1275 1579
1275 1344
1277 1430
1280 1745
1281 1322
1282 1420
1283 1482
1283 1715
1284 1711
1284 1526
1284 1460
1285 1511
1286 1436
1287 1342
1287 1584
1290 1750
1294 1455
1295 1686
1295 1604
1296 1353
1298 1624
1298 1428
1299 1609
1299 1320
1300 1360
1300 1408
1301 1411
1301 1332
1302 1706
1302 1431
1303 1421
1306 1358
1307 1500
1308 1507
1311 1500
1311 1503
1312 1410
1314 1373
1316 1788
1316 1755
1318 1586
1320 1414
1325 1474
1325 1644
1326 1660
1327 1766
1331 1626
1331 1751
1333 1612
1337 1615
1340 1348
1341 1786
1342 1375
1343 1479
1345 1515
1346 1508
1346 1549
1347 1576
1349 1706
1350 1368
1354 1649
1355 1556
1355 1656
1356 1738
1359 1507
1361 1788
1363 1471
1363 1572
1367 1422
1368 1757
1369 1740
1370 1570
1370 1389
1372 1656
1377 1739
1378 1578
1380 1562
1383 1456
1384 1753
1386 1561
1386 1681
1388 1686
1390 1475
1391 1657
1391 1647
1394 1739
1395 1710
1395 1644
1397 1707
1398 1562
1400 1770
1404 1460
1405 1602
1407 1694
1407 1763
1409 1437
1410 1644
1411 1747
1412 1639
1413 1468
1413 1473
1415 1621
1415 1427
1416 1435
1417 1501
1419 1554
1420 1701
1421 1439
1421 1708
1423 1700
1424 1442
1425 1566
1426 1566
1428 1613
1433 1672
1434 1558
1436 1535
1436 1511
1437 1575
1439 1704
1439 1681
1440 1724
1441 1583
1441 1733
1443 1451
1445 1765
1446 1713
1447 1470
1450 1635
1451 1660
1451 1452
1452 1695
1453 1478
1455 1593
1455 1476
1456 1527
1457 1549
1459 1767
1459 1514
1461 1566
1462 1638
1462 1773
1463 1651
1465 1736
1467 1695
1469 1689
1471 1746
1472 1612
1472 1693
1474 1497
1477 1558
1480 1655
1483 1773
1484 1514
1488 1793
1491 1703
1491 1513
1492 1565
1493 1661
1494 1550
1498 1577
1499 1618
1499 1742
1501 1733
1502 1662
1505 1786
1509 1628
1510 1516
1512 1758
1516 1705
1518 1541
1524 1630
1524 1764
1527 1707
1531 1560
1533 1679
1533 1583
1541 1748
1543 1553
1546 1752
1548 1723
1555 1627
1559 1606
1561 1623
1563 1652
1567 1568
1567 1725
1568 1755
1569 1762
1571 1586
1580 1775
1581 1617
1584 1769
1586 1682
1587 1734
1590 1646
1594 1607
1594 1705
1595 1791
1596 1683
1598 1697
1605 1738
1609 1623
1614 1646
1616 1772
1617 1698
1620 1740
1621 1665
1622 1718
1622 1637
1624 1670
1625 1787
1641 1732
1641 1776
1648 1690
1648 1785
1650 1651
1655 1712
1663 1674
1667 1720
1669 1791
1671 1758
1673 1704
1681 1746
1695 1710
1712 1779
1717 1756
1717 1721
1727 1771
1742 1766
1749 1789
1757 1788
1776 1783
