0 746
0 349
0 1403
1 975
1 1306
1 892
2 2653
2 2813
2 1889
3 2456
3 1607
3 2890
4 2596
4 1220
4 2541
5 504
5 2203
5 1823
6 1468
6 322
6 1502
7 1004
7 244
7 2801
8 886
8 2596
8 534
9 709
9 2610
9 2135
10 1778
10 92
10 1869
11 1801
11 95
11 1828
12 863
12 373
12 991
13 284
13 44
13 1983
14 2154
14 520
14 587
15 2157
15 705
15 1577
16 1430
16 438
16 1445
17 1945
17 1719
17 1190
18 1773
18 709
18 2243
19 60
19 950
19 268
20 1415
20 2255
20 547
21 2700
21 476
21 2493
22 272
22 1599
22 1129
23 2415
23 300
23 2168
24 992
24 2206
24 2134
25 1275
25 2102
25 2668
26 2734
26 2323
26 725
27 427
27 2757
27 1114
28 1130
28 1990
28 2037
29 1744
29 1459
29 1993
30 1098
30 1339
30 1444
31 691
31 1926
31 2031
32 1798
32 512
32 1992
33 222
33 763
33 1184
34 64
34 1533
34 1470
35 2743
35 135
35 1557
36 711
36 1232
36 839
37 717
37 2271
37 1559
38 1222
38 2482
38 323
39 876
39 1844
39 335
40 1435
40 758
40 2842
41 2457
41 1886
41 557
42 1156
42 2404
42 166
43 813
43 1103
43 2775
44 2511
44 101
45 1153
45 693
45 2534
46 1390
46 1461
46 2542
47 2849
47 2267
47 938
48 1502
48 292
48 2460
49 1042
49 2289
49 2738
50 1111
50 1333
50 89
51 2131
51 467
51 2301
52 2666
52 643
52 718
53 2448
53 1666
53 2660
54 463
54 522
54 293
55 898
55 1891
55 1815
56 2382
56 2088
56 617
57 2548
57 809
57 1207
58 543
58 1328
58 2619
59 1591
59 1108
59 120
60 985
60 1999
61 2793
61 1196
61 2212
62 2828
62 229
62 1927
63 2259
63 2379
63 155
64 1382
64 1048
65 2802
65 2180
65 1631
66 1968
66 117
66 730
67 2099
67 237
67 1422
68 2497
68 400
68 853
69 2742
69 1200
69 2638
70 398
70 1578
70 1582
71 1089
71 2751
71 2760
72 1144
72 551
72 2579
73 1847
73 880
73 1321
74 1602
74 203
74 2410
75 1324
75 2055
75 2448
76 632
76 1626
76 1695
77 1210
77 990
77 688
78 1687
78 251
78 177
79 1073
79 1827
79 1959
80 953
80 1623
80 863
81 318
81 1619
81 538
82 1299
82 2800
82 1570
83 596
83 1732
83 1205
84 1427
84 593
84 736
85 2510
85 186
85 2837
86 1947
86 2115
86 1780
87 2322
87 2306
87 2068
88 1862
88 2162
88 225
89 1261
89 832
90 707
90 2450
90 2387
91 758
91 722
91 1905
92 1766
92 2040
93 417
93 1039
93 2313
94 2187
94 2280
94 2160
95 763
95 2665
96 1168
96 1369
96 521
97 1864
97 2153
97 1364
98 1221
98 1465
98 541
99 1251
99 1974
99 1106
100 1993
100 1786
100 2550
101 636
101 2626
102 856
102 418
102 1361
103 2432
103 373
103 209
104 2238
104 519
104 1761
105 2733
105 1214
105 545
106 738
106 221
106 1886
107 2764
107 1179
107 345
108 2124
108 1784
108 1751
109 784
109 329
109 429
110 2473
110 1063
110 2145
111 1352
111 2876
111 2744
112 754
112 1199
112 839
113 1879
113 2202
113 2031
114 2328
114 1165
114 1389
115 1327
115 2331
115 1265
116 1882
116 385
116 1585
117 1167
117 563
118 2580
118 1765
118 2589
119 1262
119 397
119 2692
120 2535
120 1625
121 2380
121 2238
121 1357
122 2433
122 175
122 1049
123 647
123 691
123 1253
124 1245
124 498
124 2480
125 833
125 1584
125 1417
126 2304
126 655
126 1474
127 534
127 259
127 1951
128 1160
128 392
128 2568
129 1272
129 2080
129 316
130 1438
130 184
130 1281
131 1721
131 1665
131 2711
132 304
132 205
132 954
133 2353
133 1029
133 963
134 650
134 2441
134 303
135 2761
135 1274
136 2475
136 2347
136 2648
137 2865
137 2125
137 2445
138 1105
138 568
138 1163
139 1059
139 2657
139 1759
140 1190
140 298
140 2883
141 2446
141 2438
141 1484
142 376
142 722
142 1509
143 239
143 855
143 1762
144 410
144 294
144 207
145 1943
145 2759
145 1839
146 1007
146 2343
146 1674
147 2406
147 882
147 1898
148 406
148 2489
148 1553
149 1394
149 2085
149 1279
150 2078
150 1502
150 1789
151 2895
151 1609
151 2847
152 955
152 1309
152 1536
153 838
153 1711
153 240
154 1087
154 2535
154 1421
155 431
155 1039
156 1521
156 2809
156 965
157 2336
157 670
157 1817
158 1037
158 197
158 592
159 723
159 1351
159 2299
160 1294
160 488
160 1675
161 2338
161 1255
161 319
162 2514
162 600
162 1607
163 1878
163 791
163 1643
164 2714
164 1517
164 453
165 1683
165 1014
165 511
166 1000
166 2467
167 2764
167 1599
167 1775
168 2463
168 2699
168 300
169 1728
169 1453
169 2611
170 2713
170 2132
170 402
171 1430
171 1686
171 245
172 1126
172 2638
172 1615
173 2166
173 1308
173 2256
174 1423
174 2561
174 2672
175 919
175 549
176 2439
176 196
176 2391
177 1857
177 1100
178 1561
178 417
178 739
179 1176
179 2185
179 2492
180 2852
180 623
180 2015
181 1600
181 1284
181 2199
182 2277
182 1678
182 971
183 2650
183 1906
183 268
184 209
184 1169
185 681
185 719
185 822
186 1454
186 1092
187 2324
187 1269
187 2606
188 517
188 798
188 1936
189 407
189 917
189 747
190 2578
190 584
190 2569
191 1405
191 2355
191 1196
192 785
192 2165
192 2621
193 1562
193 1388
193 2621
194 2559
194 2532
194 2103
195 2090
195 2864
195 426
196 1275
196 727
197 544
197 2562
198 2874
198 217
198 2752
199 626
199 496
199 2802
200 2301
200 1400
200 907
201 727
201 1832
201 1792
202 1716
202 449
202 519
203 1034
203 264
204 426
204 1876
204 542
205 2742
205 2338
206 695
206 1887
206 359
207 1166
207 2057
208 2624
208 468
208 2755
209 416
210 2605
210 779
210 1357
211 413
211 1750
211 1697
212 529
212 1491
212 1197
213 714
213 1982
213 2449
214 931
214 2371
214 2492
215 1120
215 1398
215 726
216 281
216 2079
216 2703
217 1620
217 1558
218 501
218 1002
218 1342
219 485
219 2591
219 2188
220 969
220 1192
220 1274
221 715
221 2370
222 387
222 259
223 959
223 981
223 729
224 288
224 480
224 1599
225 1701
225 2060
226 1613
226 457
226 624
227 2617
227 1922
227 956
228 1093
228 2498
228 2753
229 2456
229 515
230 2020
230 2305
230 1149
231 1636
231 2419
231 1650
232 833
232 2401
232 1003
233 941
233 1498
233 1944
234 308
234 2039
234 1391
235 610
235 889
235 321
236 2546
236 1984
236 1729
237 531
237 1349
238 296
238 1600
238 1286
239 903
239 647
240 355
240 2356
241 1255
241 1617
241 2866
242 794
242 277
242 480
243 1424
243 702
243 2260
244 699
244 760
245 2325
245 2466
246 2068
246 1210
246 1017
247 994
247 2178
247 371
248 546
248 2682
248 378
249 386
249 443
249 2087
250 1774
250 1360
250 1472
251 1764
251 1315
252 2768
252 530
252 2545
253 1213
253 817
253 1335
254 2446
254 1389
254 612
255 1290
255 500
255 2443
256 2128
256 508
256 1768
257 392
257 2760
257 2398
258 2077
258 270
258 1250
259 859
260 565
260 2639
260 2106
261 2812
261 380
261 945
262 1977
262 1445
262 1281
263 1680
263 458
263 1752
264 2073
264 494
265 1298
265 1558
265 1911
266 1487
266 1246
266 1412
267 467
267 2684
267 978
268 1496
269 995
269 448
269 2322
270 722
270 1349
271 879
271 2285
271 544
272 2793
272 2749
273 2512
273 1757
273 2296
274 2184
274 346
274 376
275 2415
275 2451
275 482
276 2176
276 1868
276 812
277 858
277 1885
278 2172
278 786
278 1960
279 1932
279 674
279 863
280 2591
280 497
280 751
281 2389
281 1761
282 657
282 2888
282 1855
283 2231
283 911
283 1538
284 2204
284 1280
285 2400
285 1657
285 1381
286 1781
286 703
286 372
287 896
287 2692
287 810
288 1935
288 678
289 1564
289 585
289 2212
290 1055
290 2716
290 2886
291 841
291 1228
291 714
292 629
292 1605
293 1894
293 1232
294 2823
294 2063
295 306
295 1932
295 708
296 1981
296 1686
297 1822
297 2023
297 2630
298 494
298 2522
299 1593
299 2119
299 1458
300 408
301 1948
301 2538
301 2374
302 2518
302 507
302 1316
303 1479
303 1329
304 2622
304 2802
305 847
305 972
305 392
306 968
306 1103
307 1077
307 899
307 2533
308 1851
308 439
309 619
309 2750
309 2069
310 2539
310 2408
310 2211
311 1158
311 2069
311 320
312 2624
312 2888
312 2438
313 2730
313 2282
313 940
314 966
314 1263
314 2289
315 744
315 2645
315 2660
316 1266
316 1720
317 1818
317 2648
317 1835
318 2635
318 565
319 2763
319 2224
320 1004
320 2417
321 1265
321 2095
322 2054
322 1105
323 1323
323 772
324 1998
324 2043
324 2857
325 1170
325 2738
325 1984
326 2871
326 648
326 2395
327 610
327 1767
327 2863
328 1905
328 641
328 955
329 1098
329 1620
330 410
330 2208
330 1452
331 1365
331 2139
331 2362
332 1914
332 2469
332 1777
333 2423
333 1454
333 2297
334 680
334 1213
334 2321
335 2575
335 343
336 2148
336 2702
336 664
337 1327
337 1627
337 2687
338 687
338 524
338 1969
339 2347
339 509
339 2695
340 1820
340 1901
340 2431
341 1446
341 2886
341 581
342 411
342 2046
342 471
343 2589
343 2083
344 2198
344 369
344 1069
345 2462
345 493
346 2196
346 1531
347 909
347 452
347 1335
348 654
348 2308
348 2232
349 1718
349 597
350 1894
350 2095
350 2504
351 2147
351 2449
351 1592
352 849
352 914
352 857
353 2725
353 375
353 1944
354 2853
354 1797
354 2670
355 2711
355 2766
356 2195
356 2298
356 2241
357 2028
357 787
357 1496
358 472
358 1501
358 2564
359 908
359 1606
360 2429
360 1550
360 1617
361 927
361 409
361 2366
362 988
362 2203
362 1663
363 2083
363 1401
363 2019
364 1350
364 549
364 1050
365 603
365 1352
365 764
366 845
366 1983
366 1840
367 2101
367 2581
367 1978
368 532
368 1303
368 1779
369 1148
369 2769
370 1453
370 1972
370 1647
371 408
371 1306
372 2454
372 2819
373 1090
374 786
374 2192
374 1333
375 694
375 1446
376 2108
377 762
377 2862
377 1301
378 943
378 509
379 1730
379 1784
379 2328
380 2434
380 618
381 580
381 2678
381 577
382 2020
382 2654
382 1927
383 1641
383 716
383 1236
384 2491
384 1413
384 2030
385 1896
385 1318
386 939
386 2595
387 540
387 611
388 2140
388 2460
388 2292
389 2282
389 1963
389 1544
390 2607
390 588
390 2168
391 2281
391 510
391 1221
393 644
393 2873
393 1588
394 2097
394 2737
394 782
395 1155
395 1727
395 1244
396 2081
396 2249
396 1403
397 1038
397 1395
398 2668
398 2592
399 1217
399 1495
399 2092
400 2774
400 2603
401 2834
401 2559
401 2790
402 751
402 1006
403 1980
403 2426
403 2675
404 2074
404 1436
404 2099
405 1942
405 1360
405 1024
406 1619
406 1730
407 2495
407 1510
408 457
409 2524
409 1291
410 2523
411 2219
411 2408
412 2264
412 1795
412 1481
413 1771
413 1643
414 2752
414 1211
414 2715
415 2895
415 2619
415 2632
416 2011
416 1716
417 779
418 868
418 1677
419 2340
419 1175
419 1736
420 1371
420 998
420 1671
421 2800
421 1821
421 1404
422 1402
422 965
422 2159
423 2788
423 1943
423 1782
424 2053
424 2819
424 1673
425 926
425 2041
425 472
426 2205
427 1103
427 2562
428 2718
428 1025
428 1511
429 590
429 1074
430 2111
430 495
430 928
431 2641
431 2687
432 667
432 1020
432 1486
433 2831
433 2061
433 853
434 924
434 1909
434 2552
435 1099
435 2649
435 2564
436 858
436 841
436 1513
437 792
437 1937
437 2424
438 2664
438 1995
439 1750
439 1937
440 609
440 1341
440 2809
441 446
441 704
441 2192
442 2650
442 2397
442 1133
443 2782
443 1915
444 2875
444 762
444 2515
445 2182
445 2481
445 2780
446 1877
446 1486
447 637
447 1246
447 751
448 2281
448 883
449 1967
449 569
450 979
450 1170
450 1879
451 2519
451 2476
451 2618
452 2860
452 1429
453 1846
453 2532
454 1636
454 1317
454 2399
455 2380
455 2131
455 1938
456 2037
456 720
456 1947
457 1555
458 1190
458 2298
459 2616
459 1273
459 747
460 2208
460 988
460 1120
461 2817
461 2254
461 816
462 1733
462 1437
462 1270
463 1084
463 985
464 2308
464 1472
464 2244
465 2342
465 2466
465 677
466 2480
466 695
466 919
467 2284
468 2862
468 1830
469 1551
469 1402
469 819
470 1485
470 1499
470 2548
471 2730
471 2788
472 970
473 2380
473 1776
473 809
474 654
474 2210
474 628
475 2837
475 1471
475 2680
476 1866
476 2578
477 1212
477 1933
477 984
478 1447
478 1707
478 1124
479 528
479 968
479 739
480 2425
481 491
481 1367
481 874
482 732
482 1233
483 2239
483 1459
483 2025
484 1086
484 2486
484 2816
485 1225
485 1323
486 2235
486 596
486 655
487 2551
487 526
487 1968
488 1304
488 2642
489 2598
489 1136
489 790
490 1987
490 2884
490 1012
491 2287
491 1727
492 1854
492 2851
492 638
493 1396
493 1111
494 2292
495 2678
495 2449
496 1461
496 1200
497 2190
497 974
498 1881
498 2215
499 550
499 937
499 2844
500 2833
500 1263
501 1250
501 795
502 1597
502 579
502 1089
503 2359
503 1589
503 1295
504 1876
504 1127
505 2878
505 2096
505 2054
506 1798
506 930
506 815
507 1748
507 1541
508 904
508 2818
509 951
510 1610
510 1114
511 2386
511 1418
512 1934
512 2851
513 2500
513 1311
513 1714
514 2138
514 1280
514 1082
515 735
515 1597
516 1576
516 553
516 2497
517 1596
517 1070
518 808
518 1868
518 2127
519 2609
520 2310
520 706
521 1081
521 1338
522 2403
522 898
523 1436
523 1087
523 1441
524 1031
524 1343
525 719
525 2716
525 1154
526 1115
526 2524
527 2241
527 606
527 583
528 2076
528 2854
529 1106
529 2820
530 1379
530 1680
531 856
531 1899
532 1906
532 1248
533 1355
533 2447
533 1269
534 2255
535 1243
535 2056
535 2211
536 1618
536 2512
536 678
537 1999
537 2508
537 2388
538 1127
538 854
539 683
539 1621
539 1182
540 2572
540 803
541 2652
541 1277
542 2300
542 2731
543 885
543 2757
544 1220
545 2701
545 2393
546 2543
546 1104
547 1836
547 2006
548 2516
548 1373
548 1860
549 2433
550 933
550 1085
551 2823
551 567
552 2410
552 2694
552 789
553 2245
553 1371
554 2878
554 2506
554 1648
555 1266
555 2249
555 2363
556 1247
556 1396
556 679
557 1203
557 2220
558 830
558 2754
558 2437
559 1733
559 668
559 789
560 2526
560 888
560 2673
561 813
561 1513
561 1093
562 2167
562 2288
562 608
563 1847
563 2318
564 1692
564 635
564 2597
565 2335
566 1109
566 1883
566 2397
567 1794
567 2053
568 2414
568 2650
569 825
569 1734
570 2144
570 975
570 2599
571 897
571 2791
571 944
572 2659
572 2725
572 1174
573 2315
573 865
573 2102
574 2494
574 1051
574 2390
575 951
575 1179
575 1188
576 1549
576 887
576 1775
577 1524
577 901
578 1911
578 849
578 1889
579 2165
579 2049
580 702
580 2176
581 2542
581 2403
582 1854
582 985
582 1526
583 2391
583 1887
584 1921
584 2119
585 2317
585 2290
586 2369
586 1383
586 2102
587 2644
587 1688
588 2161
588 689
589 1965
589 1971
589 2865
590 1531
590 2588
591 1427
591 975
591 2453
592 2530
592 1793
593 1156
593 828
594 1288
594 2403
594 2242
595 2450
595 931
595 1534
596 2827
597 1506
597 2228
598 2785
598 1839
598 840
599 2493
599 1271
599 962
600 2889
600 1137
601 694
601 1138
601 2103
602 939
602 2518
602 2220
603 2740
603 1212
604 1012
604 1346
604 1023
605 1510
605 2481
605 1220
606 1886
606 1611
607 2174
607 1084
607 952
608 1810
608 805
609 2199
609 1100
610 1642
611 1448
611 2378
612 2294
612 1072
613 2597
613 1998
613 2044
614 2787
614 663
614 1500
615 766
615 1144
615 1979
616 1629
616 1026
616 909
617 897
617 2827
618 1141
618 2893
619 767
619 2744
620 1298
620 1805
620 2433
621 2095
621 2426
621 1606
622 1428
622 2455
622 1818
623 1731
623 2839
624 2271
624 1415
625 1880
625 2304
625 2571
626 1241
626 1937
627 1958
627 1828
627 962
628 2416
628 736
629 1478
629 2461
630 2343
630 1188
630 825
631 1110
631 2643
631 2194
632 2688
632 1119
633 1153
633 2547
633 1113
634 1945
634 844
634 977
635 2271
635 1781
636 756
636 1570
637 1609
637 1926
638 957
638 2188
639 1490
639 2818
639 1226
640 1116
640 1890
640 2762
641 1120
641 793
642 688
642 2487
642 1986
643 700
643 2536
644 1351
644 2490
645 2574
645 1088
645 2645
646 2861
646 2283
646 2010
647 2590
648 875
648 2153
649 1816
649 2571
649 2087
650 1799
650 1921
651 1640
651 850
651 2038
652 2413
652 752
652 1835
653 2739
653 1175
653 1551
654 2113
655 2137
656 839
656 1789
656 868
657 1141
657 1982
658 1669
658 1151
658 981
659 2065
659 2539
659 2336
660 2214
660 692
660 1083
661 2572
661 1617
661 1378
662 1480
662 1026
662 1853
663 1829
663 2319
664 692
664 1247
665 2445
665 2222
665 1527
666 2083
666 1360
666 1384
667 1370
667 2888
668 1987
668 2578
669 1465
669 1046
669 909
670 1473
670 2268
671 2050
671 1169
671 900
672 993
672 1196
672 2037
673 1676
673 674
673 1642
674 2250
675 763
675 1917
675 1766
676 1570
676 2301
676 1235
677 826
677 1324
678 1824
679 806
679 2320
680 1862
680 2663
681 2474
681 2818
682 1442
682 2700
682 2679
683 1068
683 1951
684 2181
684 1754
684 2554
685 837
685 754
685 775
686 2604
686 1658
686 1054
687 1953
687 1210
688 1992
689 1841
689 2656
690 2577
690 999
690 1773
691 2500
692 1933
693 2223
693 1503
694 1223
695 1237
696 1988
696 2560
696 2706
697 1151
697 2829
697 2071
698 771
698 2803
698 1040
699 1598
699 2563
700 2875
700 1732
701 1654
701 1173
701 2765
702 1608
703 2606
703 2075
704 2149
704 1430
705 2644
705 1764
706 2427
706 1330
707 1134
707 805
708 1503
708 2478
709 1692
710 2652
710 1567
710 1809
711 1649
711 1323
712 948
712 1853
712 2281
713 1786
713 1248
713 1634
714 1867
715 2588
715 2273
716 1812
716 2870
717 2007
717 2035
718 2742
718 1401
719 754
720 2072
720 731
721 2358
721 2505
721 1253
723 2712
723 2797
724 2112
724 1564
724 1204
725 2781
725 867
726 1529
726 1319
727 2211
728 762
728 2723
728 1931
729 1138
729 1745
730 2201
730 2796
731 1777
731 949
732 2486
732 1560
733 1433
733 1586
733 959
734 1288
734 2801
734 2084
735 2142
735 1836
736 1793
737 1058
737 2307
737 2373
738 1261
738 1993
739 2827
740 1827
740 1189
740 1234
741 2096
741 1296
741 815
742 2883
742 2389
742 890
743 782
743 2869
743 2217
744 2823
744 1532
745 750
745 2036
745 1565
746 2239
746 1701
747 2616
748 2106
748 960
748 2530
749 2887
749 859
749 1060
750 2627
750 1712
752 2693
752 2277
753 1206
753 2472
753 1320
755 1953
755 1040
755 2558
756 1545
756 1143
757 2407
757 1133
757 1056
758 1184
759 1094
759 1696
759 2202
760 2724
760 2429
761 2814
761 1194
761 2175
764 2251
764 1880
765 979
765 2825
765 2321
766 1581
766 1282
767 972
767 2743
768 926
768 1036
768 967
769 2042
769 986
769 2289
770 1741
770 1864
770 869
771 927
771 1571
772 1534
772 2852
773 1330
773 1264
773 1819
774 1756
774 1796
774 1488
775 998
775 1321
776 1010
776 2334
776 2343
777 911
777 1796
777 860
778 2010
778 2884
778 2657
779 1003
780 2713
780 2041
780 2364
781 1674
781 884
781 1052
782 1264
783 1009
783 1581
783 2376
784 1582
784 2607
785 795
785 1814
786 2858
787 2352
787 1043
788 961
788 807
788 2566
789 2639
790 2005
790 1888
791 818
791 1529
792 2002
792 922
793 2225
793 2329
794 2442
794 1289
795 2325
796 2623
796 1215
796 2549
797 2123
797 2145
797 1820
798 1040
798 2209
799 2278
799 1587
799 2081
800 1246
800 1721
800 2750
801 1837
801 2897
801 1376
802 2056
802 2264
802 2459
803 1848
803 1033
804 2534
804 1708
804 1758
805 1872
806 1670
806 1466
807 974
807 2636
808 2021
808 2120
809 1831
810 1784
810 1411
811 1251
811 1705
811 1554
812 2645
812 2089
813 2118
814 2202
814 1357
814 1345
815 1985
816 1146
816 2601
817 1034
817 888
818 2490
818 873
819 2236
819 1662
820 2490
820 2010
820 1855
821 1875
821 2498
821 1133
822 1331
822 1831
823 2207
823 2130
823 2407
824 1017
824 2555
824 1016
825 1384
826 1420
826 1997
827 1437
827 2248
827 2732
828 1813
828 1380
829 1637
829 1601
829 1161
830 1214
830 2761
831 2582
831 1800
831 1307
832 1945
832 2783
833 1655
834 2547
834 2428
834 1419
835 1762
835 1157
835 2418
836 850
836 2197
836 1603
837 1895
837 1890
838 1290
838 1772
840 1217
840 2473
841 2218
842 2430
842 1163
842 1641
843 1795
843 2876
843 1344
844 1577
844 1005
845 2530
845 1400
846 2366
846 1487
846 1568
847 1894
847 1021
848 1683
848 1711
848 1263
849 2706
850 2598
851 1734
851 886
851 2850
852 922
852 889
852 866
853 1838
854 1977
854 1416
855 1549
855 1561
856 1452
857 1470
857 1681
858 1848
859 1484
860 1377
860 2342
861 2375
861 1676
861 2568
862 2871
862 1807
862 1224
864 994
864 1239
864 1947
865 1854
865 1150
866 2371
866 2352
867 2876
867 1202
868 1009
869 2286
869 1753
870 2100
870 2003
870 1727
871 2294
871 2185
871 1686
872 2184
872 1611
872 2157
873 1340
873 2659
874 1923
874 1608
875 2848
875 2280
876 2381
876 1194
877 1304
877 1022
877 1433
878 1145
878 1521
878 1293
879 1516
879 1998
880 2898
880 2063
881 1195
881 1628
881 2462
882 2446
882 2293
883 1895
883 2130
884 2432
884 2300
885 2436
885 934
886 2163
887 2855
887 2706
888 1291
889 2352
890 1008
890 2502
891 2646
891 2496
891 2323
892 1517
892 2324
893 1030
893 1594
893 1860
894 2100
894 2256
894 1117
895 1863
895 2240
895 1172
896 2134
896 1555
897 2167
898 2061
899 991
899 1270
900 2182
900 1217
901 1939
901 1556
902 2603
902 1118
902 2364
903 2000
903 2213
904 1723
904 1154
905 1580
905 1785
905 1618
906 1478
906 1755
906 2567
907 2375
907 2528
908 2757
908 2718
910 1717
910 2218
910 2229
911 1965
912 2528
912 1297
912 1663
913 1063
913 2440
913 996
914 1259
914 921
915 2809
915 1799
915 2824
916 2294
916 1381
916 1724
917 2538
917 1935
918 1334
918 2244
918 2158
919 1587
920 1840
920 1476
920 2493
921 2208
921 2678
922 1399
923 2051
923 2502
923 1358
924 2332
924 1201
925 2306
925 2013
925 2048
926 1688
927 953
928 1955
928 2078
929 1737
929 2319
929 2090
930 1457
930 1385
931 2135
932 1881
932 2643
932 2052
933 2619
933 1640
934 2133
934 1671
935 2847
935 1459
935 1310
936 1158
936 2326
936 1835
937 1580
937 1305
938 1900
938 1055
939 2397
940 2693
940 959
941 2139
941 2794
942 2727
942 1036
942 2152
943 1428
943 1932
944 1497
944 2034
945 2679
945 2374
946 1704
946 1552
946 2368
947 1939
947 1513
947 2487
948 1806
948 1250
949 2151
949 1861
950 1377
950 1152
951 2349
952 2506
952 1971
953 1846
954 2560
954 1311
955 2108
956 1913
956 1706
957 1930
957 2278
958 1778
958 1483
958 1905
960 2000
960 1952
961 2029
961 996
962 2841
963 2810
963 2046
964 2741
964 1369
964 2177
965 1053
966 2230
966 1966
967 1067
967 2640
968 1285
969 1833
969 1957
970 2041
970 2763
971 1852
971 1370
972 1299
973 1498
973 2644
973 2669
974 1482
976 2776
976 2813
976 2033
977 1258
977 1782
978 1656
978 1082
979 2546
980 2198
980 2132
980 1110
981 2632
982 1240
982 2270
982 1739
983 1276
983 2545
983 1712
984 1345
984 1936
986 2625
986 2637
987 1989
987 989
987 2799
988 1925
989 2110
989 1909
990 2894
990 2647
991 1322
992 1720
992 1388
993 2298
993 1485
994 1574
995 2746
995 2008
996 2531
997 1594
997 1805
997 1991
998 1252
999 1379
999 2004
1000 1839
1000 1537
1001 2796
1001 1166
1001 1409
1002 2561
1002 1482
1003 1426
1004 1675
1005 1404
1005 2882
1006 2786
1006 1871
1007 2890
1007 1060
1008 2282
1008 1744
1009 2586
1010 1460
1010 1892
1011 2234
1011 2515
1011 2286
1012 1991
1013 1731
1013 2452
1013 2805
1014 1228
1014 2309
1015 2872
1015 1601
1015 2032
1016 1548
1016 2544
1017 2117
1018 1633
1018 1718
1018 1455
1019 2868
1019 1604
1019 2467
1020 2527
1020 2059
1021 1646
1021 2381
1022 2494
1022 2330
1023 2685
1023 1595
1024 2831
1024 1080
1025 1230
1025 1871
1026 2574
1027 2280
1027 2899
1027 2705
1028 2104
1028 1180
1028 2748
1029 1765
1029 2370
1030 2226
1030 1159
1031 2410
1031 1273
1032 1091
1032 2273
1032 1716
1033 1673
1033 2629
1034 2123
1035 2854
1035 1146
1035 2841
1036 2247
1037 1512
1037 2233
1038 2770
1038 2058
1039 1995
1041 1678
1041 2799
1041 1264
1042 1143
1042 2283
1043 2341
1043 1541
1044 2621
1044 1667
1044 1876
1045 2279
1045 2479
1045 1336
1046 2588
1046 2807
1047 1080
1047 2797
1047 2110
1048 2623
1048 1735
1049 1482
1049 2663
1050 2698
1050 1923
1051 2519
1051 1606
1052 2052
1052 2778
1053 2100
1053 2723
1054 2017
1054 1353
1055 2704
1056 2835
1056 1610
1057 2527
1057 1074
1057 2679
1058 2348
1058 2405
1059 2733
1059 1155
1060 2440
1061 2875
1061 1684
1061 2726
1062 2754
1062 2256
1062 1235
1063 2177
1064 1461
1064 1477
1064 1908
1065 2824
1065 2487
1065 2025
1066 2581
1066 2608
1066 2191
1067 2051
1067 2759
1068 2528
1068 2209
1069 2086
1069 2831
1070 1964
1070 2543
1071 2315
1071 1467
1071 2882
1072 1575
1072 1660
1073 1160
1073 1572
1074 1547
1075 2181
1075 2402
1075 1852
1076 2022
1076 1511
1076 2747
1077 2070
1077 2308
1078 2707
1078 2898
1078 2173
1079 1662
1079 1520
1079 1602
1080 2291
1081 2070
1081 2307
1082 1224
1083 1975
1083 1875
1084 2776
1085 1787
1085 2716
1086 1168
1086 1766
1087 1545
1088 1911
1088 2491
1089 1873
1090 1902
1090 2673
1091 1619
1091 2660
1092 2751
1092 2138
1093 1809
1094 1598
1094 2257
1095 2509
1095 1386
1095 2800
1096 1566
1096 2174
1096 1494
1097 2392
1097 2712
1097 2333
1098 1219
1099 2184
1099 1171
1100 2050
1101 1119
1101 2708
1101 1113
1102 1280
1102 1888
1102 2033
1104 1169
1104 1161
1105 1160
1106 2834
1107 1185
1107 2709
1107 2456
1108 2707
1108 2820
1109 1294
1109 2724
1110 2676
1111 1689
1112 1419
1112 1213
1112 2262
1113 2727
1114 1248
1115 2118
1115 1779
1116 2843
1116 1218
1117 1300
1117 1375
1118 2361
1118 2719
1119 2179
1121 1537
1121 1421
1121 2314
1122 1283
1122 1509
1122 1970
1123 2339
1123 1151
1123 2164
1124 2371
1124 1788
1125 1187
1125 2669
1125 1291
1126 2099
1126 2485
1127 2685
1128 2476
1128 1419
1128 2196
1129 1849
1129 2327
1130 1667
1130 2775
1131 1475
1131 1674
1131 1687
1132 1565
1132 2396
1132 2124
1134 1185
1134 1375
1135 1268
1135 2822
1135 2066
1136 2417
1136 1803
1137 1714
1137 1760
1138 2279
1139 1913
1139 2419
1139 1804
1140 2055
1140 2043
1140 2677
1141 1331
1142 1143
1142 2311
1142 2006
1144 2513
1145 2141
1145 2471
1146 2781
1147 2614
1147 1356
1147 2485
1148 2165
1148 2419
1149 2304
1149 2773
1150 1832
1150 1373
1152 2047
1152 1994
1153 1843
1154 2344
1155 1963
1156 2620
1157 1859
1157 2729
1158 1956
1159 1802
1159 1843
1161 2681
1162 2525
1162 2116
1162 2421
1163 2676
1164 2612
1164 2369
1164 2659
1165 2003
1165 1836
1166 2701
1167 2267
1167 1477
1168 1189
1170 1209
1171 1609
1171 1746
1172 2001
1172 1243
1173 1325
1173 1829
1174 2830
1174 2566
1175 2384
1176 2447
1176 1887
1177 1815
1177 2846
1177 1990
1178 1496
1178 2345
1178 1530
1179 2517
1180 2695
1180 2056
1181 2671
1181 1957
1181 2832
1182 2835
1182 2820
1183 1826
1183 1267
1183 2893
1184 2170
1185 1431
1186 2188
1186 1651
1186 1345
1187 1547
1187 2586
1188 2257
1189 2570
1191 1935
1191 1637
1191 2078
1192 2025
1192 2501
1193 2886
1193 2262
1193 2428
1194 2008
1195 1512
1195 2151
1197 1944
1197 2518
1198 2637
1198 1282
1198 2246
1199 1890
1199 1562
1200 1481
1201 1519
1201 1393
1202 2672
1202 1972
1203 1613
1203 1924
1204 1359
1204 1439
1205 1848
1205 1774
1206 1749
1206 2674
1207 2503
1207 2217
1208 2009
1208 2869
1208 1745
1209 2798
1209 2569
1211 2811
1211 1769
1212 2778
1214 2069
1215 2266
1215 1725
1216 2093
1216 2600
1216 2090
1218 2694
1218 1227
1219 1704
1219 2481
1221 1262
1222 2577
1222 2339
1223 2834
1223 2140
1224 1931
1225 2012
1225 1771
1226 2782
1226 2219
1227 2026
1227 1838
1228 2552
1229 1763
1229 1389
1229 2244
1230 2615
1230 1417
1231 2151
1231 2791
1231 1982
1232 2596
1233 1757
1233 2476
1234 1281
1234 1964
1235 2062
1236 1560
1236 1639
1237 2287
1237 2662
1238 1833
1238 1898
1238 1909
1239 1891
1239 2856
1240 1920
1240 2359
1241 1441
1241 2205
1242 2178
1242 1618
1242 1897
1243 2672
1244 1722
1244 1658
1245 1882
1245 2312
1247 1569
1249 2634
1249 2326
1249 2784
1251 2856
1252 1713
1252 1755
1253 1985
1254 2273
1254 1975
1254 1563
1255 2315
1256 2417
1256 2832
1256 1590
1257 1438
1257 1329
1257 1834
1258 2884
1258 1543
1259 2237
1259 2034
1260 1296
1260 1709
1260 2856
1261 2868
1262 1332
1265 2844
1266 2648
1267 2347
1267 2729
1268 2636
1268 2430
1269 2492
1270 2018
1271 2275
1271 1508
1272 1305
1272 2557
1273 2045
1274 2786
1275 1760
1276 2822
1276 1614
1277 1549
1277 2295
1278 1446
1278 1756
1278 1450
1279 1500
1279 1709
1282 2549
1283 1534
1283 2344
1284 2214
1284 1770
1285 1720
1285 1683
1286 2739
1286 2418
1287 1586
1287 1856
1287 2521
1288 2635
1289 2387
1289 1464
1290 1922
1292 2839
1292 1654
1292 1336
1293 2520
1293 1629
1294 2094
1295 2624
1295 1407
1296 2050
1297 1527
1297 2488
1298 2305
1299 2666
1300 2073
1300 1678
1301 2877
1301 1512
1302 1595
1302 2613
1302 2064
1303 1495
1303 2736
1304 1443
1305 2297
1306 2779
1307 2505
1307 1361
1308 2079
1308 2811
1309 2629
1309 2351
1310 2601
1310 2855
1311 2484
1312 1916
1312 2576
1312 2633
1313 1447
1313 1811
1313 2406
1314 2239
1314 2735
1314 2705
1315 2421
1315 1429
1316 2584
1316 2768
1317 2337
1317 1698
1318 1940
1318 1630
1319 2286
1319 1625
1320 2019
1320 2367
1321 1684
1322 2839
1322 2556
1324 2144
1325 1844
1325 1927
1326 2453
1326 2005
1326 2004
1327 1733
1328 2047
1328 2036
1329 1407
1330 2465
1331 2772
1332 2017
1332 2773
1333 2668
1334 1773
1334 2726
1335 1966
1336 2829
1337 2702
1337 2176
1337 2377
1338 2394
1338 2522
1339 1658
1339 2435
1340 1845
1340 2422
1341 1463
1341 2514
1342 1742
1342 1865
1343 1425
1343 1735
1344 2710
1344 2684
1346 2070
1346 1466
1347 1808
1347 2000
1347 1729
1348 2667
1348 1520
1348 1859
1349 1669
1350 2713
1350 2016
1351 2738
1352 2360
1353 2232
1353 2263
1354 2109
1354 2727
1354 2794
1355 2241
1355 1369
1356 2516
1356 2414
1358 2523
1358 2438
1359 2014
1359 1424
1361 2737
1362 2424
1362 1863
1362 1684
1363 1548
1363 2398
1363 2288
1364 2804
1364 1738
1365 2792
1365 2068
1366 1577
1366 2164
1366 2894
1367 2892
1367 2881
1368 2793
1368 2105
1368 2890
1370 1771
1371 1423
1372 2387
1372 2807
1372 1468
1373 1376
1374 1473
1374 1901
1374 2844
1375 1672
1376 2431
1377 1455
1378 1456
1378 1924
1379 2701
1380 1830
1380 1659
1381 2579
1382 2171
1382 2475
1383 2022
1383 1560
1384 1605
1385 2795
1385 2400
1386 2674
1386 1788
1387 2743
1387 2460
1387 2484
1388 1987
1390 1850
1390 1962
1391 1603
1391 2001
1392 1871
1392 1451
1392 2150
1393 2472
1393 1721
1394 1767
1394 1693
1395 2370
1395 2825
1396 1464
1397 2755
1397 2603
1397 1426
1398 2204
1398 2206
1399 2107
1399 2471
1400 2877
1401 2486
1402 2750
1403 1994
1404 2201
1405 1954
1405 2845
1406 2148
1406 1509
1406 2758
1407 2153
1408 2574
1408 2200
1408 2711
1409 2519
1409 2368
1410 1758
1410 2358
1410 2746
1411 2124
1411 2523
1412 2504
1412 2261
1413 2892
1413 2147
1414 1656
1414 1978
1414 1417
1415 2162
1416 2091
1416 2585
1418 2513
1418 1964
1420 1956
1420 2089
1421 2784
1422 2316
1422 2734
1423 1908
1424 2154
1425 2178
1425 2613
1426 1640
1427 2458
1428 2676
1429 1700
1431 2349
1431 1475
1432 2881
1432 2311
1432 1480
1433 1665
1434 2546
1434 2383
1434 1635
1435 2171
1435 2164
1436 1960
1437 2462
1438 2089
1439 2353
1439 1845
1440 2531
1440 2534
1440 2736
1441 2501
1442 2708
1442 1986
1443 2111
1443 2769
1444 1539
1444 2259
1445 1544
1447 2412
1448 2334
1448 1622
1449 2409
1449 2883
1449 2634
1450 2062
1450 2532
1451 1494
1451 1942
1452 2536
1453 1814
1454 2760
1455 2739
1456 2277
1456 2715
1457 2514
1457 1878
1458 2143
1458 2060
1460 2311
1460 2515
1462 1466
1462 2120
1462 1955
1463 2858
1463 2806
1464 2228
1465 2200
1467 2319
1467 2223
1468 1548
1469 1808
1469 1685
1469 2218
1470 1956
1471 2302
1471 1522
1472 1883
1473 2337
1474 1641
1474 1833
1475 2430
1476 1507
1476 2017
1477 2702
1478 1653
1479 2039
1479 2615
1480 1892
1481 1796
1483 2718
1483 1806
1484 2547
1485 2751
1486 2306
1487 2755
1488 2150
1488 2027
1489 1748
1489 2494
1489 2826
1490 1699
1490 2340
1491 1946
1491 2611
1492 2310
1492 1564
1492 1638
1493 2652
1493 2060
1493 2287
1494 1899
1495 2867
1497 1834
1497 2330
1498 2328
1499 1997
1499 2395
1500 2899
1501 2098
1501 2697
1503 1697
1504 2787
1504 2378
1504 1974
1505 1572
1505 2114
1505 2379
1506 2777
1506 1523
1507 2434
1507 2625
1508 2564
1508 1869
1510 2567
1511 1709
1514 1776
1514 2350
1514 2871
1515 1745
1515 2484
1515 2143
1516 2858
1516 2808
1517 2098
1518 2740
1518 1539
1518 2093
1519 1670
1519 2091
1520 1591
1521 1689
1522 1633
1522 1648
1523 2014
1523 2522
1524 2853
1524 2227
1525 2046
1525 2325
1525 2812
1526 2872
1526 1644
1527 2559
1528 2832
1528 1580
1528 2728
1529 2586
1530 2877
1530 2609
1531 2444
1532 2473
1532 2842
1533 1790
1533 2222
1535 1614
1535 2662
1535 1623
1536 2838
1536 2141
1537 2412
1538 1552
1538 2126
1539 1971
1540 2632
1540 2013
1540 2810
1541 2053
1542 2537
1542 2386
1542 2441
1543 1929
1543 2748
1544 1578
1545 1929
1546 2284
1546 2851
1546 1682
1547 1715
1550 1928
1550 2399
1551 2464
1552 2086
1553 1984
1553 2680
1554 2169
1554 2468
1555 1924
1556 1707
1556 2734
1557 2630
1557 1671
1558 1831
1559 2272
1559 2715
1561 2806
1562 2372
1563 1910
1563 1584
1565 1753
1566 2551
1566 1919
1567 2031
1567 2538
1568 2565
1568 2468
1569 2495
1569 2400
1571 2756
1571 2847
1572 2104
1573 2728
1573 2236
1573 2160
1574 2080
1574 2879
1575 2501
1575 2274
1576 2803
1576 2747
1578 2129
1579 2283
1579 2220
1579 1736
1581 1881
1582 2458
1583 1961
1583 2018
1583 2429
1584 2499
1585 2873
1585 2135
1586 2405
1587 1694
1588 2826
1588 2210
1589 1795
1589 2867
1590 1997
1590 1941
1591 2265
1592 2230
1592 2285
1593 2640
1593 2753
1594 1743
1595 2618
1596 2639
1596 2804
1597 1688
1598 2795
1600 2602
1601 1734
1602 2278
1603 1973
1604 2067
1604 1903
1605 2455
1607 2822
1608 2195
1610 2553
1611 2651
1612 2107
1612 1873
1612 2579
1613 2260
1614 2785
1615 1646
1615 2600
1616 1653
1616 1912
1616 2215
1620 1644
1621 1703
1621 1629
1622 2110
1622 1892
1623 2326
1624 2777
1624 2355
1624 2465
1625 2861
1626 2224
1626 2003
1627 2807
1627 2498
1628 2551
1628 2363
1630 2669
1630 1974
1631 2499
1631 2874
1632 1942
1632 1637
1632 2434
1633 2885
1634 1801
1634 1899
1635 2384
1635 1870
1636 2169
1638 2163
1638 2252
1639 2544
1639 2864
1642 2006
1643 2599
1644 2474
1645 2604
1645 1655
1645 2109
1646 2071
1647 2580
1647 2360
1648 2507
1649 2444
1649 2555
1650 2101
1650 2754
1651 1970
1651 1938
1652 2086
1652 2540
1652 1694
1653 2771
1654 2142
1655 1776
1656 2814
1657 2247
1657 1826
1659 1926
1659 2808
1660 1770
1660 2234
1661 2072
1661 2314
1661 2651
1662 2082
1663 2798
1664 2867
1664 2573
1664 2360
1665 2691
1666 1681
1666 1918
1667 2465
1668 2276
1668 2815
1668 2356
1669 2117
1670 2274
1672 2073
1672 2463
1673 1740
1675 2683
1676 1910
1677 2204
1677 1693
1679 1891
1679 2577
1679 2631
1680 2340
1681 2655
1682 2594
1682 2576
1685 2828
1685 2349
1687 1904
1689 2189
1690 2608
1690 1694
1690 1916
1691 2443
1691 2404
1691 2097
1692 2474
1693 2284
1695 2351
1695 1889
1696 2527
1696 2582
1697 2292
1698 1747
1698 1972
1699 1906
1699 2533
1700 2146
1700 1866
1701 1797
1702 2841
1702 1751
1702 1767
1703 2243
1703 2023
1704 1996
1705 2313
1705 2647
1706 2085
1706 2163
1707 2274
1708 2653
1708 2614
1710 2457
1710 2116
1710 2848
1711 2035
1712 2777
1713 2801
1713 2233
1714 2720
1715 2027
1715 2612
1717 1847
1717 2191
1718 2677
1719 2355
1719 2479
1722 1790
1722 1878
1723 2529
1723 1967
1724 1946
1724 2517
1725 2351
1725 2262
1726 1907
1726 1856
1726 2575
1728 2120
1728 2213
1729 2775
1730 2077
1731 2299
1732 1830
1735 1747
1736 1885
1737 2508
1737 2249
1738 2354
1738 2500
1739 2401
1739 2194
1740 1800
1740 2064
1741 2699
1741 2265
1742 2373
1742 2857
1743 1989
1743 2420
1744 1753
1746 2402
1746 1760
1747 2357
1748 2682
1749 2316
1749 1816
1750 1994
1751 2084
1752 2399
1752 2466
1754 2216
1754 2396
1755 2724
1756 2568
1757 2795
1758 2362
1759 1954
1759 2896
1761 2525
1762 1764
1763 2682
1763 2210
1765 1792
1768 1852
1768 1849
1769 2047
1769 1922
1770 2720
1772 2855
1772 2092
1774 2268
1775 2320
1777 1914
1778 2836
1779 2291
1780 1949
1780 2695
1781 1902
1782 2072
1783 2385
1783 2024
1783 1872
1785 2392
1785 2303
1786 1950
1787 2846
1787 2891
1788 2441
1789 2892
1790 2710
1791 2765
1791 2232
1791 2717
1792 2138
1793 1807
1794 2658
1794 2829
1797 2595
1798 2861
1799 1837
1800 2770
1801 2810
1802 1901
1802 2830
1803 1977
1803 2028
1804 2431
1804 2723
1805 2567
1806 2592
1807 2221
1808 2641
1809 2882
1810 2439
1810 2507
1811 2139
1811 1980
1812 2231
1812 2850
1813 1949
1813 2475
1814 2310
1815 2825
1816 2612
1817 2444
1817 1920
1818 1862
1819 2859
1819 1897
1820 2457
1821 2427
1821 2452
1822 1983
1822 2593
1823 1841
1823 2242
1824 2606
1824 2792
1825 2520
1825 2207
1825 2726
1826 2345
1827 2508
1828 2788
1829 1989
1832 2374
1834 2556
1837 2539
1838 2032
1840 2317
1841 2079
1842 2602
1842 2394
1842 2764
1843 2865
1844 2227
1845 2789
1846 2320
1849 2747
1850 2044
1850 2028
1851 2296
1851 2318
1853 2587
1855 2771
1856 2398
1857 2674
1857 2840
1858 2642
1858 1948
1858 2270
1859 2620
1860 2354
1861 2226
1861 2763
1863 2836
1864 1896
1865 2628
1865 2057
1866 1917
1867 2375
1867 2504
1868 1872
1869 2009
1870 2535
1870 2461
1873 2085
1874 2094
1874 2459
1874 2782
1875 2684
1877 2269
1877 2630
1879 2314
1880 2425
1882 2776
1883 2134
1884 2803
1884 2509
1884 2157
1885 2026
1888 2048
1893 2541
1893 2512
1893 1963
1895 2029
1896 2756
1897 2480
1898 2696
1900 2874
1900 2590
1902 2229
1903 2332
1903 2730
1904 2014
1904 1976
1907 2331
1907 2661
1908 2159
1910 2698
1912 2748
1912 2357
1913 2719
1914 2887
1915 2745
1915 2221
1916 1961
1917 2524
1918 2589
1918 2614
1919 2796
1919 2611
1920 1973
1921 2183
1923 2448
1925 2021
1925 2885
1928 2437
1928 2710
1929 2363
1930 2673
1930 1995
1931 1978
1933 2857
1934 2150
1934 1936
1938 2610
1939 2092
1940 2557
1940 2529
1941 2601
1941 2065
1943 2661
1946 2756
1948 2372
1949 2074
1950 2253
1950 2489
1951 2223
1952 2654
1952 2826
1953 2719
1954 2067
1955 2627
1957 2052
1958 2424
1958 2076
1959 2044
1959 1988
1960 1976
1961 2772
1962 2409
1962 2697
1965 2520
1966 2141
1967 2390
1968 2583
1969 2322
1969 2094
1970 2049
1973 2136
1975 2395
1976 2378
1979 2001
1979 2452
1980 2821
1981 2878
1981 2224
1985 2111
1986 2128
1988 2222
1990 2390
1991 2307
1992 2558
1996 2627
1996 2062
1999 2396
2002 2026
2002 2182
2004 2422
2005 2613
2007 2626
2007 2097
2008 2553
2009 2557
2011 2436
2011 2288
2012 2599
2012 2252
2013 2127
2015 2689
2015 2469
2016 2879
2016 2469
2018 2649
2019 2038
2020 2550
2021 2665
2022 2146
2023 2767
2024 2762
2024 2225
2027 2640
2029 2091
2030 2814
2030 2505
2032 2664
2033 2140
2034 2156
2035 2828
2036 2740
2038 2464
2039 2170
2040 2341
2040 2426
2042 2821
2042 2573
2043 2063
2045 2172
2045 2781
2048 2388
2049 2269
2051 2675
2054 2681
2055 2741
2057 2186
2058 2671
2058 2420
2059 2118
2059 2880
2061 2155
2064 2685
2065 2891
2066 2453
2066 2843
2067 2126
2071 2365
2074 2704
2075 2680
2075 2837
2076 2463
2077 2221
2080 2323
2081 2537
2082 2376
2082 2251
2084 2192
2087 2749
2088 2293
2088 2186
2093 2261
2096 2721
2098 2600
2101 2367
2103 2129
2104 2537
2105 2296
2105 2309
2106 2297
2107 2344
2108 2435
2109 2629
2112 2411
2112 2897
2113 2470
2113 2845
2114 2503
2114 2675
2115 2361
2115 2136
2116 2412
2117 2584
2119 2521
2121 2428
2121 2198
2121 2175
2122 2554
2122 2386
2122 2235
2123 2477
2125 2633
2125 2388
2126 2540
2127 2226
2128 2246
2129 2667
2130 2377
2131 2560
2132 2394
2133 2778
2133 2860
2136 2852
2137 2580
2137 2860
2142 2581
2143 2285
2144 2821
2145 2247
2146 2447
2147 2242
2148 2696
2149 2318
2149 2785
2152 2290
2152 2555
2154 2805
2155 2416
2155 2186
2156 2179
2156 2369
2158 2381
2158 2331
2159 2744
2160 2411
2161 2464
2161 2556
2162 2531
2166 2840
2166 2688
2167 2357
2168 2411
2169 2541
2170 2889
2171 2594
2172 2506
2173 2575
2173 2783
2174 2656
2175 2246
2177 2811
2179 2761
2180 2880
2180 2345
2181 2243
2183 2502
2183 2548
2185 2356
2187 2393
2187 2671
2189 2654
2189 2293
2190 2251
2190 2250
2191 2688
2193 2708
2193 2709
2193 2623
2194 2459
2195 2260
2196 2766
2197 2784
2197 2269
2199 2470
2200 2362
2201 2350
2203 2862
2205 2720
2206 2295
2207 2637
2209 2833
2212 2633
2213 2833
2214 2598
2215 2866
2216 2662
2216 2409
2217 2513
2219 2703
2225 2791
2227 2451
2228 2583
2229 2593
2230 2402
2231 2692
2233 2694
2234 2553
2235 2840
2236 2414
2237 2799
2237 2361
2238 2264
2240 2849
2240 2805
2245 2638
2245 2454
2248 2779
2248 2329
2250 2602
2252 2653
2253 2618
2253 2868
2254 2628
2254 2686
2255 2335
2257 2707
2258 2683
2258 2372
2258 2587
2259 2620
2261 2497
2263 2510
2263 2752
2265 2651
2266 2439
2266 2418
2267 2749
2268 2628
2270 2830
2272 2690
2272 2305
2275 2516
2275 2483
2276 2625
2276 2354
2279 2780
2290 2728
2291 2382
2295 2745
2299 2467
2300 2332
2302 2894
2302 2849
2303 2616
2303 2869
2309 2896
2312 2321
2312 2859
2313 2365
2316 2635
2317 2843
2324 2835
2327 2483
2327 2717
2329 2607
2330 2691
2333 2346
2333 2842
2334 2584
2335 2783
2336 2558
2337 2780
2338 2545
2339 2689
2341 2658
2342 2797
2346 2425
2346 2789
2348 2693
2348 2766
2350 2461
2353 2563
2358 2729
2359 2382
2364 2881
2365 2491
2366 2511
2367 2816
2368 2731
2373 2732
2376 2509
2377 2786
2379 2422
2383 2819
2383 2507
2384 2893
2385 2853
2385 2655
2389 2550
2391 2767
2392 2836
2393 2496
2401 2626
2404 2554
2405 2792
2406 2866
2407 2488
2408 2488
2413 2649
2413 2704
2415 2789
2416 2768
2420 2571
2421 2735
2423 2689
2423 2525
2427 2443
2432 2735
2435 2817
2436 2569
2437 2663
2440 2737
2442 2636
2442 2510
2445 2808
2450 2798
2451 2526
2454 2712
2455 2470
2458 2631
2468 2815
2471 2733
2472 2813
2477 2774
2477 2758
2478 2779
2478 2594
2479 2697
2482 2595
2482 2765
2483 2499
2485 2773
2489 2863
2495 2794
2496 2565
2503 2725
2511 2772
2517 2714
2521 2687
2526 2746
2529 2605
2533 2872
2536 2572
2540 2896
2542 2661
2543 2722
2544 2597
2549 2731
2552 2570
2561 2643
2562 2880
2563 2717
2565 2721
2566 2691
2570 2845
2573 2770
2576 2591
2582 2642
2583 2721
2585 2854
2585 2608
2587 2898
2590 2699
2592 2664
2593 2863
2604 2846
2605 2646
2609 2634
2610 2899
2615 2657
2617 2656
2617 2670
2622 2732
2622 2891
2631 2714
2641 2686
2646 2745
2647 2812
2655 2658
2665 2870
2666 2804
2667 2683
2670 2859
2677 2722
2681 2879
2686 2709
2690 2741
2690 2722
2696 2790
2698 2759
2700 2873
2703 2850
2705 2753
2736 2848
2758 2824
2762 2815
2767 2769
2771 2887
2774 2806
2787 2889
2790 2838
2816 2885
2817 2897
2838 2870
2864 2895
