0 480
0 356
0 62
1 381
1 425
1 16
2 441
2 427
2 135
3 281
3 174
3 285
4 207
4 313
4 407
5 190
5 365
5 167
6 475
6 205
6 290
7 244
7 109
7 241
8 213
8 292
8 300
9 462
9 279
9 194
10 72
10 201
10 55
11 442
11 316
11 283
12 471
12 45
12 403
13 173
13 19
13 256
14 233
14 26
14 95
15 359
15 215
15 165
16 62
16 219
17 185
17 147
17 364
18 243
18 465
18 446
19 82
19 307
20 202
20 433
20 106
21 113
21 261
21 232
22 88
22 445
22 491
23 452
23 357
23 487
24 433
24 256
24 130
25 78
25 282
25 202
26 235
26 171
27 314
27 258
27 284
28 330
28 170
28 90
29 130
29 111
29 316
30 370
30 374
30 149
31 173
31 386
31 190
32 139
32 349
32 376
33 195
33 324
33 170
34 341
34 168
34 121
35 352
35 448
35 331
36 271
36 194
36 315
37 474
37 65
37 348
38 255
38 304
38 423
39 387
39 400
39 343
40 171
40 407
40 115
41 116
41 142
41 369
42 216
42 183
42 391
43 398
43 114
43 294
44 117
44 354
44 465
45 146
45 235
46 368
46 83
46 452
47 178
47 203
47 458
48 328
48 86
48 172
49 228
49 408
49 108
50 317
50 348
50 473
51 219
51 311
51 404
52 334
52 225
52 317
53 133
53 383
53 99
54 331
54 276
54 288
55 167
55 455
56 272
56 384
56 321
57 246
57 166
57 421
58 346
58 222
58 422
59 161
59 429
59 349
60 251
60 252
60 182
61 224
61 192
61 416
62 472
63 180
63 481
63 220
64 400
64 222
64 440
65 491
65 354
66 172
66 287
66 229
67 398
67 476
67 327
68 467
68 89
68 265
69 332
69 233
69 208
70 304
70 75
70 373
71 103
71 350
71 304
72 344
72 102
73 245
73 183
73 420
74 265
74 148
74 413
75 470
75 200
76 477
76 113
76 433
77 214
77 250
77 392
78 373
78 211
79 482
79 243
79 447
80 185
80 305
80 188
81 199
81 322
81 302
82 363
82 473
83 224
83 217
84 372
84 160
84 442
85 214
85 268
85 151
86 193
86 217
87 368
87 469
87 252
88 466
88 276
89 355
89 237
90 278
90 128
91 126
91 92
91 291
92 227
92 198
93 298
93 450
93 420
94 335
94 131
94 323
95 399
95 109
96 138
96 250
96 105
97 387
97 247
97 135
98 391
98 230
98 475
99 163
99 405
100 231
100 229
100 168
101 236
101 184
101 187
102 312
102 110
103 334
103 205
104 298
104 361
104 165
105 191
105 261
106 333
106 331
107 429
107 352
107 449
108 323
108 395
109 460
110 247
110 237
111 340
111 121
112 424
112 141
112 266
113 249
114 136
114 149
115 402
115 122
116 409
116 450
117 499
117 484
118 270
118 287
118 257
119 401
119 364
119 274
120 236
120 407
120 480
121 239
122 308
122 147
123 451
123 148
123 483
124 461
124 423
124 381
125 264
125 197
125 162
126 494
126 352
127 463
127 156
127 365
128 305
128 299
129 193
129 300
129 277
130 216
131 179
131 410
132 481
132 175
132 440
133 379
133 247
134 494
134 415
134 422
135 191
136 497
136 361
137 484
137 303
137 143
138 486
138 157
139 250
139 271
140 223
140 486
140 286
141 383
141 422
142 342
142 253
143 434
143 320
144 367
144 224
144 438
145 438
145 375
145 374
146 258
146 210
147 187
148 274
149 460
150 428
150 267
150 275
151 333
151 462
152 346
152 412
152 421
153 260
153 248
153 355
154 430
154 443
154 343
155 167
155 227
155 266
156 497
156 314
157 188
157 411
158 198
158 434
158 220
159 249
159 366
159 444
160 312
160 414
161 238
161 457
162 357
162 175
163 426
163 423
164 465
164 446
164 438
165 430
166 222
166 239
168 199
169 312
169 244
169 484
170 177
171 378
172 190
173 459
174 189
174 290
175 483
176 313
176 490
176 471
177 288
177 246
178 340
178 308
179 299
179 353
180 390
180 371
181 195
181 441
181 249
182 385
182 372
183 318
184 301
184 378
185 488
186 219
186 388
186 439
187 325
188 282
189 326
189 418
191 480
192 351
192 310
193 337
194 288
195 454
196 263
196 271
196 344
197 364
197 338
198 232
199 333
200 296
200 492
201 419
201 302
202 425
203 418
203 384
204 212
204 495
204 368
205 487
206 445
206 390
206 393
207 235
207 406
208 272
208 491
209 329
209 210
209 269
210 437
211 295
211 472
212 394
212 353
213 349
213 244
214 366
215 492
215 322
216 218
217 279
218 492
218 405
220 428
221 498
221 466
221 453
223 297
223 400
225 411
225 246
226 306
226 278
226 458
227 347
228 242
228 335
229 485
230 267
230 263
231 496
231 499
232 293
233 348
234 245
234 416
234 479
236 469
237 380
238 372
238 329
239 397
240 357
240 375
240 468
241 336
241 379
242 255
242 369
243 391
245 373
248 287
248 406
251 321
251 269
252 358
253 337
253 466
254 415
254 359
254 300
255 397
256 404
257 284
257 432
258 388
259 283
259 289
259 382
260 488
260 315
261 294
262 386
262 489
262 370
263 463
264 409
264 395
265 374
266 458
267 498
268 366
268 292
269 351
270 292
270 485
272 318
273 474
273 388
273 453
274 335
275 464
275 434
276 457
277 461
277 282
278 396
279 431
280 356
280 477
280 320
281 359
281 320
283 437
284 339
285 441
285 417
286 402
286 448
289 295
289 342
290 389
291 467
291 371
293 332
293 344
294 421
295 392
296 385
296 309
297 362
297 439
298 318
299 317
301 411
301 488
302 463
303 455
303 476
305 380
306 310
306 346
307 412
307 379
308 332
309 497
309 482
310 445
311 478
311 394
313 382
314 478
315 435
316 378
319 473
319 403
319 345
321 435
322 396
323 339
324 343
324 420
325 413
325 485
326 419
326 451
327 447
327 451
328 471
328 432
329 415
330 436
330 444
334 449
336 425
336 489
337 371
338 417
338 351
339 499
340 464
341 426
341 477
342 354
345 367
345 428
347 386
347 468
350 443
350 401
353 408
355 479
356 362
358 410
358 431
360 464
360 498
360 457
361 462
362 429
363 399
363 490
365 390
367 418
369 456
370 481
375 419
376 468
376 439
377 494
377 455
377 444
380 454
381 431
382 470
383 482
384 470
385 413
387 412
389 490
389 475
392 452
393 469
393 454
394 449
395 414
396 472
397 461
398 417
399 459
401 478
402 448
403 424
404 446
405 424
406 408
409 496
410 443
414 467
416 459
426 427
427 447
430 479
432 489
435 440
436 496
436 450
437 487
442 456
453 493
456 483
460 476
474 493
486 495
493 495
