0 271
0 817
0 644
1 294
1 1245
1 1585
2 1672
2 559
2 1004
3 646
3 488
3 599
4 1642
4 1526
4 1222
5 1044
5 1046
5 303
6 820
6 783
6 760
7 1554
7 1066
7 440
8 308
8 1545
8 1030
9 1489
9 653
9 189
10 1180
10 204
10 206
11 290
11 1472
11 1012
12 1027
12 923
12 1212
13 973
13 225
13 1329
14 346
14 816
14 297
15 896
15 830
15 1510
16 1643
16 44
16 443
17 1120
17 1208
17 193
18 35
18 1315
18 1570
19 76
19 1371
19 1514
20 1019
20 1167
20 455
21 794
21 75
21 703
22 1506
22 308
22 1512
23 1290
23 788
23 326
24 1673
24 639
24 1331
25 1482
25 1000
25 353
26 1138
26 1150
26 625
27 1437
27 777
27 1450
28 1442
28 241
28 89
29 325
29 1132
29 692
30 203
30 294
30 801
31 137
31 1660
31 1661
32 69
32 389
32 1199
33 711
33 355
33 233
34 1429
34 903
34 1380
35 202
35 623
36 1602
36 288
36 323
37 353
37 1412
37 1119
38 561
38 1685
38 336
39 469
39 164
39 1556
40 342
40 305
40 1034
41 639
41 1148
41 392
42 80
42 812
42 1244
43 1093
43 1367
43 130
44 1090
44 981
45 919
45 775
45 1040
46 1439
46 1197
46 341
47 92
47 754
47 629
48 70
48 1019
48 209
49 1493
49 77
49 751
50 1113
50 1359
50 1096
51 256
51 301
51 704
52 1644
52 335
52 115
53 713
53 395
53 1026
54 880
54 757
54 1308
55 128
55 85
55 1327
56 1591
56 930
56 415
57 1013
57 1626
57 1596
58 481
58 251
58 1149
59 1662
59 1487
59 1070
60 953
60 921
60 282
61 1460
61 1682
61 1399
62 133
62 1250
62 1454
63 185
63 320
63 1006
64 1470
64 544
64 535
65 627
65 1002
65 452
66 814
66 1555
66 1136
67 305
67 781
67 188
68 1462
68 1636
68 1537
69 1551
69 307
70 1287
70 490
71 1145
71 476
71 1591
72 182
72 1011
72 815
73 1045
73 772
73 860
74 955
74 1609
74 1519
75 689
75 194
76 81
76 615
77 337
77 394
78 1162
78 878
78 868
79 1424
79 405
79 1509
80 185
80 464
81 322
81 1043
82 822
82 627
82 1182
83 525
83 502
83 640
84 932
84 966
84 894
85 1500
85 1117
86 416
86 1090
86 454
87 748
87 683
87 1502
88 132
88 674
88 139
89 1355
89 236
90 153
90 459
90 1276
91 1382
91 1229
91 1594
92 1658
92 414
93 465
93 313
93 273
94 983
94 864
94 198
95 1152
95 728
95 1312
96 1579
96 1026
96 584
97 123
97 490
97 631
98 1336
98 1371
98 299
99 1350
99 1552
99 509
100 207
100 120
100 1314
101 1610
101 938
101 532
102 313
102 381
102 1423
103 595
103 417
103 1499
104 805
104 702
104 426
105 1215
105 1018
105 1492
106 1049
106 1028
106 558
107 1508
107 1074
107 1426
108 1372
108 1498
108 1431
109 399
109 867
109 440
110 1421
110 392
110 747
111 1448
111 486
111 1606
112 187
112 1612
112 118
113 268
113 1420
113 1610
114 1031
114 1353
114 837
115 320
115 312
116 193
116 650
116 1523
117 1018
117 160
117 545
118 1067
118 1321
119 483
119 994
119 454
120 927
120 1374
121 1497
121 236
121 1449
122 780
122 824
122 940
123 1498
123 1321
124 1276
124 126
124 424
125 1546
125 1215
125 1123
126 334
126 1160
127 1347
127 1263
127 1547
128 1249
128 1429
129 154
129 1282
129 427
130 350
130 1493
131 283
131 1650
131 1695
132 221
132 269
133 1693
133 210
134 1157
134 924
134 172
135 556
135 327
135 487
136 1679
136 540
136 976
137 321
137 754
138 1356
138 1081
138 675
139 1183
139 577
140 1261
140 558
140 1009
141 1562
141 847
141 1131
142 1305
142 535
142 1342
143 847
143 1521
143 964
144 1492
144 1443
144 670
145 490
145 712
145 1431
146 1075
146 437
146 570
147 1070
147 895
147 1352
148 1555
148 1240
148 1586
149 1196
149 1623
149 1469
150 1245
150 884
150 522
151 1632
151 699
151 1086
152 1298
152 679
152 1261
153 1287
153 1077
154 440
154 1317
155 990
155 199
155 1667
156 1410
156 1189
156 1648
157 1289
157 1213
157 1171
158 1027
158 283
158 328
159 873
159 1216
159 306
160 333
160 714
161 442
161 1580
161 1177
162 1270
162 566
162 1209
163 1593
163 542
163 842
164 1017
164 1219
165 1673
165 1169
165 652
166 934
166 1409
166 1600
167 1352
167 206
167 1081
168 230
168 1177
168 234
169 1137
169 1401
169 1479
170 621
170 1152
170 556
171 1576
171 1515
171 271
172 896
172 291
173 806
173 1651
173 217
174 1508
174 1699
174 1270
175 805
175 897
175 1353
176 1146
176 1153
176 779
177 1191
177 958
177 243
178 1588
178 1637
178 1665
179 876
179 1223
179 797
180 736
180 763
180 630
181 695
181 1337
181 452
182 1476
182 882
183 1279
183 208
183 1061
184 932
184 427
184 626
185 693
186 1627
186 435
186 991
187 1619
187 622
188 1641
188 523
189 951
189 293
190 862
190 861
190 1073
191 795
191 201
191 463
192 453
192 1515
192 272
193 754
194 619
194 544
195 1654
195 1201
195 451
196 228
196 656
196 840
197 1672
197 450
197 1476
198 1527
198 974
199 317
199 1547
200 666
200 594
200 1073
201 1163
201 302
202 758
202 553
203 871
203 955
204 946
204 1579
205 600
205 207
205 1178
206 1478
207 1259
208 1503
208 370
209 1059
209 424
210 533
210 410
211 1424
211 373
211 1665
212 1258
212 261
212 1408
213 294
213 1126
213 1027
214 1294
214 729
214 1236
215 1644
215 1348
215 1546
216 847
216 549
216 1281
217 287
217 1545
218 1624
218 1560
218 1422
219 542
219 1335
219 454
220 849
220 796
220 1249
221 1496
221 550
222 681
222 613
222 579
223 1149
223 687
223 1206
224 1064
224 478
224 1461
225 1009
225 1400
226 399
226 1569
226 1217
227 1108
227 622
227 329
228 829
228 676
229 445
229 404
229 562
230 314
230 1145
231 784
231 620
231 1417
232 1008
232 1144
232 856
233 597
233 1103
234 982
234 939
235 700
235 745
235 575
236 802
237 636
237 1513
237 1165
238 1550
238 1091
238 260
239 1302
239 484
239 612
240 1144
240 936
240 1569
241 678
241 1220
242 543
242 1042
242 1102
243 1231
243 1453
244 1350
244 557
244 1099
245 683
245 1094
245 1486
246 1376
246 1233
246 915
247 1403
247 1239
247 1520
248 1363
248 321
248 1446
249 809
249 605
249 1007
250 472
250 1470
250 269
251 585
251 1432
252 1387
252 594
252 970
253 498
253 1304
253 579
254 1309
254 1662
254 1669
255 535
255 1387
255 340
256 1039
256 1085
257 1616
257 1124
257 291
258 665
258 462
258 340
259 973
259 709
259 1065
260 1173
260 681
261 1538
261 770
262 1162
262 494
262 1488
263 1556
263 1293
263 717
264 1336
264 1280
264 1517
265 1657
265 273
265 959
266 378
266 597
266 1346
267 1323
267 964
267 625
268 810
268 1204
269 1280
270 573
270 870
270 345
271 493
272 581
272 1014
273 1347
274 1005
274 1239
274 658
275 752
275 649
275 871
276 1541
276 664
276 602
277 962
277 679
277 335
278 1534
278 1151
278 945
279 1345
279 1003
279 895
280 1275
280 1541
280 1457
281 1318
281 684
281 798
282 327
282 1328
283 930
284 1236
284 1447
284 766
285 635
285 1397
285 827
286 944
286 692
286 1303
287 1361
287 411
288 808
288 429
289 1344
289 1126
289 1083
290 1006
290 1087
291 1246
292 936
292 1539
292 1608
293 568
293 1291
295 1288
295 1125
295 728
296 1481
296 655
296 1137
297 338
297 1474
298 1054
298 340
298 589
299 397
299 674
300 598
300 1383
300 1407
301 968
301 1244
302 444
302 730
303 518
303 839
304 645
304 347
304 709
305 1130
306 1482
306 360
307 1042
307 637
308 473
309 1135
309 1203
309 336
310 1458
310 377
310 390
311 1685
311 1320
311 551
312 416
312 835
313 1125
314 1232
314 1678
315 943
315 612
315 758
316 775
316 1095
316 1284
317 996
317 1077
318 1164
318 1375
318 1130
319 632
319 765
319 824
320 1338
321 1046
322 1592
322 448
323 1249
323 1206
324 1087
324 1674
324 1332
325 1443
325 1220
326 664
326 389
327 1652
328 1522
328 617
329 745
329 596
330 369
330 1317
330 1585
331 1517
331 472
331 1041
332 1436
332 888
332 1370
333 984
333 1284
334 749
334 1207
335 395
336 572
337 1343
337 1048
338 586
338 996
339 741
339 531
339 976
341 1695
341 1629
342 453
342 1661
343 416
343 1653
343 451
344 517
344 941
344 1530
345 608
345 410
346 1449
346 1071
347 884
347 929
348 732
348 1054
348 552
349 1273
349 1020
349 660
350 536
350 1222
351 1175
351 684
351 663
352 892
352 1491
352 1640
353 354
354 1571
354 1200
355 866
355 1595
356 665
356 1242
356 1317
357 860
357 1634
357 1227
358 475
358 886
358 722
359 1421
359 406
359 993
360 782
360 1537
361 805
361 1485
361 483
362 1525
362 1554
362 378
363 917
363 1303
363 1299
364 1691
364 531
364 400
365 778
365 608
365 731
366 837
366 1269
366 729
367 1384
367 473
367 806
368 911
368 560
368 687
369 638
369 872
370 1590
370 1121
371 786
371 1253
371 1452
372 497
372 1063
372 1282
373 1469
373 656
374 1118
374 1377
374 922
375 445
375 1559
375 1660
376 1549
376 781
376 852
377 542
377 1540
378 911
379 934
379 1154
379 1201
380 1535
380 469
380 1520
381 1295
381 661
382 507
382 1544
382 719
383 1520
383 427
383 939
384 1682
384 571
384 1202
385 1642
385 1618
385 649
386 969
386 673
386 1490
387 1452
387 495
387 815
388 1496
388 771
388 1464
389 921
390 718
390 1009
391 566
391 1088
391 1639
392 932
393 1129
393 886
393 460
394 885
394 1364
395 899
396 1217
396 750
396 1491
397 837
397 567
398 468
398 420
398 750
399 1179
400 514
400 1430
401 1661
401 468
401 1338
402 406
402 1285
402 1209
403 538
403 901
403 689
404 893
404 666
405 1479
405 1231
406 604
407 1269
407 1174
407 1121
408 1516
408 593
408 1100
409 702
409 1140
409 602
410 1491
411 1614
411 425
412 1338
412 1120
412 730
413 710
413 626
413 1652
414 1301
414 1625
415 1248
415 836
417 644
417 1174
418 875
418 1182
418 1404
419 1024
419 817
419 721
420 1684
420 1182
421 856
421 1221
421 460
422 1550
422 833
422 767
423 1633
423 1271
423 715
424 641
425 1284
425 456
426 1055
426 1533
428 1578
428 1544
428 600
429 892
429 748
430 506
430 1500
430 883
431 1020
431 471
431 995
432 786
432 1101
432 1535
433 1134
433 1589
433 889
434 1154
434 472
434 494
435 1501
435 1681
436 1555
436 1203
436 478
437 825
437 988
438 1304
438 1127
438 1241
439 672
439 1667
439 722
441 975
441 634
441 880
442 874
442 991
443 1049
443 1457
444 794
444 1388
445 1668
446 829
446 583
446 1212
447 1300
447 1016
447 1273
448 1155
448 1260
449 701
449 1014
449 920
450 945
450 720
451 1315
452 638
453 1657
455 1254
455 1365
456 1651
456 1575
457 980
457 971
457 503
458 941
458 1365
458 1011
459 1106
459 617
460 1563
461 567
461 677
461 1351
462 1122
462 752
463 1579
463 673
464 571
464 1460
465 467
465 1095
466 774
466 501
466 680
467 909
467 1582
468 1275
469 1505
470 583
470 1191
470 885
471 1148
471 1334
473 686
474 1259
474 1622
474 1344
475 854
475 586
476 985
476 1683
477 1114
477 959
477 1047
478 992
479 1314
479 982
479 1512
480 810
480 1052
480 1248
481 645
481 712
482 803
482 671
482 1411
483 912
484 1683
484 1699
485 1454
485 1195
485 1671
486 1688
486 1670
487 1528
487 1419
488 662
488 1105
489 862
489 1459
489 1474
491 882
491 621
491 1648
492 613
492 1255
492 1348
493 1130
493 515
494 1437
495 1029
495 1025
496 1021
496 1342
496 913
497 846
497 1104
498 886
498 839
499 769
499 1588
499 933
500 1034
500 1168
500 1289
501 564
501 565
502 751
502 1536
503 586
503 1657
504 1666
504 1012
504 1254
505 1147
505 1017
505 1310
506 917
506 1658
507 706
507 1207
508 685
508 577
508 1649
509 994
509 653
510 740
510 1345
510 1188
511 700
511 1396
511 989
512 880
512 660
512 708
513 519
513 873
513 961
514 975
514 678
515 1155
515 823
516 582
516 1323
516 1229
517 1383
517 1306
518 1069
518 1081
519 1663
519 727
520 1189
520 1211
520 726
521 850
521 1592
521 1133
522 1253
522 1409
523 574
523 1218
524 1233
524 984
524 1536
525 1318
525 977
526 735
526 1279
526 1015
527 1609
527 1316
527 1558
528 598
528 1475
528 878
529 1226
529 1011
529 594
530 735
530 571
530 857
531 1412
532 638
532 576
533 965
533 1531
534 1098
534 618
534 630
536 601
536 734
537 849
537 995
537 1380
538 1322
538 567
539 1207
539 1307
539 1198
540 1255
540 1454
541 774
541 1295
541 859
543 1642
543 761
544 1677
545 1517
545 1377
546 1073
546 804
546 1114
547 1267
547 1388
547 1420
548 828
548 1511
548 1467
549 1490
549 1118
550 1662
550 1656
551 773
551 1240
552 772
552 1415
553 705
553 1038
554 879
554 1441
554 1143
555 1431
555 588
555 1450
556 680
557 690
557 1575
558 1314
559 985
559 1575
560 1605
560 1587
561 1618
561 1112
562 1257
562 1368
563 1035
563 952
563 755
564 591
564 968
565 1165
565 1672
566 1498
568 1413
568 1418
569 1316
569 699
569 1494
570 1470
570 602
572 1675
572 1591
573 769
573 1088
574 918
574 1263
575 1472
575 1148
576 1105
576 800
577 1602
578 765
578 1589
578 1457
579 669
580 1659
580 690
580 767
581 872
581 676
582 1577
582 759
583 1441
584 1404
584 811
585 1574
585 791
587 789
587 1439
587 1209
588 1320
588 714
589 1183
589 948
590 1324
590 1186
590 738
591 949
591 792
592 675
592 1250
592 993
593 1205
593 822
595 633
595 1226
596 729
596 1301
597 941
598 1103
599 1456
599 1272
600 1534
601 1172
601 889
603 1266
603 865
603 1074
604 1407
604 713
605 1572
605 1405
606 1651
606 1487
606 1311
607 694
607 739
607 787
608 1669
609 1514
609 680
609 1193
610 1583
610 1136
610 755
611 1008
611 1426
611 958
612 656
613 1331
614 1340
614 1077
614 1013
615 733
615 1692
616 1274
616 858
616 969
617 774
618 1080
618 696
619 1010
619 931
620 1171
620 1132
621 763
622 1268
623 1277
623 1037
624 915
624 803
624 1141
625 1194
626 1362
627 1466
628 1107
628 1142
628 827
629 1640
629 1029
630 648
631 1327
631 1068
632 1369
632 1196
633 1113
633 1139
634 863
634 1619
635 1258
635 940
636 856
636 1318
637 905
637 1377
639 1386
640 1333
640 1138
641 1129
641 1224
642 888
642 1198
642 1692
643 1092
643 1029
643 1670
644 851
645 1434
646 1443
646 679
647 998
647 949
647 981
648 693
648 1234
649 1563
650 1566
650 1394
651 1398
651 1084
651 711
652 1378
652 1193
653 1600
654 1070
654 1294
654 1393
655 945
655 831
657 1301
657 1425
657 1175
658 733
658 987
659 1689
659 1581
659 979
660 1524
661 1518
661 1325
662 1361
662 1102
663 840
663 1493
664 1288
665 1648
666 1159
667 853
667 833
667 1650
668 1563
668 850
668 1242
669 1464
669 919
670 1281
670 1127
671 1553
671 1507
672 986
672 1135
673 1184
674 1446
675 1082
676 733
677 1200
677 1654
678 1332
681 1466
682 1590
682 897
682 1040
683 994
684 1560
685 1223
685 1383
686 1438
686 1078
687 809
688 1656
688 1181
688 1143
689 869
690 1686
691 1395
691 701
691 703
692 1106
693 766
694 926
694 893
695 1468
695 948
696 874
696 1116
697 1000
697 1364
697 1189
698 1587
698 721
698 1607
699 1567
700 1453
701 1025
702 849
703 1064
704 1376
704 1363
705 1110
705 1146
706 818
706 1596
707 1392
707 963
707 1187
708 897
708 1608
709 803
710 1186
710 1099
711 1158
712 776
713 771
714 1276
715 1350
715 989
716 844
716 1342
716 1046
717 1605
717 1695
718 1546
718 1571
719 1228
719 1504
720 1059
720 724
721 1507
722 1534
723 762
723 821
723 1683
724 1108
724 1047
725 831
725 868
725 1399
726 1451
726 1023
727 1638
727 1573
728 1214
730 1573
731 881
731 1283
732 739
732 1403
734 1082
734 1558
735 1522
736 866
736 1494
737 1444
737 832
737 1463
738 1551
738 1190
739 1262
740 741
740 1361
741 999
742 918
742 1129
742 1288
743 845
743 1060
743 1014
744 1438
744 846
744 1122
745 816
746 755
746 1246
746 1596
747 1442
747 1368
748 1605
749 1275
749 1202
750 1406
751 1239
752 843
753 826
753 1524
753 1506
756 772
756 910
756 1484
757 1022
757 828
758 1256
759 1191
759 1066
760 1128
760 1503
761 1581
761 1632
762 1050
762 985
763 1210
764 883
764 1382
764 1061
765 1297
766 1247
767 1055
768 1687
768 1435
768 801
769 1665
770 1313
770 1539
771 1330
773 1396
773 905
775 1537
776 1230
776 1681
777 1694
777 1582
778 1418
778 1472
779 1675
779 1292
780 1580
780 1095
781 917
782 1110
782 1610
783 954
783 1165
784 1334
784 1647
785 1112
785 1311
785 1185
786 1456
787 1278
787 1425
788 1052
788 1188
789 1424
789 923
790 1291
790 1525
790 1638
791 1237
791 961
792 1604
792 1168
793 1497
793 1578
793 1248
794 1689
795 954
795 1300
796 1265
796 1324
797 1682
797 1066
798 1326
798 1096
799 889
799 1124
799 808
800 812
800 808
801 1638
802 1005
802 1061
804 1647
804 1321
806 824
807 1637
807 1632
807 1115
809 907
810 1696
811 1244
811 1365
812 1100
813 1102
813 1622
813 927
814 1412
814 1086
815 1242
816 822
817 1038
818 982
818 951
819 1353
819 1307
819 1608
820 1136
820 843
821 953
821 1100
823 1243
823 1057
825 1264
825 848
826 1427
826 1304
827 1277
828 1109
829 971
830 1680
830 1021
831 1001
832 1627
832 1167
833 1671
834 1235
834 1226
834 845
835 987
835 1052
836 1603
836 1065
838 1126
838 1474
838 1389
839 1611
840 942
841 1354
841 1696
841 1233
842 1387
842 925
843 1010
844 1497
844 1567
845 1675
846 1062
848 857
848 1210
850 960
851 1036
851 988
852 1224
852 1370
853 937
853 1416
854 1625
854 1655
855 1336
855 858
855 1092
857 1068
858 1697
859 1409
859 1471
860 1659
861 878
861 1202
862 1586
863 1051
863 919
864 1478
864 1169
865 1486
865 1302
866 1004
867 1525
867 1143
868 1433
869 1161
869 871
870 1699
870 1308
872 1545
873 1172
874 1333
875 1364
875 1630
876 1367
876 1192
877 1196
877 1617
877 1386
879 1109
879 1181
881 1565
881 1257
882 1051
883 1440
884 1551
885 1536
887 1243
887 1195
887 1296
888 1628
890 1327
890 1331
890 916
891 1313
891 1552
891 1368
892 1619
893 1465
894 1452
894 1533
895 1076
896 1346
898 1051
898 1360
898 1297
899 1668
899 1188
900 1056
900 1423
900 1296
901 1613
901 1440
902 1636
902 1204
902 1045
903 1078
903 1294
904 1603
904 1144
904 1013
905 1263
906 1554
906 1221
906 1697
907 1041
907 1048
908 1614
908 1021
908 1697
909 1440
909 1154
910 1530
910 1634
911 933
912 1573
912 1258
913 1435
913 1578
914 1628
914 1024
914 1116
915 1402
916 1128
916 1483
918 1134
920 1341
920 979
921 1041
922 1397
922 1398
923 1561
924 1053
924 1264
925 1630
925 1641
926 1603
926 1620
927 1531
928 1506
928 1079
928 963
929 1133
929 1187
930 1461
931 1012
931 1040
933 1225
934 1329
935 1677
935 1028
935 1375
936 1238
937 1203
937 1192
938 1343
938 992
939 1159
940 1044
942 956
942 1225
943 1264
943 1137
944 1631
944 1374
946 1582
946 1455
947 1532
947 1370
947 1186
948 1211
949 1629
950 1245
950 1358
950 1433
951 1698
952 1238
952 1067
953 1698
954 1319
955 1548
956 1549
956 1404
957 1107
957 958
957 1366
959 1235
960 1406
960 1504
961 1601
962 1398
962 1128
963 1501
964 1645
965 1111
965 1293
966 1341
966 972
967 1050
967 1450
967 1583
968 1650
969 1558
970 1597
970 1103
971 1037
972 1392
972 1459
973 1401
974 1680
974 1065
975 1024
976 1644
977 1289
977 1058
978 1305
978 997
978 1283
979 1391
980 1224
980 1087
981 1089
983 1310
983 1544
984 1478
986 1003
986 1414
987 1513
988 1001
989 1529
990 1315
990 1694
991 1218
992 1161
993 1085
995 1379
996 1167
997 1633
997 1004
998 1584
998 1257
999 1485
999 1246
1000 1480
1001 1516
1002 1160
1002 1459
1003 1531
1005 1271
1006 1502
1007 1062
1007 1343
1008 1399
1010 1133
1015 1434
1015 1194
1016 1324
1016 1694
1017 1354
1018 1038
1019 1115
1020 1093
1022 1458
1022 1031
1023 1055
1023 1456
1025 1445
1026 1362
1028 1230
1030 1393
1030 1359
1031 1468
1032 1521
1032 1072
1032 1435
1033 1597
1033 1083
1033 1208
1034 1328
1035 1634
1035 1400
1036 1557
1036 1141
1037 1622
1039 1153
1039 1206
1042 1503
1043 1053
1043 1419
1044 1352
1045 1322
1047 1053
1048 1382
1049 1654
1050 1082
1054 1238
1056 1593
1056 1451
1057 1539
1057 1178
1058 1659
1058 1423
1059 1696
1060 1351
1060 1467
1062 1308
1063 1166
1063 1482
1064 1584
1067 1251
1068 1413
1069 1268
1069 1477
1071 1326
1071 1340
1072 1330
1072 1292
1074 1389
1075 1430
1075 1414
1076 1373
1076 1083
1078 1589
1079 1367
1079 1111
1080 1272
1080 1210
1084 1116
1084 1564
1085 1609
1086 1674
1088 1119
1089 1220
1089 1255
1090 1628
1091 1679
1091 1348
1092 1402
1093 1260
1094 1235
1094 1655
1096 1359
1097 1593
1097 1621
1097 1559
1098 1649
1098 1125
1099 1660
1101 1530
1101 1158
1104 1568
1104 1332
1105 1570
1106 1385
1107 1606
1108 1620
1109 1460
1110 1247
1111 1473
1112 1635
1113 1254
1114 1557
1115 1309
1117 1444
1117 1131
1118 1567
1119 1390
1120 1553
1121 1584
1122 1607
1123 1330
1123 1568
1124 1270
1127 1468
1131 1477
1132 1681
1134 1615
1135 1159
1138 1678
1139 1511
1139 1357
1140 1430
1140 1160
1141 1494
1142 1590
1142 1290
1145 1684
1146 1229
1147 1373
1147 1219
1149 1369
1150 1522
1150 1223
1151 1278
1151 1664
1152 1211
1153 1335
1155 1311
1156 1384
1156 1464
1156 1542
1157 1302
1157 1422
1158 1215
1161 1326
1162 1312
1163 1227
1163 1240
1164 1179
1164 1635
1166 1663
1166 1171
1168 1421
1169 1447
1170 1379
1170 1611
1170 1200
1172 1193
1173 1572
1173 1410
1174 1339
1175 1566
1176 1438
1176 1510
1176 1633
1177 1305
1178 1355
1179 1566
1180 1212
1180 1313
1181 1298
1183 1406
1184 1306
1184 1543
1185 1446
1185 1237
1187 1363
1190 1369
1190 1287
1192 1658
1194 1690
1195 1561
1197 1266
1197 1415
1198 1471
1199 1416
1199 1448
1201 1463
1204 1565
1205 1625
1205 1408
1208 1507
1213 1417
1213 1480
1214 1569
1214 1339
1216 1676
1216 1505
1217 1631
1218 1279
1219 1234
1221 1627
1222 1391
1225 1487
1227 1526
1228 1395
1228 1688
1230 1548
1231 1623
1232 1236
1232 1260
1234 1571
1237 1548
1241 1449
1241 1664
1243 1564
1247 1515
1250 1414
1251 1366
1251 1408
1252 1405
1252 1611
1252 1561
1253 1599
1256 1334
1256 1641
1259 1673
1261 1645
1262 1458
1262 1595
1265 1285
1265 1527
1266 1600
1267 1601
1267 1420
1268 1623
1269 1428
1271 1597
1272 1433
1273 1395
1274 1455
1274 1437
1277 1601
1278 1410
1280 1588
1281 1663
1282 1447
1283 1325
1285 1445
1286 1495
1286 1529
1286 1388
1290 1434
1291 1488
1292 1647
1293 1489
1295 1689
1296 1512
1297 1576
1298 1615
1299 1532
1299 1401
1300 1511
1303 1547
1306 1645
1307 1445
1309 1679
1310 1504
1312 1523
1316 1319
1319 1397
1320 1621
1322 1442
1323 1655
1325 1587
1328 1356
1329 1671
1333 1373
1335 1568
1337 1574
1337 1698
1339 1402
1340 1349
1341 1502
1344 1407
1345 1481
1346 1441
1347 1542
1349 1451
1349 1656
1351 1462
1354 1413
1355 1676
1356 1403
1357 1488
1357 1678
1358 1560
1358 1535
1360 1556
1360 1483
1362 1688
1366 1692
1371 1518
1372 1691
1372 1427
1374 1690
1375 1598
1376 1529
1378 1614
1378 1416
1379 1687
1380 1602
1381 1541
1381 1646
1381 1669
1384 1668
1385 1390
1385 1643
1386 1518
1389 1686
1390 1477
1391 1509
1392 1465
1393 1564
1394 1436
1394 1691
1396 1526
1400 1612
1405 1473
1411 1570
1411 1552
1415 1513
1417 1461
1418 1499
1419 1444
1422 1684
1425 1572
1426 1630
1427 1495
1428 1613
1428 1616
1429 1448
1432 1606
1432 1599
1436 1666
1439 1523
1453 1510
1455 1485
1462 1475
1463 1598
1465 1521
1466 1604
1467 1585
1469 1475
1471 1686
1473 1553
1476 1484
1479 1509
1480 1693
1481 1690
1483 1519
1484 1666
1486 1616
1489 1562
1490 1562
1492 1617
1495 1599
1496 1639
1499 1581
1500 1505
1501 1583
1508 1617
1514 1574
1516 1527
1519 1637
1524 1528
1528 1565
1532 1540
1533 1576
1538 1693
1538 1594
1540 1629
1542 1653
1543 1594
1543 1664
1549 1676
1550 1680
1557 1652
1559 1649
1577 1685
1577 1624
1580 1667
1586 1595
1592 1646
1598 1635
1604 1639
1607 1646
1612 1687
1613 1615
1618 1640
1620 1670
1621 1631
1624 1653
1626 1674
1626 1643
1636 1677
