0 102
0 81
0 26
1 144
1 192
1 45
2 48
2 182
2 53
3 184
3 94
3 25
4 183
4 152
4 51
5 137
5 33
5 154
6 61
6 164
6 78
7 122
7 112
7 91
8 194
8 131
8 149
9 90
9 133
9 78
10 167
10 87
10 13
11 183
11 59
11 127
12 173
12 95
12 185
13 73
13 159
14 184
14 126
14 107
15 55
15 112
15 114
16 110
16 196
16 61
17 62
17 29
17 49
18 26
18 125
18 22
19 105
19 141
19 191
20 149
20 137
20 176
21 82
21 36
21 161
22 39
22 71
23 104
23 124
23 55
24 172
24 160
24 93
25 88
25 66
26 31
27 86
27 67
27 158
28 124
28 100
28 47
29 67
29 39
30 46
30 189
30 103
31 157
31 144
32 73
32 171
32 86
33 156
33 183
34 195
34 64
34 59
35 42
35 197
35 120
36 170
36 103
37 170
37 87
37 190
38 142
38 110
38 108
39 88
40 198
40 150
40 92
41 156
41 82
41 56
42 108
42 135
43 89
43 98
43 175
44 118
44 145
44 163
45 132
45 159
46 120
46 49
47 70
47 152
48 136
48 140
49 64
50 63
50 193
50 117
51 109
51 97
52 165
52 64
52 77
53 189
53 85
54 181
54 80
54 127
55 96
56 167
56 144
57 122
57 115
57 158
58 133
58 72
58 157
59 167
60 147
60 190
60 123
61 147
62 140
62 178
63 161
63 68
65 152
65 188
65 71
66 118
66 138
67 109
68 170
68 174
69 146
69 139
69 178
70 73
70 146
71 92
72 141
72 101
74 180
74 191
74 172
75 181
75 192
75 169
76 104
76 115
76 119
77 154
77 82
78 154
79 99
79 142
79 186
80 129
80 93
81 98
81 84
83 197
83 141
83 100
84 187
84 175
85 107
85 138
86 151
87 161
88 162
89 134
89 120
90 162
90 134
91 123
91 188
92 124
93 99
94 162
94 125
95 182
95 193
96 178
96 175
97 132
97 125
98 163
99 136
100 143
101 163
101 197
102 128
102 155
103 166
104 194
105 133
105 150
106 139
106 180
106 111
107 147
108 119
109 117
110 155
111 148
111 145
112 122
113 116
113 173
113 150
114 179
114 139
115 186
116 128
116 123
117 118
119 121
121 176
121 130
126 176
126 169
127 193
128 132
129 166
129 174
130 182
130 177
131 195
131 153
134 157
135 168
135 164
136 199
137 165
138 145
140 195
142 177
143 156
143 153
146 158
148 188
148 160
149 151
151 159
153 165
155 189
160 168
164 194
166 180
168 199
169 185
171 181
171 196
172 185
173 174
177 198
179 187
179 184
186 198
187 192
190 199
191 196
