0 217
0 871
0 825
1 163
1 926
1 873
2 474
2 90
2 523
3 168
3 124
3 389
4 449
4 837
4 241
5 266
5 91
5 633
6 184
6 858
6 929
7 649
7 609
7 360
8 144
8 476
8 492
9 504
9 850
9 774
10 874
10 311
10 775
11 807
11 741
11 397
12 718
12 319
12 616
13 342
13 732
13 327
14 171
14 30
14 297
15 974
15 149
15 747
16 65
16 564
16 800
17 709
17 68
17 211
18 981
18 441
18 773
19 503
19 343
19 468
20 920
20 351
20 76
21 296
21 397
21 982
22 386
22 893
22 78
23 255
23 918
23 756
24 97
24 110
24 939
25 290
25 603
25 88
26 271
26 274
26 273
27 584
27 432
27 991
28 95
28 96
28 509
29 640
29 137
29 524
30 944
30 978
31 269
31 223
31 48
32 723
32 660
32 253
33 184
33 937
33 112
34 275
34 123
34 488
35 859
35 121
35 876
36 799
36 521
36 589
37 368
37 413
37 120
38 765
38 590
38 724
39 851
39 936
39 347
40 189
40 993
40 446
41 536
41 165
41 733
42 525
42 875
42 484
43 179
43 537
43 572
44 323
44 381
44 933
45 405
45 97
45 462
46 952
46 526
46 56
47 359
47 703
47 103
48 630
48 418
49 922
49 153
49 359
50 772
50 521
50 932
51 313
51 737
51 275
52 144
52 854
52 677
53 261
53 178
53 697
54 836
54 605
54 262
55 888
55 586
55 402
56 81
56 571
57 879
57 881
57 63
58 450
58 132
58 88
59 166
59 565
59 877
60 396
60 774
60 361
61 658
61 583
61 98
62 528
62 760
62 255
63 814
63 419
64 522
64 914
64 510
65 685
65 721
66 946
66 717
66 994
67 508
67 441
67 642
68 463
68 697
69 760
69 368
69 456
70 131
70 701
70 138
71 967
71 306
71 621
72 329
72 407
72 467
73 911
73 638
73 183
74 419
74 835
74 151
75 909
75 679
75 353
76 694
76 78
77 684
77 706
77 780
78 745
79 674
79 279
79 635
80 235
80 602
80 880
81 478
81 549
82 159
82 898
82 298
83 395
83 460
83 665
84 887
84 614
84 310
85 237
85 131
85 922
86 700
86 648
86 641
87 394
87 717
87 570
88 626
89 441
89 921
89 451
90 925
90 598
91 319
91 220
92 191
92 115
92 118
93 274
93 303
93 792
94 158
94 226
94 222
95 567
95 915
96 447
96 568
97 422
98 369
98 794
99 293
99 199
99 753
100 821
100 162
100 933
101 142
101 585
101 601
102 305
102 599
102 147
103 114
103 718
104 188
104 706
104 952
105 298
105 146
105 466
106 790
106 207
106 945
107 552
107 588
107 114
108 568
108 296
108 538
109 916
109 973
109 898
110 181
110 457
111 202
111 961
111 479
112 896
112 668
113 129
113 717
113 520
114 194
115 713
115 882
116 966
116 582
116 187
117 425
117 715
117 563
118 802
118 652
119 653
119 940
119 930
120 545
120 931
121 867
121 440
122 622
122 173
122 434
123 863
123 746
124 231
124 705
125 795
125 531
125 960
126 926
126 608
126 810
127 636
127 724
127 649
128 288
128 643
128 518
129 188
129 551
130 942
130 627
130 396
131 356
132 669
132 953
133 482
133 484
133 185
134 218
134 311
134 623
135 482
135 208
135 401
136 170
136 751
136 785
137 824
137 343
138 604
138 445
139 176
139 793
139 357
140 473
140 309
140 901
141 782
141 391
141 766
142 335
142 218
143 287
143 536
143 987
144 682
145 633
145 675
145 867
146 768
146 651
147 748
147 430
148 665
148 415
148 540
149 590
149 681
150 736
150 520
150 290
151 790
151 806
152 328
152 311
152 698
153 251
153 758
154 763
154 555
154 513
155 924
155 858
155 739
156 539
156 672
156 547
157 940
157 856
157 417
158 368
158 726
159 279
159 337
160 853
160 684
160 654
161 634
161 275
161 166
162 946
162 365
163 919
163 450
164 591
164 905
164 950
165 344
165 930
166 923
167 381
167 297
167 838
168 768
168 983
169 635
169 934
169 512
170 730
170 687
171 483
171 476
172 498
172 489
172 691
173 365
173 755
174 385
174 300
174 458
175 989
175 350
175 420
176 655
176 320
177 621
177 327
177 582
178 586
178 943
179 997
179 884
180 269
180 657
180 696
181 974
181 547
182 468
182 857
182 431
183 556
183 987
184 398
185 507
185 840
186 945
186 836
186 803
187 848
187 646
188 530
189 502
189 459
190 752
190 481
190 965
191 863
191 259
192 489
192 903
192 209
193 472
193 557
193 524
194 584
194 662
195 509
195 670
195 218
196 834
196 950
196 805
197 224
197 992
197 330
198 881
198 847
198 678
199 680
199 642
200 686
200 667
200 394
201 956
201 506
201 818
202 240
202 962
203 387
203 477
203 367
204 389
204 951
204 483
205 917
205 322
205 701
206 459
206 546
206 470
207 574
207 657
208 855
208 627
209 708
209 925
210 225
210 719
210 304
211 293
211 823
212 882
212 963
212 216
213 234
213 910
213 652
214 424
214 401
214 358
215 271
215 729
215 931
216 797
216 341
217 638
217 344
219 877
219 392
219 750
220 498
220 665
221 768
221 256
221 719
222 904
222 780
223 429
223 514
224 963
224 693
225 760
225 268
226 834
226 923
227 305
227 862
227 453
228 679
228 361
228 495
229 767
229 386
229 716
230 499
230 727
230 707
231 416
231 991
232 247
232 817
232 518
233 348
233 236
233 437
234 815
234 600
235 787
235 402
236 830
236 942
237 885
237 701
238 516
238 949
238 357
239 495
239 964
239 908
240 747
240 620
241 488
241 913
242 841
242 840
242 734
243 477
243 984
243 373
244 466
244 613
244 723
245 357
245 851
245 493
246 448
246 574
246 530
247 544
247 433
248 713
248 980
248 923
249 871
249 267
249 278
250 694
250 585
250 695
251 653
251 468
252 325
252 286
252 696
253 751
253 812
254 968
254 741
254 831
255 785
256 554
256 657
257 914
257 550
257 754
258 442
258 828
258 913
259 265
259 646
260 377
260 573
260 332
261 519
261 371
262 724
262 769
263 853
263 823
263 716
264 284
264 725
264 553
265 888
265 367
266 548
266 753
267 911
267 345
268 352
268 709
269 404
270 430
270 596
270 674
271 672
272 644
272 779
272 969
273 918
273 578
274 447
276 596
276 873
276 591
277 964
277 302
277 504
278 507
278 496
279 796
280 333
280 766
280 365
281 650
281 909
281 490
282 372
282 879
282 575
283 556
283 742
283 692
284 737
284 958
285 833
285 736
285 412
286 975
286 392
287 763
287 643
288 629
288 306
289 616
289 817
289 809
290 731
291 500
291 967
291 893
292 942
292 370
292 969
293 402
294 410
294 972
294 956
295 977
295 928
295 876
296 331
297 953
298 892
299 425
299 670
299 573
300 548
300 336
301 371
301 495
301 375
302 584
302 659
303 525
303 436
304 758
304 534
305 999
306 427
307 752
307 744
307 778
308 587
308 393
308 690
309 422
309 358
310 944
310 662
312 920
312 659
312 897
313 692
313 957
314 789
314 671
314 759
315 583
315 792
315 740
316 566
316 908
316 725
317 562
317 807
317 755
318 448
318 485
318 720
319 914
320 460
320 600
321 469
321 574
321 558
322 976
322 714
323 978
323 908
324 587
324 962
324 869
325 796
325 868
326 820
326 438
326 330
327 437
328 737
328 646
329 833
329 512
330 919
331 393
331 781
332 575
332 597
333 718
333 354
334 955
334 654
334 997
335 730
335 736
336 740
336 517
337 530
337 546
338 762
338 844
338 384
339 541
339 982
339 941
340 845
340 967
340 870
341 842
341 548
342 683
342 668
343 636
344 433
345 990
345 650
346 611
346 802
346 423
347 594
347 828
348 475
348 487
349 678
349 462
349 577
350 527
350 813
351 681
351 861
352 454
352 564
353 827
353 685
354 788
354 889
355 371
355 659
355 901
356 710
356 934
358 594
359 803
360 696
360 730
361 438
362 775
362 844
362 640
363 436
363 581
363 984
364 757
364 725
364 692
366 708
366 503
366 729
367 462
369 959
369 941
370 648
370 605
372 655
372 615
373 795
373 655
374 995
374 998
374 427
375 387
375 993
376 837
376 895
376 688
377 846
377 859
378 988
378 529
378 872
379 899
379 418
379 826
380 720
380 722
380 693
381 552
382 890
382 991
382 861
383 560
383 582
383 423
384 761
384 819
385 728
385 589
386 555
387 435
388 671
388 865
388 793
389 541
390 497
390 427
390 713
391 608
391 804
392 622
393 426
394 897
395 921
395 625
396 596
397 480
398 995
398 661
399 965
399 515
399 506
400 649
400 432
400 698
401 986
403 451
403 702
403 404
404 475
405 599
405 523
406 826
406 828
406 415
407 624
407 505
408 750
408 455
408 954
409 535
409 493
409 553
410 624
410 759
411 467
411 645
411 558
412 866
412 911
413 996
413 852
414 888
414 816
414 532
415 798
416 969
416 545
417 903
417 508
418 588
419 899
420 537
420 849
421 927
421 569
421 849
422 950
423 607
424 983
424 681
425 806
426 602
426 936
428 994
428 542
428 918
429 847
429 904
430 748
431 619
431 464
432 711
433 976
434 463
434 907
435 561
435 444
436 540
437 723
438 928
439 935
439 645
439 856
440 951
440 745
442 966
442 857
443 704
443 516
443 960
444 577
444 880
445 996
445 528
446 813
446 947
447 595
448 910
449 485
449 507
450 752
451 691
452 505
452 496
452 822
453 550
453 994
454 676
454 532
455 996
455 491
456 742
456 820
457 662
457 465
458 611
458 472
459 870
460 620
461 843
461 471
461 529
463 615
464 747
464 966
465 637
465 915
466 864
467 798
469 782
469 900
470 486
470 632
471 872
471 664
472 986
473 830
473 683
474 854
474 891
475 561
476 771
477 603
478 982
478 487
479 653
479 637
480 812
480 819
481 591
481 739
482 612
483 841
484 804
485 687
486 761
486 703
487 814
488 666
489 756
490 886
490 801
491 761
491 616
492 501
492 755
493 607
494 600
494 734
494 791
496 727
497 893
497 774
498 721
499 564
499 762
500 790
500 510
501 667
501 873
502 585
502 557
503 549
504 896
505 889
506 777
508 719
509 912
510 593
511 777
511 595
511 542
512 865
513 829
513 773
514 592
514 559
515 933
515 901
516 562
517 708
517 840
518 561
519 925
519 816
520 856
521 680
522 884
522 812
523 666
524 770
525 764
526 688
526 784
527 951
527 592
528 634
529 626
531 948
531 676
532 915
533 854
533 663
533 766
534 580
534 783
535 699
535 973
536 868
537 763
538 702
538 980
539 831
539 661
540 656
541 550
542 625
543 690
543 948
543 627
544 571
544 685
545 648
546 625
547 773
549 882
551 992
551 851
552 852
553 999
554 693
554 875
555 610
556 643
557 652
558 565
559 801
559 617
560 864
560 928
562 580
563 977
563 787
565 934
566 791
566 721
567 817
567 974
568 917
569 712
569 898
570 618
570 941
571 720
572 990
572 868
573 651
575 731
576 675
576 843
576 811
577 891
578 993
578 839
579 764
579 601
579 883
580 645
581 714
581 848
583 663
586 785
587 973
588 597
589 916
590 821
592 740
593 776
593 709
594 612
595 981
597 892
598 921
598 939
599 814
601 970
602 975
603 797
604 874
604 744
605 666
606 861
606 853
606 608
607 927
609 631
609 745
610 836
610 985
611 877
612 894
613 887
613 629
614 779
614 647
615 710
617 799
617 694
618 912
618 735
619 890
619 675
620 733
621 825
622 935
623 669
623 845
624 946
626 900
628 842
628 818
628 906
629 995
630 639
630 699
631 742
631 999
632 989
632 831
633 938
634 826
635 886
636 804
637 818
638 867
639 919
639 705
640 990
641 916
641 739
642 955
644 998
644 815
647 660
647 862
650 891
651 811
654 687
656 663
656 682
658 943
658 797
660 811
661 667
664 860
664 710
668 906
669 813
670 981
671 809
672 707
673 850
673 986
673 743
674 997
676 968
677 984
677 985
678 972
679 977
680 743
682 956
683 704
684 762
686 979
686 746
688 902
689 864
689 878
689 759
690 947
691 798
695 770
695 796
697 947
698 776
699 822
700 769
700 751
702 937
703 777
704 772
705 738
706 748
707 886
711 895
711 975
712 825
712 917
714 837
715 800
715 872
716 927
722 958
722 794
726 764
726 892
727 885
728 775
728 792
729 913
731 800
732 744
732 786
733 972
734 900
735 970
735 897
738 961
738 869
741 829
743 962
746 926
749 978
749 805
749 839
750 964
753 842
754 815
754 957
756 802
757 765
757 876
758 902
765 810
767 781
767 881
769 890
770 859
771 955
771 945
772 846
776 823
778 904
778 989
779 781
780 957
782 858
783 795
783 865
784 808
784 869
786 788
786 944
787 924
788 954
789 894
789 808
791 821
793 847
794 878
799 931
801 857
803 912
805 838
806 985
807 938
808 863
809 932
810 839
816 988
819 987
820 971
822 884
824 850
824 938
827 866
827 905
829 830
832 920
832 887
832 936
833 895
834 979
835 855
835 943
838 844
841 870
843 988
845 903
846 940
848 875
849 909
852 976
855 879
860 878
860 929
862 883
866 874
871 953
880 971
883 960
885 968
889 905
894 932
896 907
899 910
902 935
906 958
907 948
922 959
924 983
929 937
930 949
939 963
949 970
952 980
954 971
959 992
961 965
979 998
