0 474
0 572
0 145
1 207
1 350
1 166
2 329
2 93
2 46
3 419
3 97
3 32
4 370
4 266
4 148
5 157
5 314
5 379
6 391
6 92
6 180
7 38
7 228
7 450
8 69
8 21
8 462
9 507
9 22
9 361
10 224
10 497
10 208
11 283
11 336
11 425
12 453
12 589
12 418
13 181
13 136
13 37
14 65
14 445
14 45
15 230
15 205
15 251
16 203
16 221
16 57
17 470
17 194
17 445
18 114
18 91
18 326
19 330
19 469
19 158
20 169
20 307
20 237
21 105
21 330
22 367
22 433
23 347
23 549
23 242
24 204
24 211
24 94
25 582
25 480
25 421
26 150
26 517
26 217
27 349
27 421
27 545
28 363
28 343
28 435
29 207
29 285
29 563
30 319
30 518
30 81
31 486
31 216
31 307
32 128
32 456
33 459
33 63
33 248
34 140
34 367
34 96
35 556
35 337
35 480
36 135
36 534
36 398
37 376
37 153
38 279
38 214
39 558
39 268
39 560
40 427
40 206
40 385
41 280
41 585
41 468
42 355
42 173
42 246
43 408
43 81
43 117
44 436
44 301
44 556
45 281
45 460
46 60
46 482
47 549
47 381
47 79
48 133
48 428
48 284
49 221
49 86
49 192
50 482
50 441
50 533
51 352
51 462
51 498
52 424
52 479
52 277
53 522
53 447
53 553
54 367
54 264
54 513
55 543
55 328
55 247
56 259
56 290
56 372
57 189
57 263
58 453
58 130
58 366
59 225
59 298
59 266
60 194
60 508
61 442
61 78
61 297
62 407
62 205
62 214
63 92
63 211
64 308
64 166
64 444
65 384
65 235
66 112
66 599
66 472
67 239
67 502
67 590
68 484
68 488
68 576
69 186
69 537
70 206
70 560
70 470
71 309
71 519
71 379
72 137
72 267
72 202
73 597
73 331
73 521
74 460
74 304
74 80
75 518
75 109
75 322
76 102
76 558
76 396
77 346
77 144
77 374
78 316
78 363
79 412
79 383
80 337
80 547
81 258
82 250
82 152
82 475
83 321
83 278
83 566
84 520
84 597
84 178
85 256
85 150
85 225
86 489
86 461
87 265
87 121
87 373
88 594
88 538
88 541
89 249
89 197
89 139
90 488
90 277
90 568
91 248
91 340
92 277
93 128
93 360
94 500
94 350
95 388
95 578
95 159
96 345
96 570
97 346
97 198
98 395
98 392
98 122
99 233
99 299
99 165
100 305
100 219
100 409
101 540
101 516
101 104
102 364
102 339
103 199
103 285
103 441
104 149
104 271
105 108
105 428
106 584
106 431
106 440
107 211
107 203
107 184
108 532
108 109
109 274
110 234
110 373
110 386
111 347
111 472
111 158
112 256
112 117
113 192
113 502
113 477
114 155
114 192
115 127
115 486
115 387
116 210
116 423
116 427
117 451
118 375
118 123
118 406
119 313
119 592
119 384
120 163
120 482
120 351
121 238
121 362
122 380
122 439
123 172
123 446
124 421
124 187
124 222
125 377
125 232
125 561
126 224
126 466
126 469
127 447
127 227
128 189
129 252
129 349
129 157
130 167
130 390
131 528
131 402
131 410
132 471
132 331
132 594
133 474
133 590
134 503
134 404
134 262
135 439
135 490
136 450
136 574
137 418
137 305
138 434
138 196
138 358
139 227
139 281
140 312
140 310
141 272
141 536
141 266
142 308
142 512
142 551
143 331
143 195
143 282
144 478
144 431
145 284
145 545
146 300
146 415
146 478
147 227
147 457
147 311
148 257
148 537
149 576
149 529
150 342
151 444
151 430
151 295
152 165
152 479
153 293
153 532
154 319
154 371
154 571
155 432
155 247
156 163
156 371
156 514
157 366
158 455
159 410
159 435
160 547
160 293
160 492
161 316
161 554
161 548
162 382
162 210
162 175
163 317
164 595
164 576
164 216
165 577
166 359
167 433
167 197
168 217
168 234
168 279
169 323
169 174
170 581
170 553
170 334
171 464
171 463
171 299
172 501
172 565
173 560
173 510
174 377
174 353
175 508
175 286
176 335
176 403
176 241
177 504
177 237
177 563
178 229
178 349
179 368
179 209
179 414
180 568
180 352
181 527
181 473
182 561
182 325
182 409
183 270
183 201
183 244
184 233
184 464
185 534
185 262
185 446
186 557
186 453
187 222
187 311
188 591
188 263
188 253
189 360
190 318
190 531
190 437
191 579
191 272
191 257
193 251
193 381
193 358
194 394
195 316
195 283
196 334
196 541
197 301
198 225
198 457
199 263
199 242
200 550
200 393
200 463
201 312
201 535
202 403
202 551
203 314
204 244
204 574
205 556
206 219
207 291
208 246
208 264
209 468
209 413
210 526
212 333
212 420
212 275
213 512
213 457
213 340
214 317
215 408
215 519
215 485
216 467
217 398
218 310
218 356
218 341
219 442
220 261
220 344
220 599
221 596
222 499
223 291
223 510
223 483
224 271
226 573
226 294
226 401
228 490
228 567
229 505
229 338
230 269
230 273
231 404
231 500
231 509
232 269
232 429
233 435
234 420
235 293
235 329
236 327
236 414
236 395
237 552
238 416
238 459
239 574
239 425
240 493
240 542
240 544
241 564
241 411
242 598
243 320
243 337
243 471
244 551
245 423
245 297
245 434
246 283
247 380
248 581
249 533
249 519
250 412
250 368
251 526
252 530
252 477
253 509
253 598
254 405
254 344
254 398
255 429
255 526
255 577
256 498
257 469
258 516
258 315
259 597
259 535
260 444
260 511
260 515
261 268
261 401
262 365
264 365
265 378
265 583
267 358
267 296
268 375
269 315
270 507
270 294
271 531
272 276
273 348
273 336
274 528
274 496
275 379
275 470
276 521
276 404
278 514
278 386
279 356
280 328
280 596
281 408
282 449
282 544
284 321
285 397
286 355
286 471
287 452
287 438
287 525
288 481
288 549
288 497
289 357
289 557
289 536
290 594
290 504
291 335
292 476
292 332
292 411
294 543
295 411
295 492
296 386
296 376
297 397
298 336
298 426
299 388
300 494
300 313
301 442
302 455
302 418
302 497
303 586
303 427
303 593
304 569
304 432
305 372
306 465
306 510
306 593
307 538
308 351
309 378
309 346
310 567
311 489
312 473
313 387
314 596
315 391
317 333
318 501
318 573
319 454
320 558
320 517
321 387
322 376
322 500
323 377
323 458
324 505
324 410
324 525
325 428
325 417
326 481
326 353
327 431
327 523
328 463
329 555
330 422
332 559
332 520
333 399
334 494
335 496
338 449
338 443
339 569
339 514
340 391
341 402
341 354
342 475
342 493
343 473
343 389
344 392
345 509
345 456
347 437
348 524
348 424
350 489
351 385
352 461
353 508
354 434
354 539
355 389
356 426
357 448
357 503
359 380
359 546
360 458
361 438
361 543
362 542
362 555
363 585
364 402
364 483
365 422
366 589
368 540
369 559
369 422
369 401
370 552
370 498
371 406
372 554
373 476
374 534
374 454
375 578
378 538
381 568
382 520
382 522
383 486
383 409
384 445
385 548
388 491
389 562
390 581
390 400
392 587
393 537
393 494
394 415
394 570
395 586
396 490
396 464
397 491
399 451
399 412
400 447
400 437
403 499
405 587
405 506
406 595
407 582
407 524
413 452
413 591
414 456
415 565
416 467
416 492
417 487
417 533
419 436
419 586
420 458
423 487
424 582
425 439
426 592
429 550
430 599
430 548
432 529
433 535
436 531
438 591
440 564
440 580
441 572
443 542
443 485
446 507
448 466
448 511
449 587
450 541
451 566
452 522
454 573
455 578
459 524
460 478
461 570
462 575
465 563
465 553
466 515
467 523
468 555
472 485
474 496
475 546
476 572
477 540
479 493
480 513
481 488
483 552
484 580
484 592
487 502
491 532
495 588
495 523
495 521
499 545
501 561
503 506
504 525
505 506
511 593
512 539
513 516
515 539
517 546
518 588
527 577
527 579
528 536
529 562
530 564
530 562
544 550
547 583
554 579
557 583
559 584
565 575
566 571
567 585
569 589
571 598
575 580
584 595
588 590
