0 1329
0 877
0 526
1 983
1 344
1 1036
2 635
2 402
2 247
3 328
3 1159
3 422
4 102
4 130
4 306
5 1119
5 442
5 1338
6 538
6 89
6 246
7 396
7 1358
7 238
8 1104
8 1327
8 834
9 1048
9 1303
9 1280
10 345
10 1265
10 74
11 840
11 1090
11 307
12 311
12 901
12 63
13 1385
13 1241
13 1222
14 922
14 210
14 650
15 1301
15 654
15 910
16 623
16 523
16 634
17 1101
17 112
17 1172
18 593
18 314
18 633
19 385
19 985
19 1292
20 516
20 475
20 176
21 369
21 126
21 172
22 404
22 636
22 186
23 954
23 558
23 62
24 684
24 1027
24 39
25 126
25 128
25 1276
26 1179
26 255
26 1043
27 1201
27 388
27 1108
28 963
28 672
28 1281
29 1217
29 249
29 89
30 522
30 756
30 1335
31 1074
31 1287
31 827
32 58
32 938
32 878
33 489
33 299
33 1171
34 865
34 437
34 211
35 1354
35 107
35 623
36 51
36 1398
36 664
37 698
37 984
37 1319
38 924
38 1316
38 369
39 153
39 1146
40 924
40 1378
40 1042
41 473
41 1006
41 578
42 973
42 1062
42 712
43 739
43 1293
43 402
44 725
44 328
44 224
45 67
45 1317
45 284
46 291
46 890
46 791
47 927
47 844
47 918
48 1250
48 395
48 1244
49 1122
49 1089
49 662
50 421
50 774
50 842
51 807
51 937
52 785
52 509
52 897
53 137
53 871
53 92
54 651
54 78
54 962
55 303
55 1126
55 1119
56 760
56 354
56 900
57 1268
57 1391
57 989
58 298
58 332
59 420
59 1217
59 1211
60 1079
60 676
60 291
61 1276
61 988
61 144
62 257
62 175
63 138
63 1175
64 145
64 700
64 329
65 146
65 907
65 903
66 359
66 846
66 243
67 1315
67 998
68 801
68 1189
68 554
69 757
69 1299
69 829
70 1191
70 516
70 627
71 98
71 1160
71 1006
72 929
72 885
72 710
73 1386
73 190
73 854
74 382
74 1217
75 876
75 814
75 873
76 925
76 1221
76 176
77 363
77 1060
77 845
78 455
78 1027
79 1204
79 1307
79 251
80 1104
80 445
80 932
81 1098
81 120
81 606
82 1165
82 718
82 644
83 117
83 1135
83 575
84 1178
84 1213
84 1117
85 590
85 440
85 1037
86 438
86 1048
86 628
87 1157
87 720
87 1294
88 158
88 356
88 449
89 987
90 774
90 168
90 544
91 705
91 195
91 921
92 612
92 1015
93 375
93 1291
93 237
94 256
94 1355
94 1269
95 762
95 1180
95 1290
96 1168
96 458
96 495
97 1385
97 584
97 1356
98 417
98 992
99 802
99 1056
99 996
100 1229
100 986
100 413
101 749
101 1295
101 866
102 164
102 549
103 447
103 139
103 108
104 415
104 751
104 1153
105 1368
105 697
105 975
106 1189
106 446
106 1165
107 740
107 406
108 1141
108 1251
109 1181
109 921
109 1112
110 1204
110 732
110 986
111 1091
111 498
111 795
112 1154
112 1180
113 778
113 889
113 718
114 1007
114 1134
114 1323
115 993
115 476
115 1184
116 1141
116 692
116 828
117 330
117 276
118 1232
118 1130
118 738
119 958
119 408
119 1084
120 815
120 1312
121 1102
121 937
121 654
122 1342
122 1015
122 674
123 991
123 889
123 1395
124 849
124 1068
124 719
125 1226
125 295
125 1025
126 1302
127 780
127 793
127 374
128 1311
128 1101
129 1007
129 834
129 970
130 1031
130 1192
131 269
131 253
131 881
132 391
132 1177
132 1288
133 1110
133 1298
133 1138
134 1135
134 1083
134 1188
135 577
135 1293
135 1263
136 955
136 200
136 1249
137 432
137 160
138 925
138 1366
139 309
139 1236
140 143
140 731
140 711
141 703
141 1233
141 313
142 507
142 186
142 1081
143 499
143 589
144 227
144 892
145 1107
145 781
146 183
146 236
147 1244
147 1198
147 1346
148 1083
148 245
148 477
149 334
149 726
149 865
150 976
150 547
150 189
151 379
151 620
151 713
152 535
152 217
152 715
153 286
153 1230
154 1253
154 945
154 250
155 1358
155 896
155 1351
156 1145
156 1179
156 932
157 603
157 214
157 384
158 1030
158 1132
159 974
159 1309
159 352
160 744
160 1116
161 464
161 1371
161 457
162 937
162 1019
162 1172
163 381
163 419
163 953
164 1067
164 1080
165 513
165 479
165 1273
166 362
166 488
166 600
167 423
167 394
167 674
168 1170
168 1245
169 1208
169 243
169 401
170 1248
170 996
170 1174
171 915
171 208
171 299
172 1027
172 667
173 615
173 1263
173 878
174 1322
174 728
174 257
175 212
175 1202
176 913
177 441
177 1059
177 1313
178 1362
178 582
178 431
179 1186
179 471
179 202
180 470
180 639
180 266
181 916
181 487
181 1168
182 1000
182 637
182 1194
183 761
183 830
184 583
184 209
184 515
185 598
185 1239
185 1052
186 411
187 658
187 379
187 526
188 307
188 1023
188 594
189 269
189 1176
190 550
190 972
191 376
191 863
191 318
192 548
192 260
192 738
193 252
193 582
193 294
194 1348
194 585
194 960
195 819
195 857
196 1394
196 338
196 764
197 954
197 1044
197 338
198 648
198 399
198 656
199 1353
199 1320
199 1292
200 536
200 430
201 673
201 810
201 1196
202 780
202 728
203 1040
203 225
203 1173
204 767
204 902
204 331
205 333
205 1074
205 351
206 949
206 1073
206 405
207 1032
207 1036
207 1053
208 787
208 599
209 1395
209 713
210 823
210 770
211 1270
211 220
212 919
212 280
213 1013
213 510
213 1305
214 1230
214 935
215 805
215 451
215 716
216 1057
216 1233
216 915
217 219
217 509
218 1144
218 488
218 1106
219 594
219 1016
220 573
220 768
221 858
221 994
221 734
222 650
222 1095
222 371
223 351
223 1247
223 808
224 707
224 1350
225 271
225 691
226 841
226 961
226 669
227 1132
227 484
228 1149
228 737
228 1267
229 637
229 517
229 1389
230 764
230 259
230 781
231 754
231 1396
231 795
232 397
232 1050
232 1282
233 782
233 814
233 663
234 418
234 552
234 1084
235 591
235 607
235 886
236 1337
236 239
237 903
237 1091
238 1364
238 363
239 501
239 468
240 1330
240 1254
240 1194
241 354
241 1054
241 1125
242 490
242 645
242 1220
243 271
244 576
244 577
244 281
245 863
245 285
246 279
246 1161
247 1351
247 1056
248 317
248 737
248 333
249 1211
249 506
250 1370
250 347
251 1126
251 556
252 1372
252 272
253 1030
253 589
254 474
254 1338
254 1171
255 1049
255 515
256 972
256 952
257 1152
258 862
258 566
258 460
259 1001
259 810
260 907
260 1258
261 479
261 360
261 965
262 335
262 570
262 1243
263 360
263 1332
263 365
264 1072
264 642
264 703
265 844
265 736
265 1223
266 1255
266 874
267 1378
267 367
267 1308
268 1297
268 1077
268 529
269 1367
270 904
270 312
270 1364
271 1237
272 787
272 1068
273 1043
273 377
273 1085
274 941
274 767
274 1100
275 474
275 874
275 480
276 982
276 976
277 1252
277 646
277 832
278 1250
278 1261
278 959
279 485
279 851
280 906
280 1031
281 560
281 575
282 601
282 724
282 541
283 757
283 1251
283 948
284 433
284 1282
285 732
285 814
286 1359
286 670
287 1167
287 407
287 962
288 862
288 1081
288 1123
289 389
289 1022
289 1021
290 994
290 1030
290 933
291 662
292 1223
292 1071
292 304
293 852
293 1238
293 1140
294 828
294 749
295 1284
295 746
296 983
296 927
296 972
297 1165
297 392
297 835
298 679
298 1054
299 483
300 450
300 759
300 752
301 1255
301 566
301 356
302 987
302 1133
302 1193
303 1354
303 331
304 398
304 1107
305 490
305 633
305 1299
306 1133
306 1098
307 422
308 587
308 660
308 682
309 999
309 672
310 463
310 704
310 585
311 592
311 702
312 545
312 1021
313 429
313 1247
314 666
314 802
315 348
315 1331
315 1268
316 356
316 1097
316 1266
317 1153
317 1008
318 981
318 321
319 450
319 361
319 412
320 607
320 466
320 631
321 905
321 465
322 409
322 486
322 659
323 595
323 917
323 1307
324 1383
324 371
324 426
325 1070
325 837
325 1140
326 1384
326 829
326 851
327 665
327 744
327 768
328 1137
329 1325
329 552
330 502
330 1079
331 726
332 1272
332 1113
333 1110
334 1357
334 1383
335 1388
335 444
336 622
336 1116
336 1317
337 760
337 1037
337 646
338 754
339 598
339 411
339 1320
340 931
340 590
340 1341
341 1153
341 1054
341 690
342 366
342 1059
342 605
343 1283
343 862
343 884
344 358
344 613
345 1014
345 377
346 395
346 735
346 665
347 534
347 716
348 569
348 408
349 1164
349 954
349 587
350 914
350 1246
350 449
351 931
352 1381
352 896
353 1190
353 1135
353 983
354 1261
355 969
355 1143
355 1123
357 1285
357 979
357 936
358 761
358 1187
359 366
359 618
360 694
361 669
361 592
362 1364
362 1245
363 1111
364 369
364 758
364 842
365 1299
365 561
366 1374
367 743
367 432
368 1156
368 1256
368 1237
370 1102
370 498
370 893
371 559
372 578
372 689
372 1242
373 625
373 572
373 532
374 1269
374 1002
375 850
375 1303
376 930
376 677
377 1376
378 824
378 676
378 400
379 745
380 1107
380 1240
380 833
381 947
381 940
382 813
382 1287
383 861
383 651
383 1161
384 528
384 1125
385 995
385 1131
386 1017
386 673
386 1360
387 793
387 838
387 909
388 402
388 670
389 1277
389 1321
390 530
390 501
390 1328
391 441
391 791
392 1173
392 1162
393 1155
393 1181
393 520
394 1270
394 956
395 1314
396 1318
396 728
397 922
397 652
398 800
398 1188
399 1163
399 926
400 692
400 1388
401 449
401 848
403 1312
403 1228
403 548
404 610
404 1074
405 1229
405 1088
406 609
406 687
407 629
407 1355
408 737
409 947
409 784
410 1191
410 1028
410 867
411 603
412 609
412 783
413 760
413 1267
414 898
414 526
414 657
415 766
415 426
416 1134
416 820
416 535
417 1009
417 1276
418 759
418 1278
419 859
419 790
420 1386
420 1014
421 964
421 921
422 952
423 1178
423 980
424 462
424 1037
424 1024
425 928
425 538
425 1001
426 999
427 487
427 1347
427 987
428 1303
428 1075
428 1369
429 1033
429 442
430 537
430 1399
431 1071
431 797
432 698
433 685
433 894
434 671
434 738
434 1127
435 545
435 492
435 580
436 1026
436 608
436 1196
437 1148
437 1339
438 1391
438 949
439 489
439 602
439 1395
440 1249
440 1105
441 1131
442 511
443 591
443 615
443 604
444 1206
444 1317
445 446
445 1379
446 1262
447 1091
447 729
448 1385
448 681
448 1288
450 593
451 669
451 1166
452 1179
452 1017
452 1096
453 1301
453 1183
453 1329
454 1356
454 851
454 1128
455 1260
455 743
456 813
456 1389
456 993
457 1124
457 944
458 877
458 681
459 1361
459 1258
459 1390
460 642
460 601
461 590
461 502
461 1225
462 813
462 1192
463 503
463 568
464 840
464 700
465 555
465 1227
466 1047
466 807
467 571
467 507
467 483
468 953
468 562
469 662
469 554
469 1127
470 608
470 588
471 488
471 1050
472 1202
472 1382
472 1196
473 531
473 886
474 1102
475 1152
475 1040
476 1012
476 880
477 833
477 868
478 749
478 1070
478 1347
479 1140
480 670
480 1306
481 616
481 872
481 952
482 1073
482 723
482 714
483 1033
484 753
484 1138
485 1265
485 990
486 758
486 753
487 1342
489 1098
490 1340
491 567
491 1316
491 945
492 512
492 915
493 663
493 683
493 859
494 1045
494 850
494 555
495 977
495 1169
496 1310
496 696
496 1094
497 583
497 969
497 919
498 847
499 522
499 876
500 824
500 674
500 797
501 786
502 1268
503 778
503 1310
504 575
504 1142
504 1020
505 873
505 1115
505 1150
506 1019
506 948
507 1003
508 1367
508 630
508 871
509 658
510 1329
510 933
511 854
511 1056
512 703
512 784
513 956
513 1072
514 1374
514 876
514 977
515 1279
516 1004
517 856
517 1324
518 1245
518 682
518 750
519 718
519 873
519 679
520 631
520 1047
521 631
521 1386
521 1088
522 1387
523 1149
523 841
524 884
524 1075
524 800
525 1285
525 1389
525 940
527 730
527 1381
527 803
528 1253
528 1375
529 808
529 565
530 1192
530 754
531 1219
531 553
532 1345
532 596
533 821
533 646
533 645
534 1344
534 541
535 1247
536 550
536 1183
537 1275
537 991
538 1214
539 1371
539 1166
539 1122
540 870
540 872
540 1341
541 1019
542 888
542 789
542 638
543 822
543 634
543 1146
544 846
544 993
545 782
546 1005
546 831
546 653
547 1162
547 899
548 936
549 769
549 1286
550 697
551 687
551 655
551 1283
552 752
553 1022
553 882
554 1041
555 1208
556 711
556 776
557 1039
557 1114
557 648
558 909
558 1390
559 711
559 881
560 659
560 948
561 792
561 640
562 1349
562 839
563 1032
563 1287
563 859
564 979
564 1047
564 1145
565 1159
565 1397
566 1330
567 971
567 621
568 1026
568 594
569 1324
569 818
570 742
570 1011
571 830
571 888
572 809
572 1352
573 1170
573 907
574 1240
574 835
574 637
576 865
576 1111
577 986
578 1023
579 1325
579 1146
579 1304
580 1339
580 1067
581 694
581 926
581 1157
582 897
583 826
584 1058
584 901
585 1363
586 779
586 1323
586 1257
587 714
588 653
588 798
589 620
591 595
592 797
593 864
595 1147
596 1128
596 1337
597 869
597 1203
597 1062
598 734
599 968
599 992
600 1160
600 1020
601 657
602 804
602 707
603 1216
604 860
604 734
605 792
605 1259
606 1063
606 1306
607 1219
608 762
609 816
610 845
610 752
611 632
611 811
611 1392
612 804
612 1092
613 759
613 1229
614 872
614 1194
614 621
615 1148
616 1282
616 656
617 1220
617 801
617 960
618 1078
618 1235
619 717
619 641
619 1010
620 688
621 934
622 964
622 804
623 1039
624 1398
624 1368
624 663
625 1215
625 739
626 1270
626 1251
626 659
627 967
627 747
628 1263
628 857
629 914
629 982
630 736
630 1377
632 1064
632 1321
633 687
634 719
635 1333
635 950
636 901
636 1338
638 863
638 655
639 1305
639 1029
640 1306
640 1241
641 775
641 951
642 1272
643 675
643 991
643 848
644 1169
644 1345
645 860
647 1360
647 699
647 803
648 689
649 1173
649 1315
649 1085
650 668
651 1043
652 1161
652 988
653 683
654 822
655 994
656 766
657 1122
658 1272
660 740
660 1062
661 1243
661 1233
661 1236
664 794
664 1369
665 755
666 866
666 1061
667 893
667 787
668 1390
668 1176
671 1254
671 701
672 1231
673 1139
675 696
675 812
676 869
677 727
677 1367
678 1218
678 821
678 857
679 836
680 922
680 778
680 1345
681 1392
682 942
683 727
684 1301
684 968
685 1239
685 790
686 1214
686 1018
686 1069
688 794
688 1065
689 818
690 1016
690 788
691 1378
691 739
692 1203
693 1206
693 885
693 811
694 894
695 1380
695 1332
695 1068
696 1210
697 869
698 1002
699 706
699 1038
700 1228
701 1377
701 1090
702 955
702 1199
704 1300
704 1285
705 1136
705 939
706 1264
706 1322
707 1241
708 971
708 712
708 1046
709 1094
709 899
709 879
710 765
710 936
712 957
713 1051
714 721
715 1353
715 730
716 841
717 816
717 1214
719 827
720 1376
720 923
721 1048
721 1073
722 751
722 1313
722 1224
723 1182
723 1265
724 1258
724 1004
725 1082
725 856
726 917
727 1260
729 1158
729 998
730 1334
731 1078
731 830
732 1336
733 1289
733 1266
733 1195
735 1080
735 898
736 931
740 992
741 1174
741 812
741 1011
742 1005
742 1129
743 1336
744 1029
745 1337
745 1310
746 1181
746 964
747 826
747 1294
748 1155
748 1089
748 1171
750 1343
750 1049
751 1352
753 1195
755 1226
755 1172
756 997
756 1058
757 1121
758 781
761 1177
762 1397
763 766
763 1277
763 824
764 1321
765 858
765 1259
767 1262
768 985
769 1087
769 1365
770 966
770 844
771 1235
771 1116
771 1269
772 1335
772 1076
772 1058
773 1271
773 1009
773 1046
774 1142
775 789
775 1253
776 1186
776 1097
777 789
777 1399
777 817
779 1008
779 1051
780 959
782 1123
783 1036
783 1189
784 878
785 1248
785 1151
786 1291
786 1328
788 1115
788 1332
790 938
791 1162
792 1379
793 1264
794 805
795 905
796 930
796 1374
796 884
798 1084
798 975
799 1257
799 847
799 1335
800 825
801 980
802 1307
803 1026
805 951
806 1278
806 1186
806 815
807 838
808 828
809 1273
809 918
810 1103
811 1109
812 944
815 1366
816 1391
817 1158
817 871
818 1078
819 1224
819 1261
820 1387
820 1222
821 927
822 950
823 1226
823 1387
825 839
825 1352
826 974
827 955
829 1168
831 835
831 963
832 1240
832 1216
833 1298
834 896
836 843
836 1045
837 858
837 853
838 1113
839 1109
840 1154
842 1124
843 1145
843 1092
845 1013
846 1271
847 916
848 1382
849 956
849 1200
850 932
852 1235
852 1380
853 1267
853 1207
854 1275
855 875
855 1133
855 870
856 989
860 1375
861 997
861 1230
864 1057
864 1187
866 1225
867 1290
867 995
868 945
868 1361
870 1182
874 1034
875 880
875 1112
877 1199
879 912
879 1105
880 900
881 1000
882 1138
882 1018
883 1224
883 1237
883 1109
885 1118
886 990
887 990
887 905
887 1106
888 1105
889 1086
890 1042
890 1129
891 928
891 978
891 906
892 1042
892 1041
893 919
894 965
895 1097
895 979
895 1182
897 1349
898 1283
899 1092
900 1050
902 1228
902 1256
903 1151
904 1211
904 1344
906 1193
908 1032
908 1254
908 1089
909 1278
910 1167
910 960
911 1057
911 1239
911 1231
912 1347
912 1018
913 1305
913 1065
914 965
916 1069
917 1147
918 1204
920 1034
920 1359
920 1309
923 1222
923 1061
924 1257
925 1271
926 1080
928 1077
929 1079
929 1136
930 1203
933 1060
934 1017
934 1328
935 1147
935 1379
938 1094
939 973
939 1205
940 1210
941 984
941 1114
942 1242
942 1061
943 1252
943 1176
943 957
944 1025
946 1012
946 1100
946 1304
947 1372
949 1238
950 1039
951 1357
953 1120
957 1016
958 1070
958 1150
959 1291
961 1302
961 1185
962 1155
963 1313
966 1180
966 1086
967 997
967 1362
968 1293
969 1359
970 1190
970 1274
971 1340
973 1344
974 1343
975 1277
976 1259
977 1219
978 1059
978 1095
980 1000
981 1349
981 1131
982 1274
984 1221
985 1322
988 1064
989 1125
995 1154
996 1281
998 1209
999 1104
1001 1381
1002 1013
1003 1028
1003 1130
1004 1274
1005 1088
1006 1060
1007 1117
1008 1081
1009 1289
1010 1234
1010 1325
1011 1363
1012 1075
1014 1096
1015 1197
1020 1331
1021 1231
1022 1248
1023 1174
1024 1397
1024 1279
1025 1308
1028 1163
1029 1128
1031 1234
1033 1383
1034 1052
1035 1249
1035 1129
1035 1065
1038 1333
1038 1234
1040 1071
1041 1246
1044 1221
1044 1191
1045 1223
1046 1365
1049 1082
1051 1318
1052 1294
1053 1339
1053 1343
1055 1115
1055 1216
1055 1331
1063 1136
1063 1372
1064 1394
1066 1312
1066 1346
1066 1323
1067 1106
1069 1163
1072 1150
1076 1093
1076 1348
1077 1156
1082 1213
1083 1348
1085 1311
1086 1126
1087 1284
1087 1373
1090 1340
1093 1330
1093 1112
1095 1218
1096 1110
1099 1376
1099 1212
1099 1166
1100 1295
1101 1215
1103 1142
1103 1292
1108 1398
1108 1315
1111 1273
1113 1202
1114 1350
1117 1197
1118 1238
1118 1187
1119 1141
1120 1326
1120 1130
1121 1346
1121 1353
1124 1195
1127 1227
1132 1369
1134 1396
1137 1380
1137 1139
1139 1334
1143 1280
1143 1184
1144 1199
1144 1281
1148 1327
1149 1375
1151 1289
1152 1360
1156 1198
1157 1209
1158 1280
1159 1354
1160 1320
1164 1175
1164 1260
1167 1371
1169 1170
1175 1382
1177 1370
1178 1286
1183 1355
1184 1209
1185 1319
1185 1190
1188 1393
1193 1212
1197 1207
1198 1373
1200 1284
1200 1300
1201 1262
1201 1218
1205 1212
1205 1279
1206 1246
1207 1314
1208 1361
1210 1296
1213 1357
1215 1384
1220 1264
1225 1366
1227 1399
1232 1250
1232 1351
1236 1243
1242 1244
1252 1370
1255 1288
1256 1342
1266 1286
1275 1392
1290 1314
1295 1298
1296 1300
1296 1384
1297 1316
1297 1308
1302 1309
1304 1334
1311 1350
1318 1394
1319 1326
1324 1336
1326 1388
1327 1341
1333 1356
1358 1368
1362 1373
1363 1396
1365 1393
1377 1393
