0 589
0 1685
0 818
1 1545
1 886
1 22
2 1362
2 1850
2 1130
3 1628
3 1817
3 858
4 336
4 1670
4 1506
5 1699
5 14
5 1126
6 1706
6 795
6 336
7 1467
7 1144
7 1242
8 1255
8 1643
8 855
9 1832
9 626
9 486
10 1304
10 1892
10 781
11 941
11 1572
11 262
12 574
12 1477
12 1585
13 939
13 1383
13 1165
14 27
14 88
15 80
15 1172
15 1721
16 275
16 993
16 820
17 578
17 419
17 390
18 1891
18 1123
18 797
19 701
19 681
19 1635
20 1802
20 564
20 644
21 1816
21 1066
21 526
22 690
22 916
23 1335
23 830
23 169
24 1433
24 1007
24 1594
25 39
25 1463
25 983
26 89
26 680
26 493
27 671
27 1459
28 1348
28 1482
28 929
29 709
29 996
29 1673
30 1418
30 557
30 1026
31 272
31 1421
31 1183
32 225
32 1693
32 695
33 712
33 931
33 1616
34 1021
34 791
34 948
35 726
35 759
35 1393
36 459
36 746
36 542
37 1137
37 212
37 1890
38 100
38 1578
38 1756
39 1521
39 1236
40 1513
40 544
40 974
41 450
41 331
41 1148
42 1726
42 1013
42 1883
43 1018
43 1870
43 1549
44 1728
44 107
44 1166
45 1221
45 1044
45 1684
46 1590
46 645
46 573
47 1493
47 354
47 476
48 226
48 1086
48 1035
49 1366
49 1523
49 1524
50 348
50 1120
50 1749
51 105
51 249
51 1763
52 1319
52 1050
52 271
53 74
53 222
53 1082
54 1612
54 784
54 798
55 1672
55 350
55 225
56 254
56 728
56 1408
57 771
57 850
57 1723
58 769
58 1304
58 1856
59 975
59 748
59 868
60 794
60 1447
60 400
61 985
61 114
61 354
62 456
62 580
62 1639
63 1008
63 1430
63 1645
64 1701
64 439
64 1616
65 1285
65 1671
65 176
66 943
66 1545
66 1141
67 435
67 1444
67 1211
68 371
68 543
68 1010
69 219
69 600
69 556
70 1464
70 837
70 835
71 131
71 730
71 854
72 114
72 1176
72 409
73 619
73 1515
73 666
74 644
74 943
75 808
75 1614
75 153
76 796
76 148
76 925
77 995
77 1517
77 250
78 1878
78 104
78 1375
79 1781
79 1705
79 1048
80 1662
80 1629
81 1448
81 1757
81 432
82 1201
82 564
82 1129
83 1572
83 1384
83 1036
84 1328
84 1486
84 1741
85 1099
85 1079
85 300
86 1857
86 852
86 1460
87 912
87 626
87 1820
88 1744
88 1514
89 458
89 424
90 483
90 813
90 1857
91 748
91 112
91 654
92 467
92 1354
92 828
93 1750
93 130
93 1618
94 1161
94 1839
94 1518
95 1269
95 375
95 782
96 210
96 1161
96 1374
97 435
97 757
97 1608
98 278
98 717
98 1885
99 1360
99 1363
99 1441
100 1661
100 335
101 372
101 851
101 334
102 871
102 1059
102 986
103 261
103 1025
103 268
104 1893
104 1555
105 988
105 698
106 1300
106 1769
106 1209
107 1443
107 860
108 1844
108 383
108 857
109 1518
109 418
109 1476
110 1750
110 785
110 444
111 1105
111 224
111 965
112 241
112 604
113 659
113 1488
113 1790
114 416
115 593
115 756
115 696
116 1364
116 210
116 179
117 855
117 671
117 708
118 1166
118 1169
118 631
119 985
119 1747
119 384
120 1038
120 732
120 1009
121 1828
121 1554
121 1877
122 1341
122 1660
122 1435
123 430
123 213
123 1661
124 342
124 1029
124 801
125 683
125 155
125 848
126 1024
126 834
126 1350
127 1646
127 1408
127 740
128 1445
128 349
128 1233
129 1062
129 897
129 737
130 1290
130 984
131 1836
131 251
132 1466
132 643
132 1218
133 699
133 209
133 1072
134 1806
134 246
134 1155
135 1174
135 270
135 199
136 174
136 438
136 715
137 880
137 906
137 1765
138 1036
138 474
138 1714
139 1370
139 998
139 1847
140 1450
140 975
140 1868
141 1687
141 1869
141 1340
142 1259
142 997
142 557
143 1268
143 543
143 1766
144 1319
144 715
144 651
145 1206
145 1682
145 1848
146 1685
146 739
146 1260
147 1690
147 1858
147 1178
148 177
148 1494
149 293
149 1655
149 244
150 1076
150 999
150 1171
151 879
151 1775
151 511
152 1782
152 807
152 986
153 491
153 1430
154 943
154 505
154 999
155 1686
155 1314
156 1311
156 686
156 1165
157 461
157 1394
157 866
158 1818
158 1003
158 1222
159 205
159 1782
159 391
160 1235
160 1535
160 949
161 1312
161 480
161 1457
162 1214
162 632
162 935
163 980
163 1742
163 374
164 1502
164 194
164 889
165 513
165 275
165 374
166 1737
166 987
166 364
167 1825
167 1231
167 1013
168 556
168 1380
168 1657
169 946
169 428
170 776
170 1739
170 1078
171 519
171 329
171 581
172 652
172 1834
172 1647
173 945
173 227
173 1761
174 716
174 1284
175 324
175 1219
175 1763
176 869
176 1237
177 1218
177 804
178 885
178 1240
178 458
179 1638
179 613
180 922
180 1615
180 1113
181 222
181 505
181 529
182 1881
182 958
182 1547
183 1054
183 966
183 375
184 641
184 731
184 1441
185 726
185 981
185 888
186 227
186 484
186 198
187 340
187 1061
187 1065
188 1574
188 1401
188 828
189 498
189 1844
189 1801
190 610
190 1791
190 306
191 388
191 1563
191 365
192 1381
192 612
192 833
193 217
193 1740
193 1122
194 954
194 1168
195 972
195 767
195 1135
196 269
196 334
196 794
197 423
197 1858
197 1541
198 318
198 528
199 876
199 827
200 1573
200 1494
200 917
201 472
201 1498
201 887
202 237
202 1385
202 606
203 520
203 588
203 337
204 555
204 998
204 1096
205 1125
205 667
206 1399
206 951
206 723
207 408
207 1635
207 637
208 1686
208 819
208 1548
209 331
209 1764
210 631
211 1338
211 1899
211 924
212 486
212 1839
213 1890
213 1368
214 1830
214 600
214 1774
215 1702
215 364
215 1769
216 1039
216 1813
216 1417
217 1463
217 831
218 1054
218 514
218 1387
219 933
219 433
220 1523
220 1117
220 1704
221 958
221 1623
221 910
222 902
223 1565
223 1677
223 1434
224 417
224 1629
225 300
226 597
226 1001
227 1149
228 1245
228 1867
228 468
229 1417
229 908
229 1163
230 1448
230 302
230 992
231 381
231 1587
231 330
232 721
232 1676
232 1734
233 1047
233 1112
233 1424
234 1740
234 805
234 701
235 612
235 770
235 1436
236 628
236 1544
236 244
237 1662
237 1654
238 791
238 1192
238 1512
239 1059
239 1305
239 994
240 1774
240 324
240 1746
241 1830
241 457
242 485
242 1128
242 1575
243 1087
243 910
243 1323
244 1177
245 535
245 1198
245 1440
246 921
246 1445
247 1688
247 1824
247 501
248 1440
248 1636
248 1402
249 1412
249 1227
250 1708
250 771
251 1686
251 497
252 351
252 1884
252 873
253 1883
253 1281
253 622
254 913
254 840
255 1752
255 1284
255 1465
256 1784
256 1184
256 676
257 437
257 1420
257 580
258 728
258 1302
258 1485
259 1180
259 272
259 636
260 1500
260 1239
260 768
261 1703
261 1577
262 1513
262 1133
263 1884
263 1831
263 839
264 1678
264 369
264 595
265 351
265 1102
265 1157
266 625
266 1593
266 560
267 1533
267 1061
267 1591
268 1429
268 1277
269 1764
269 995
270 1396
270 368
271 473
271 1323
272 979
273 407
273 325
273 547
274 1558
274 1415
274 638
275 412
276 1104
276 534
276 405
277 1459
277 601
277 908
278 348
278 1060
279 680
279 803
279 1090
280 1678
280 469
280 1627
281 934
281 1842
281 686
282 1524
282 1694
282 1657
283 633
283 938
283 1028
284 1187
284 1888
284 1106
285 1010
285 1813
285 347
286 544
286 997
286 504
287 1797
287 432
287 1869
288 733
288 328
288 1508
289 1519
289 1443
289 945
290 592
290 962
290 1461
291 524
291 735
291 1552
292 1809
292 1851
292 1840
293 468
293 1085
294 1621
294 1406
294 787
295 319
295 1599
295 1413
296 1889
296 1385
296 406
297 1557
297 1023
297 484
298 1833
298 884
298 1668
299 700
299 656
299 593
300 1519
301 575
301 1422
301 1742
302 1439
302 1710
303 1747
303 1438
303 1372
304 815
304 684
304 1735
305 1238
305 887
305 627
306 1853
306 1538
307 1849
307 1309
307 616
308 475
308 1651
308 1365
309 312
309 1865
309 679
310 829
310 1141
310 1751
311 1488
311 312
311 1329
312 1113
313 1660
313 1881
313 1468
314 1651
314 1788
314 1889
315 1089
315 1368
315 1071
316 783
316 442
316 353
317 1720
317 928
317 874
318 858
318 1590
319 1667
319 570
320 378
320 995
320 537
321 1309
321 1458
321 1005
322 1806
322 925
322 1582
323 739
323 1238
323 404
324 455
325 1060
325 327
326 1587
326 499
326 1225
327 345
327 1584
328 607
328 1454
329 814
329 1624
330 899
330 1559
331 1199
332 1603
332 886
332 1871
333 1410
333 1114
333 1823
334 1597
335 970
335 741
336 1456
337 344
337 501
338 1526
338 1584
338 1528
339 408
339 443
339 865
340 662
340 936
341 1669
341 909
341 1860
342 1767
342 1167
343 1001
343 583
343 1470
344 959
344 1722
345 1392
345 642
346 579
346 1812
346 809
347 1671
347 1275
348 978
349 1803
349 955
350 1645
350 1822
351 1159
352 1269
352 665
352 1196
353 931
353 492
354 404
355 1268
355 1755
355 966
356 615
356 387
356 1461
357 1659
357 1815
357 1310
358 607
358 566
358 545
359 1373
359 1577
359 1181
360 878
360 1841
360 1401
361 442
361 1436
361 1773
362 1681
362 671
362 741
363 769
363 614
363 477
364 646
365 1570
365 1257
366 733
366 1244
366 1402
367 789
367 1740
367 640
368 1372
368 716
369 1298
369 677
370 1551
370 1446
370 1295
371 1634
371 1847
372 1355
372 1226
373 962
373 467
373 743
374 380
375 1121
376 477
376 676
376 1134
377 1181
377 1096
377 1419
378 492
378 655
379 1156
379 1677
379 1271
380 1837
380 870
381 1226
381 401
382 644
382 591
382 790
383 569
383 999
384 1882
384 439
385 957
385 1114
385 501
386 1597
386 1779
386 898
387 1683
387 802
388 1017
388 1520
389 1302
389 984
389 1408
390 496
390 717
391 1103
391 1315
392 465
392 1215
392 681
393 1471
393 888
393 1501
394 1820
394 689
394 822
395 1044
395 1477
395 1666
396 1503
396 1659
396 1201
397 988
397 1287
397 1877
398 1886
398 498
398 1855
399 504
399 428
399 1388
400 991
400 1777
401 1837
401 927
402 1336
402 808
402 1000
403 794
403 1370
403 455
404 470
405 875
405 1517
406 1613
406 647
407 1325
407 864
408 1551
409 1476
409 1710
410 1550
410 1147
410 950
411 898
411 711
411 1604
412 1383
412 1730
413 1716
413 1608
413 682
414 1111
414 1807
414 1115
415 1860
415 1831
415 1038
416 1344
416 663
417 1498
417 1780
418 532
418 832
419 772
419 1148
420 646
420 1347
420 1118
421 1431
421 552
421 1043
422 846
422 678
422 525
423 1358
423 479
424 1381
424 1100
425 948
425 545
425 1111
426 940
426 944
426 1375
427 556
427 1328
427 681
428 1021
429 1195
429 1748
429 1079
430 1204
430 675
431 800
431 1553
431 1534
432 916
433 1166
433 1542
434 1386
434 1670
434 690
435 760
436 1333
436 1754
436 546
437 1872
437 608
438 1543
438 982
439 1655
440 446
440 1869
440 1771
441 574
441 1667
441 735
442 1390
443 1804
443 1760
444 1718
444 1397
445 1526
445 1089
445 751
446 1562
446 968
447 901
447 1446
447 751
448 1527
448 705
448 1577
449 839
449 518
449 1701
450 1238
450 1845
451 703
451 1674
451 1261
452 1539
452 1226
452 830
453 475
453 1241
453 491
454 1471
454 921
454 1541
455 1182
456 1731
456 1168
457 1137
457 683
458 622
459 515
459 663
460 665
460 645
460 1739
461 1814
461 1642
462 706
462 642
462 1665
463 561
463 1015
463 1885
464 1245
464 881
464 756
465 1303
465 1666
466 1225
466 1457
466 795
467 480
468 1002
469 1278
469 886
470 1164
470 1816
471 974
471 523
471 624
472 1609
472 1844
473 1493
473 494
474 826
474 752
475 611
476 1475
476 1830
477 1871
478 1286
478 1406
478 1442
479 1185
479 1553
480 1793
481 1175
481 663
481 1898
482 764
482 875
482 706
483 964
483 1328
484 1170
485 540
485 1260
486 971
487 1823
487 1396
487 1229
488 508
488 720
488 1537
489 1564
489 1390
489 1407
490 1205
490 1792
490 1819
491 817
492 1181
493 1497
493 1455
494 509
494 518
495 1781
495 1205
495 1829
496 1466
496 892
497 1409
497 697
498 703
499 540
499 1583
500 1004
500 1094
500 1129
502 1739
502 1832
502 964
503 881
503 1865
503 798
504 1698
505 872
506 1733
506 1702
506 922
507 584
507 842
507 1617
508 1361
508 977
509 1315
509 562
510 1133
510 561
510 1215
511 584
511 1489
512 770
512 729
512 1843
513 1034
513 1601
514 1804
514 554
515 867
515 1058
516 1640
516 650
516 876
517 524
517 1359
517 1039
518 1101
519 1055
519 1340
520 1659
520 749
521 1853
521 555
521 1430
522 960
522 1173
522 1760
523 687
523 1771
524 1144
525 1879
525 1661
526 1726
526 1055
527 916
527 777
527 1462
528 1728
528 1652
529 1453
529 1820
530 1180
530 1372
530 819
531 1070
531 1504
531 885
532 1794
532 1738
533 1174
533 1895
533 1658
534 1378
534 1032
535 586
535 1251
536 801
536 1648
536 712
537 809
537 1374
538 1800
538 1371
538 1107
539 1316
539 1177
539 1566
540 1291
541 1775
541 1272
541 569
542 1530
542 1398
543 827
544 1707
545 1437
546 1338
546 1282
547 583
547 1523
548 709
548 1562
548 1887
549 1593
549 1081
549 675
550 1344
550 1139
550 898
551 1202
551 1330
551 1539
552 1630
552 1607
553 1842
553 1687
553 1281
554 1104
554 707
555 1697
557 1671
558 1193
558 1540
558 786
559 734
559 1596
559 833
560 1813
560 1267
561 862
562 1450
562 1057
563 1062
563 953
563 1483
564 1810
565 1143
565 1193
565 1116
566 1600
566 709
567 1210
567 698
567 1470
568 574
568 1280
568 765
569 1453
570 1769
570 1263
571 961
571 1152
571 1815
572 1435
572 1403
572 1462
573 850
573 792
575 1469
575 1297
576 790
576 694
576 1489
577 1119
577 745
577 1805
578 1335
578 839
579 785
579 1789
580 1859
581 1176
581 1812
582 1230
582 1024
582 1759
583 1349
584 625
585 660
585 1052
585 1450
586 1283
586 1098
587 1609
587 1397
587 947
588 1016
588 1442
589 1449
589 1510
590 1377
590 1250
590 1151
591 649
591 1052
592 1560
592 1716
593 837
594 625
594 1099
594 1260
595 1858
595 875
596 1464
596 1565
596 1743
597 1036
597 1293
598 1637
598 1191
598 1249
599 1629
599 786
599 619
600 1475
601 1849
601 1142
602 861
602 1403
602 1517
603 1149
603 1593
603 727
604 1623
604 1121
605 1229
605 1140
605 1011
606 776
606 1080
607 913
608 1834
608 1307
609 642
609 1724
609 1761
610 1220
610 1259
611 920
611 1489
612 693
613 1588
613 1691
614 1630
614 1084
615 1720
615 1654
616 1297
616 1109
617 1131
617 1340
617 1790
618 1217
618 1650
618 1263
619 680
620 1589
620 942
620 1428
621 1520
621 1625
621 635
622 1090
623 1600
623 774
623 1680
624 1487
624 1788
626 1664
627 1154
627 1863
628 1296
628 695
629 1893
629 1851
629 1403
630 657
630 1355
630 1246
631 747
632 763
632 722
633 719
633 1293
634 1400
634 800
634 790
635 675
635 897
636 1584
636 1524
637 819
637 1826
638 1411
638 1230
639 1416
639 1032
639 859
640 1222
640 1045
641 676
641 1047
643 1423
643 748
645 1014
646 1243
647 754
647 1134
648 1717
648 1280
648 932
649 1706
649 1139
650 899
650 1214
651 1857
651 1684
652 990
652 1093
653 1100
653 1387
653 1507
654 1277
654 763
655 752
655 1425
656 1420
656 1662
657 727
657 1505
658 796
658 868
658 1795
659 1175
659 1389
660 695
660 818
661 832
661 977
661 896
662 712
662 1765
664 1209
664 825
664 1651
665 828
666 1750
666 1885
667 1072
667 1097
668 1111
668 1709
668 1495
669 1299
669 1205
669 753
670 1252
670 1301
670 761
672 1034
672 1299
672 1786
673 1766
673 1673
673 969
674 1117
674 1014
674 827
677 1770
677 725
678 1879
678 1648
679 724
679 1755
682 1597
682 1573
683 1755
684 1893
684 1075
685 1649
685 863
685 1439
686 1725
687 1034
687 726
688 1598
688 1282
688 1690
689 774
689 1888
690 1108
691 1298
691 902
691 1424
692 757
692 1894
692 1189
693 1672
693 703
694 1221
694 1655
696 1452
696 1502
697 1874
697 1061
698 980
699 854
699 942
700 1421
700 1501
701 1479
702 1633
702 1876
702 1163
704 1656
704 1232
704 769
705 1054
705 1146
706 1708
707 919
707 1427
708 955
708 755
710 756
710 1532
710 1339
711 1162
711 1709
713 1451
713 1476
713 1561
714 1482
714 1625
714 968
715 786
716 1460
717 1639
718 1267
718 1391
718 895
719 1389
719 1105
720 758
720 1670
721 933
721 965
722 1367
722 763
723 1191
723 880
724 1031
724 884
725 1644
725 1346
727 1675
728 891
729 949
729 994
730 1818
730 1665
731 1862
731 1082
732 1279
732 1273
733 1637
734 1182
734 1152
735 1094
736 1722
736 1348
736 1613
737 1137
737 783
738 952
738 1217
738 1063
739 1683
740 1203
740 1497
741 1251
742 1392
742 1583
742 1180
743 1886
743 1878
744 820
744 1558
744 1892
745 1040
745 964
746 1852
746 1735
747 1124
747 1160
749 1589
749 1336
750 807
750 774
750 1188
751 1017
752 843
753 1797
753 923
754 859
754 1639
755 1459
755 1080
757 1568
758 831
758 1110
759 1754
759 1308
760 1022
760 1147
761 1504
761 908
762 1444
762 949
762 1027
764 1296
764 1398
765 1592
765 1823
766 1352
766 992
766 1346
767 1715
767 1729
768 1794
768 1474
770 1267
771 1258
772 1877
772 1192
773 1791
773 1144
773 1432
775 985
775 1668
775 1016
776 1882
777 941
777 1680
778 972
778 980
778 1158
779 917
779 1224
779 1537
780 1591
780 1631
780 1567
781 1565
781 1817
782 1045
782 907
783 1184
784 956
784 1472
785 1623
787 788
787 1065
788 1097
788 1676
789 1196
789 1538
791 1332
792 1156
792 1322
793 1782
793 1037
793 996
795 1472
796 1741
797 1053
797 836
798 1222
799 1574
799 885
799 972
800 1719
801 1401
802 1779
802 1845
803 894
803 1339
804 1302
804 1280
805 953
805 1562
806 812
806 1306
806 1720
807 1837
808 1469
809 1598
810 1230
810 1124
810 1634
811 1247
811 863
811 1563
812 1798
812 1095
813 1649
813 1546
814 1012
814 1729
815 877
815 965
816 1046
816 1167
816 1053
817 874
817 836
818 1194
820 950
821 1850
821 1696
821 1554
822 1875
822 1728
823 1368
823 857
823 912
824 1437
824 1210
824 1700
825 909
825 1007
826 1255
826 1188
829 1899
829 1315
830 844
831 1115
832 857
833 1743
834 1291
834 1276
835 1091
835 1679
836 1557
837 1082
838 1503
838 1285
838 1004
840 1716
840 1270
841 1271
841 1242
841 1862
842 1062
842 989
843 903
843 1247
844 1801
844 1796
845 1179
845 1615
845 1736
846 1001
846 863
847 1279
847 1249
847 1218
848 1092
848 1119
849 1612
849 1337
849 1811
850 960
851 1104
851 1362
852 1756
852 1046
853 1474
853 1690
853 1617
854 1249
855 903
856 971
856 1451
856 892
858 1879
859 1515
860 1592
860 1478
861 1049
861 1270
862 1581
862 1764
864 1420
864 1364
865 1442
865 1276
866 1040
866 1704
867 1786
867 1576
868 1258
869 1491
869 1386
870 1862
870 896
871 1791
871 1049
872 1236
872 1415
873 1793
873 1706
874 1898
876 1656
877 1846
877 1212
878 1006
878 1204
879 1749
879 1333
880 1020
881 1185
882 1615
882 1789
882 1379
883 1194
883 890
883 932
884 1350
887 1213
888 1641
889 1753
889 1248
890 1569
890 1468
891 1701
891 1483
892 1878
893 1216
893 1395
893 1492
894 944
894 1064
895 1418
895 1018
896 1409
897 1348
899 1605
900 1135
900 1458
900 1560
901 1000
901 1010
902 1669
903 1751
904 1032
904 1859
904 1754
905 1732
905 987
905 1097
906 1390
906 1395
907 1737
907 1510
909 1542
910 1674
911 1439
911 1550
911 1407
912 1646
913 1434
914 1156
914 1028
914 1208
915 936
915 952
915 1110
917 1714
918 1575
918 1037
918 1400
919 1338
919 1076
920 1228
920 1118
921 1508
922 977
923 1846
923 1521
924 1579
924 1139
925 1307
926 1140
926 1138
926 1689
927 1803
927 1344
928 1824
928 1300
929 1044
929 1730
930 1797
930 1792
930 1075
931 1142
932 1585
933 1792
934 1078
934 1244
935 1422
935 1875
936 1646
937 1083
937 939
937 1874
938 1301
938 1186
939 1382
940 1274
940 1772
941 1483
942 1778
944 1146
945 1004
946 1179
946 1251
947 1507
947 1399
948 1766
950 1254
951 1619
951 1303
952 1068
953 1742
954 967
954 1784
955 1051
956 1223
956 1841
957 1514
957 1213
958 1199
959 1636
959 1389
960 1250
961 1876
961 1293
962 1779
963 1012
963 1433
963 1876
966 1449
967 1256
967 1499
968 1361
969 987
969 1264
970 1732
970 1353
971 1581
973 1580
973 1085
973 1711
974 1019
975 1536
976 1377
976 1896
976 1511
978 1361
978 1704
979 1197
979 1070
981 1506
981 1532
982 1224
982 1719
983 1189
983 1033
984 1105
986 1334
988 1705
989 1322
989 1569
990 1774
990 1566
991 1840
991 1653
992 1799
993 1622
993 1206
994 1798
996 1169
997 1708
998 1198
1000 1112
1002 1207
1002 1540
1003 1601
1003 1228
1005 1029
1005 1106
1006 1088
1006 1586
1007 1132
1008 1772
1008 1798
1009 1758
1009 1102
1011 1529
1011 1397
1012 1231
1013 1776
1014 1656
1015 1807
1015 1600
1016 1131
1017 1522
1018 1268
1019 1113
1019 1472
1020 1819
1020 1431
1021 1237
1022 1525
1022 1478
1023 1381
1023 1855
1024 1106
1025 1352
1025 1543
1026 1543
1026 1118
1027 1050
1027 1537
1028 1827
1029 1296
1030 1619
1030 1417
1030 1868
1031 1777
1031 1248
1033 1371
1033 1757
1035 1733
1035 1073
1037 1887
1038 1604
1039 1527
1040 1345
1041 1294
1041 1419
1041 1773
1042 1571
1042 1418
1042 1183
1043 1682
1043 1367
1045 1761
1046 1551
1047 1850
1048 1665
1048 1874
1049 1289
1050 1286
1051 1691
1051 1451
1052 1159
1053 1799
1055 1363
1056 1425
1056 1320
1056 1827
1057 1484
1057 1731
1058 1581
1058 1286
1059 1225
1060 1464
1063 1103
1063 1272
1064 1552
1064 1586
1065 1595
1066 1290
1066 1694
1067 1734
1067 1746
1067 1783
1068 1073
1068 1636
1069 1202
1069 1229
1069 1376
1070 1895
1071 1446
1071 1199
1072 1535
1073 1379
1074 1570
1074 1880
1074 1388
1075 1436
1076 1127
1077 1497
1077 1859
1077 1456
1078 1197
1079 1467
1080 1598
1081 1762
1081 1498
1083 1172
1083 1548
1084 1312
1084 1334
1085 1536
1086 1359
1086 1487
1087 1785
1087 1235
1088 1632
1088 1336
1089 1202
1090 1200
1091 1608
1091 1148
1092 1189
1092 1433
1093 1221
1093 1839
1094 1715
1095 1243
1095 1606
1096 1760
1098 1435
1098 1307
1099 1383
1100 1695
1101 1570
1101 1283
1102 1616
1103 1785
1107 1882
1107 1290
1108 1429
1108 1542
1109 1351
1109 1897
1110 1216
1112 1128
1114 1373
1115 1327
1116 1796
1116 1357
1117 1174
1119 1265
1120 1603
1120 1289
1121 1864
1122 1484
1122 1295
1123 1801
1123 1140
1124 1206
1125 1649
1125 1237
1126 1145
1126 1490
1127 1697
1127 1325
1128 1258
1129 1529
1130 1132
1130 1136
1131 1575
1132 1324
1133 1786
1134 1488
1135 1583
1136 1735
1136 1170
1138 1528
1138 1851
1141 1681
1142 1787
1143 1555
1143 1317
1145 1426
1145 1491
1146 1234
1147 1847
1149 1404
1150 1724
1150 1592
1150 1713
1151 1829
1151 1835
1152 1243
1153 1549
1153 1506
1153 1780
1154 1721
1154 1425
1155 1245
1155 1863
1157 1395
1157 1567
1158 1284
1158 1571
1159 1861
1160 1223
1160 1327
1161 1638
1162 1345
1162 1564
1163 1738
1164 1556
1164 1294
1165 1494
1167 1508
1168 1254
1169 1426
1170 1525
1171 1895
1171 1778
1172 1710
1173 1460
1173 1374
1175 1236
1176 1618
1177 1765
1178 1265
1178 1733
1179 1883
1182 1640
1183 1522
1184 1316
1185 1605
1186 1725
1186 1423
1187 1262
1187 1496
1188 1678
1190 1271
1190 1647
1190 1641
1191 1812
1192 1719
1193 1438
1194 1691
1195 1620
1195 1511
1196 1748
1197 1860
1198 1875
1200 1223
1200 1486
1201 1889
1203 1496
1203 1631
1204 1833
1207 1208
1207 1790
1208 1568
1209 1513
1210 1266
1211 1822
1211 1406
1212 1770
1212 1856
1213 1626
1214 1362
1215 1437
1216 1643
1217 1547
1219 1604
1219 1628
1220 1580
1220 1478
1224 1287
1227 1574
1227 1894
1228 1308
1231 1438
1232 1351
1232 1861
1233 1412
1233 1712
1234 1898
1234 1821
1235 1358
1239 1358
1239 1334
1240 1321
1240 1699
1241 1326
1241 1441
1242 1714
1244 1256
1246 1618
1246 1633
1247 1726
1248 1802
1250 1602
1252 1762
1252 1365
1253 1849
1253 1331
1253 1696
1254 1579
1255 1886
1256 1549
1257 1319
1257 1481
1259 1561
1261 1627
1261 1538
1262 1606
1262 1520
1263 1337
1264 1512
1264 1304
1265 1587
1266 1777
1266 1826
1269 1870
1270 1454
1272 1409
1273 1700
1273 1412
1274 1660
1274 1689
1275 1838
1275 1736
1276 1447
1277 1663
1278 1647
1278 1283
1279 1492
1281 1803
1282 1787
1285 1299
1287 1808
1288 1591
1288 1529
1288 1533
1289 1414
1291 1461
1292 1370
1292 1480
1292 1758
1294 1599
1295 1530
1297 1692
1298 1509
1300 1414
1301 1888
1303 1385
1305 1455
1305 1641
1306 1707
1306 1689
1308 1854
1309 1633
1310 1807
1310 1567
1311 1342
1311 1380
1312 1533
1313 1387
1313 1712
1313 1548
1314 1353
1314 1407
1316 1809
1317 1505
1317 1870
1318 1632
1318 1743
1318 1866
1320 1355
1320 1675
1321 1428
1321 1795
1322 1384
1323 1333
1324 1388
1324 1544
1325 1423
1326 1718
1326 1864
1327 1578
1329 1818
1329 1482
1330 1466
1330 1658
1331 1470
1331 1835
1332 1507
1332 1693
1335 1421
1337 1599
1339 1479
1341 1504
1341 1768
1342 1487
1342 1866
1343 1521
1343 1586
1343 1481
1345 1698
1346 1501
1347 1449
1347 1595
1349 1410
1349 1653
1350 1474
1351 1865
1352 1514
1353 1582
1354 1569
1354 1787
1356 1473
1356 1419
1356 1644
1357 1556
1357 1559
1359 1380
1360 1534
1360 1854
1363 1596
1364 1427
1365 1477
1366 1679
1366 1804
1367 1711
1369 1663
1369 1829
1369 1589
1371 1810
1373 1411
1375 1552
1376 1809
1376 1590
1377 1410
1378 1402
1378 1836
1379 1826
1382 1676
1382 1458
1384 1626
1386 1738
1391 1610
1391 1822
1392 1490
1393 1505
1393 1621
1394 1863
1394 1611
1396 1585
1398 1434
1399 1744
1400 1511
1404 1880
1404 1624
1405 1545
1405 1650
1405 1653
1411 1573
1413 1748
1413 1783
1414 1675
1415 1546
1416 1843
1416 1492
1422 1576
1424 1703
1426 1465
1427 1560
1428 1899
1429 1611
1431 1763
1432 1645
1432 1669
1440 1631
1443 1873
1444 1509
1445 1525
1447 1794
1448 1721
1452 1519
1452 1456
1453 1775
1454 1596
1455 1881
1457 1563
1462 1650
1463 1683
1465 1679
1467 1713
1468 1668
1469 1692
1471 1713
1473 1824
1473 1681
1475 1741
1479 1808
1480 1715
1480 1717
1481 1828
1484 1814
1485 1745
1485 1756
1486 1522
1490 1687
1491 1773
1493 1835
1495 1896
1495 1703
1496 1846
1499 1692
1499 1705
1500 1800
1500 1571
1502 1634
1503 1673
1509 1793
1510 1776
1512 1540
1515 1745
1516 1855
1516 1783
1516 1751
1518 1778
1526 1642
1527 1891
1528 1841
1530 1652
1531 1871
1531 1828
1531 1817
1532 1752
1534 1772
1535 1652
1536 1832
1539 1556
1541 1667
1544 1896
1546 1674
1547 1780
1550 1594
1553 1718
1554 1693
1555 1752
1557 1657
1558 1619
1559 1897
1561 1637
1564 1702
1566 1588
1568 1825
1572 1680
1576 1843
1578 1732
1579 1759
1580 1699
1582 1642
1588 1814
1594 1762
1595 1620
1601 1617
1602 1688
1602 1747
1603 1688
1605 1867
1606 1632
1607 1842
1607 1658
1609 1802
1610 1833
1610 1868
1611 1696
1612 1682
1613 1890
1614 1892
1614 1805
1620 1825
1621 1666
1622 1724
1622 1894
1624 1853
1625 1834
1626 1736
1627 1848
1628 1758
1630 1638
1635 1664
1640 1717
1643 1836
1644 1731
1648 1891
1654 1884
1663 1852
1664 1727
1672 1811
1677 1805
1684 1872
1685 1727
1694 1810
1695 1796
1695 1697
1698 1848
1700 1727
1707 1744
1709 1757
1711 1831
1712 1767
1722 1789
1723 1734
1723 1771
1725 1873
1729 1799
1730 1800
1737 1852
1745 1768
1746 1811
1749 1785
1753 1784
1753 1776
1759 1808
1767 1770
1768 1845
1781 1873
1788 1816
1795 1872
1806 1840
1815 1838
1819 1838
1821 1854
1821 1880
1827 1897
1856 1861
1864 1887
1866 1867
