0 921
0 554
0 1015
1 157
1 1085
1 339
2 403
2 750
2 684
3 5
3 567
3 1114
4 1299
4 310
4 559
5 1398
5 554
6 1592
6 172
6 819
7 1138
7 1418
7 193
8 1290
8 519
8 1076
9 467
9 546
9 428
10 786
10 988
10 844
11 1182
11 1581
11 1489
12 919
12 1598
12 343
13 1314
13 503
13 131
14 1126
14 563
14 870
15 168
15 1463
15 870
16 1009
16 175
16 719
17 1145
17 363
17 1534
18 1244
18 1336
18 1261
19 140
19 1025
19 98
20 936
20 772
20 133
21 741
21 26
21 843
22 126
22 1322
22 190
23 1192
23 688
23 892
24 1544
24 664
24 842
25 831
25 1223
25 1115
26 472
26 1119
27 431
27 1361
27 490
28 1513
28 775
28 1078
29 1050
29 1552
29 1531
30 1305
30 1053
30 770
31 874
31 128
31 294
32 997
32 239
32 1154
33 1037
33 1004
33 321
34 225
34 790
34 385
35 635
35 951
35 71
36 888
36 1507
36 53
37 250
37 133
37 954
38 506
38 1543
38 941
39 73
39 844
39 1560
40 530
40 751
40 955
41 445
41 789
41 219
42 1011
42 117
42 595
43 561
43 1126
43 906
44 699
44 194
44 1409
45 1499
45 936
45 300
46 587
46 1309
46 261
47 434
47 406
47 1278
48 335
48 274
48 1277
49 393
49 244
49 468
50 886
50 305
50 372
51 94
51 761
51 926
52 416
52 1474
52 874
53 1055
53 707
54 850
54 477
54 1284
55 1362
55 1342
55 824
56 1113
56 266
56 965
57 990
57 1206
57 1375
58 873
58 812
58 393
59 707
59 612
59 890
60 892
60 1588
60 1503
61 941
61 222
61 981
62 377
62 811
62 235
63 635
63 971
63 675
64 1583
64 305
64 827
65 1330
65 131
65 362
66 227
66 446
66 542
67 500
67 1179
67 220
68 752
68 1249
68 149
69 923
69 388
69 1457
70 298
70 454
70 391
71 1005
71 1318
72 164
72 1554
72 600
73 855
73 647
74 904
74 1271
74 1336
75 1339
75 1233
75 1408
76 538
76 1587
76 862
77 1300
77 554
77 786
78 344
78 1260
78 119
79 376
79 589
79 1209
80 95
80 867
80 549
81 702
81 1584
81 1409
82 1319
82 263
82 607
83 364
83 323
83 125
84 1436
84 588
84 974
85 1264
85 691
85 1315
86 1504
86 1159
86 1424
87 1433
87 1206
87 868
88 216
88 556
88 767
89 1080
89 532
89 514
90 1217
90 1282
90 734
91 682
91 806
91 783
92 751
92 1492
92 987
93 465
93 1006
93 160
94 426
94 432
95 884
95 557
96 365
96 1350
96 299
97 1468
97 1515
97 258
98 984
98 1293
99 162
99 1153
99 1469
100 1272
100 714
100 375
101 737
101 817
101 928
102 227
102 878
102 861
103 998
103 833
103 663
104 354
104 455
104 678
105 846
105 489
105 114
106 969
106 533
106 646
107 866
107 361
107 161
108 1250
108 1348
108 1410
109 423
109 999
109 1212
110 253
110 1345
110 686
111 690
111 233
111 1292
112 1546
112 875
112 1531
113 1161
113 355
113 1535
114 480
114 1130
115 317
115 275
115 1391
116 537
116 658
116 1518
117 1149
117 492
118 1496
118 970
118 1074
119 670
119 640
120 1343
120 1567
120 845
121 758
121 858
121 403
122 901
122 155
122 950
123 1588
123 956
123 825
124 419
124 801
124 392
125 1568
125 1414
126 1337
126 1375
127 1143
127 1596
127 1298
128 1472
128 141
129 223
129 968
129 728
130 1394
130 958
130 1277
131 1532
132 1360
132 387
132 478
133 574
134 415
134 893
134 184
135 1599
135 738
135 555
136 766
136 702
136 1302
137 463
137 276
137 1316
138 716
138 409
138 1340
139 771
139 508
139 325
140 902
140 524
141 341
141 710
142 475
142 1359
142 581
143 257
143 1516
143 390
144 199
144 745
144 1541
145 1405
145 443
145 716
146 1309
146 758
146 1542
147 1228
147 328
147 287
148 1072
148 1062
148 876
149 1088
149 633
150 1297
150 1334
150 1279
151 185
151 738
151 409
152 256
152 1425
152 1526
153 1112
153 1356
153 491
154 1553
154 1346
154 1403
155 1502
155 1480
156 1150
156 1273
156 447
157 1378
157 852
158 1084
158 1052
158 1353
159 1131
159 254
159 561
160 856
160 761
161 1022
161 1520
162 793
162 1066
163 271
163 218
163 1423
164 1437
164 914
165 671
165 1399
165 333
166 1134
166 1378
166 234
167 698
167 899
167 454
168 999
168 175
169 316
169 495
169 941
170 681
170 1469
170 225
171 531
171 729
171 951
172 1479
172 1404
173 1390
173 657
173 924
174 1256
174 795
174 1118
175 1221
176 210
176 976
176 1408
177 840
177 911
177 287
178 829
178 971
178 617
179 571
179 862
179 953
180 1252
180 408
180 1170
181 421
181 922
181 1003
182 985
182 293
182 184
183 721
183 1399
183 1091
184 991
185 544
185 744
186 745
186 230
186 1455
187 1101
187 992
187 1181
188 1100
188 719
188 310
189 1455
189 1116
189 318
190 1124
190 422
191 1174
191 1311
191 528
192 1425
192 462
192 1311
193 473
193 679
194 444
194 506
195 442
195 671
195 1433
196 813
196 1160
196 1137
197 899
197 601
197 1552
198 402
198 1595
198 541
199 733
199 558
200 1528
200 216
200 1244
201 539
201 314
201 326
202 224
202 547
202 1543
203 1564
203 641
203 798
204 1441
204 1001
204 1360
205 520
205 575
205 1519
206 841
206 1392
206 1283
207 648
207 769
207 1361
208 1071
208 684
208 1194
209 1212
209 1490
209 1380
210 1561
210 1421
211 715
211 572
211 1213
212 1566
212 295
212 1312
213 370
213 1276
213 759
214 490
214 686
214 1220
215 823
215 1104
215 566
216 1197
217 642
217 976
217 998
218 1164
218 541
219 1160
219 816
220 1496
220 996
221 1426
221 368
221 534
222 1402
222 224
223 505
223 1483
224 1266
225 683
226 718
226 655
226 714
227 1434
228 983
228 672
228 283
229 1312
229 397
229 1073
230 1127
230 521
231 279
231 543
231 352
232 1353
232 343
232 820
233 1254
233 376
234 792
234 397
235 269
235 1175
236 495
236 304
236 824
237 630
237 288
237 547
238 1476
238 1245
238 949
239 474
239 1181
240 367
240 1416
240 1177
241 1161
241 570
241 307
242 1346
242 1373
242 782
243 1053
243 1487
243 509
244 402
244 1308
245 939
245 906
245 1475
246 1529
246 695
246 1479
247 502
247 1064
247 795
248 550
248 1061
248 1449
249 668
249 1584
249 985
250 367
250 360
251 493
251 692
251 286
252 1041
252 1266
252 1467
253 1222
253 1563
254 819
254 723
255 789
255 755
255 747
256 529
256 556
257 1522
257 420
258 1490
258 1240
259 929
259 1042
259 694
260 1588
260 825
260 860
261 357
261 913
262 293
262 560
262 288
263 1246
263 730
264 1131
264 1199
264 626
265 824
265 474
265 1412
266 1032
266 1010
267 682
267 484
267 1028
268 1168
268 420
268 1093
269 730
269 502
270 1586
270 1231
270 935
271 460
271 1031
272 444
272 1144
272 527
273 768
273 712
273 1307
274 793
274 946
275 1202
275 325
276 308
276 921
277 1268
277 1284
277 1399
278 1592
278 908
278 471
279 1156
279 1002
280 943
280 627
280 1421
281 479
281 1550
281 1000
282 1219
282 802
282 1079
283 1438
283 1556
284 1435
284 750
284 1561
285 1265
285 498
285 1050
286 1451
286 667
287 1141
288 355
289 1432
289 1388
289 425
290 746
290 362
290 1383
291 1549
291 413
291 1430
292 1014
292 1030
292 1208
293 1306
294 889
294 584
295 1422
295 1555
296 595
296 993
296 1073
297 452
297 696
297 796
298 1448
298 973
299 1029
299 1002
300 379
300 1439
301 1300
301 1340
301 701
302 1045
302 1521
302 1005
303 693
303 1067
303 1178
304 1188
304 1425
305 496
306 637
306 735
306 891
307 1450
307 1211
308 1560
308 512
309 1169
309 1009
309 1185
310 1181
311 842
311 1028
311 539
312 448
312 345
312 1159
313 1552
313 532
313 1051
314 483
314 644
315 1075
315 337
315 940
316 1596
316 1025
317 1190
317 653
318 494
318 705
319 1377
319 1127
319 1428
320 1092
320 1383
320 1062
321 569
321 627
322 915
322 765
322 1382
323 636
323 593
324 514
324 1242
324 967
325 482
326 481
326 629
327 1266
327 967
327 551
328 1541
328 759
329 545
329 518
329 1283
330 1406
330 370
330 1238
331 1249
331 768
331 474
332 1327
332 360
332 553
333 520
333 602
334 380
334 351
334 452
335 909
335 616
336 1138
336 545
336 1109
337 475
337 1057
338 500
338 467
338 1107
339 629
339 456
340 1069
340 1108
340 690
341 561
341 1555
342 711
342 1498
342 1520
343 833
344 381
344 358
345 1539
345 1358
346 1407
346 1528
346 885
347 965
347 689
347 437
348 969
348 655
348 1162
349 1404
349 361
349 453
350 791
350 1444
350 1570
351 1321
351 865
352 800
352 449
353 1111
353 1037
353 817
354 780
354 1148
355 1188
356 992
356 586
356 358
357 1513
357 1467
358 1410
359 888
359 1003
359 1402
360 989
361 639
362 922
363 792
363 1397
364 626
364 586
365 1120
365 1092
366 1040
366 866
366 1365
367 837
368 1510
368 435
369 1590
369 863
369 754
370 589
371 399
371 509
371 1412
372 374
372 396
373 1145
373 928
373 1295
374 1491
374 697
375 960
375 886
376 445
377 687
377 656
378 1231
378 963
378 632
379 511
379 725
380 972
380 441
381 942
381 859
382 702
382 1024
382 927
383 406
383 487
383 875
384 1054
384 1446
384 1393
385 889
385 1052
386 978
386 1247
386 1317
387 1033
387 1237
388 806
388 1396
389 594
389 784
389 1085
390 684
390 853
391 1509
391 1121
392 610
392 614
393 647
394 1251
394 698
394 1221
395 763
395 545
395 742
396 988
396 1521
397 1089
398 689
398 583
398 432
399 850
399 1458
400 1081
400 1523
400 888
401 484
401 1364
401 1431
402 426
403 1456
404 834
404 1275
404 407
405 508
405 475
405 510
406 972
407 1236
407 1072
408 1007
408 1492
409 1486
410 817
410 1239
410 673
411 619
411 1541
411 572
412 1316
412 766
412 913
413 1139
413 1191
414 1233
414 1436
414 666
415 996
415 479
416 418
416 1189
417 1443
417 518
417 1160
418 1572
418 1191
419 872
419 1517
420 1152
421 1039
421 1077
422 916
422 1403
423 1426
423 1586
424 1016
424 934
424 1147
425 1200
425 1325
426 1040
427 950
427 810
427 437
428 1524
428 1291
429 852
429 540
429 507
430 1453
430 1435
430 841
431 965
431 787
432 973
433 1234
433 1471
433 1317
434 1302
434 653
435 750
435 999
436 994
436 1481
436 665
437 1247
438 1371
438 566
438 1086
439 617
439 1096
439 471
440 1349
440 1000
440 1582
441 456
441 1275
442 1428
442 1081
443 1203
443 1320
444 1157
445 1183
446 978
446 496
447 954
447 453
448 764
448 1473
449 1128
449 1513
450 900
450 1445
450 773
451 1594
451 1149
451 1571
452 704
453 615
454 1337
455 1215
455 1484
456 1167
457 1527
457 628
457 670
458 519
458 652
458 828
459 1074
459 665
459 1361
460 812
460 1255
461 596
461 840
461 630
462 822
462 1568
463 1263
463 880
464 1055
464 1271
464 513
465 469
465 880
466 1047
466 1056
466 1348
467 523
468 1520
468 918
469 1065
469 816
470 805
470 818
470 631
471 1022
472 1424
472 1196
473 632
473 1342
476 1252
476 1122
476 617
477 1594
477 1464
478 703
478 516
479 1360
480 1310
480 773
481 581
481 923
482 908
482 1351
483 991
483 1183
484 1378
485 1344
485 916
485 1017
486 1345
486 521
486 822
487 1275
487 1572
488 794
488 1536
488 491
489 783
489 977
490 758
491 1465
492 1274
492 672
493 1343
493 1506
494 1043
494 1400
495 1285
496 1370
497 701
497 1365
497 1534
498 522
498 1026
499 1192
499 1094
499 1407
500 1290
501 1437
501 681
501 1268
502 729
503 778
503 1234
504 781
504 1147
504 1298
505 1435
505 947
506 1076
507 1543
507 604
508 1510
509 653
510 1359
510 1090
511 544
511 724
512 1148
512 896
513 1387
513 995
514 1563
515 1475
515 814
515 1056
516 853
516 964
517 1099
517 1477
517 1335
518 1104
519 1429
520 1528
521 1173
522 1135
522 1536
523 807
523 555
524 607
524 1294
525 820
525 1322
525 1479
526 1064
526 1232
526 1433
527 1253
527 1177
528 1198
528 1176
529 1547
529 1445
530 1134
530 810
531 1329
531 658
532 1454
533 1500
533 1571
534 615
534 875
535 717
535 1538
535 1021
536 1544
536 895
536 1083
537 1031
537 890
538 1024
538 674
539 1489
540 1106
540 1259
541 655
542 1259
542 1153
543 894
543 935
544 1504
546 1326
546 1304
547 1320
548 1217
548 645
548 683
549 1225
549 1416
550 1233
550 652
551 618
551 1451
552 1243
552 1135
552 1511
553 1328
553 1593
555 1136
556 1257
557 1303
557 1270
558 1527
558 1293
559 1136
559 674
560 930
560 1321
562 1083
562 1294
562 1133
563 1367
563 986
564 700
564 1544
564 1147
565 848
565 1256
565 930
566 1348
567 845
567 1474
568 1321
568 746
568 603
569 1441
569 1501
570 1307
570 1057
571 1468
571 1059
572 946
573 749
573 1390
573 932
574 1532
574 952
575 1413
575 1203
576 897
576 1120
576 1596
577 1460
577 1355
577 1580
578 613
578 812
578 1235
579 1159
579 703
579 901
580 836
580 883
580 1120
581 994
582 1131
582 1061
582 1406
583 1070
583 1289
584 621
584 624
585 1184
585 1418
585 1530
586 1562
587 808
587 1386
588 1045
588 1260
589 835
590 624
590 855
590 1561
591 1343
591 976
591 1011
592 1304
592 608
592 1488
593 599
593 1273
594 659
594 628
595 862
596 1529
596 1347
597 838
597 1456
597 1017
598 873
598 1579
598 1402
599 1165
599 912
600 1002
600 1514
601 1034
601 609
602 610
602 1549
603 865
603 848
604 671
604 1034
605 1285
605 944
605 1177
606 907
606 1279
606 1389
607 777
608 664
608 919
609 1416
609 979
610 1356
611 712
611 1091
611 951
612 779
612 727
613 747
613 972
614 737
614 1215
615 1121
616 799
616 1386
618 776
618 1549
619 1296
619 1597
620 761
620 864
620 1066
621 680
621 1553
622 623
622 1329
622 1420
623 1249
623 857
624 1241
625 1197
625 1043
625 1048
626 876
627 1032
628 709
629 869
630 1142
631 1208
631 877
632 756
633 660
633 1015
634 775
634 1426
634 1487
635 1031
636 1424
636 1008
637 979
637 1148
638 1190
638 1045
638 1340
639 982
639 815
640 1090
640 1272
641 930
641 659
642 1412
642 973
643 1102
643 706
643 893
644 816
644 1379
645 1174
645 728
646 1136
646 656
647 739
648 779
648 1051
649 1110
649 1265
649 741
650 1330
650 1519
650 1112
651 1068
651 1335
651 1313
652 960
654 1161
654 868
654 1362
656 1101
657 748
657 895
658 882
659 1197
660 1201
660 762
661 1058
661 1280
661 1499
662 1524
662 1064
662 1438
663 1530
663 752
664 719
665 984
666 1156
666 1192
667 1404
667 1230
668 1331
668 777
669 1201
669 1013
669 1270
670 1222
672 841
673 682
673 846
674 924
675 1318
675 778
676 1027
676 809
676 1542
677 685
677 1558
677 1207
678 1344
678 1567
679 683
679 1240
680 1428
680 787
681 834
685 1493
685 1287
686 1157
687 970
687 1352
688 1158
688 691
689 1476
690 1055
691 1060
692 1049
692 1211
693 1143
693 1046
694 704
694 1079
695 887
695 1593
696 910
696 1060
697 898
697 905
698 1274
699 1314
699 1173
700 768
700 799
701 753
703 1027
704 1349
705 1107
705 1495
706 939
706 1582
707 1572
708 1357
708 1478
708 1173
709 1248
709 1278
710 890
710 1571
711 1175
711 1369
712 881
713 932
713 1420
713 1129
714 916
715 1461
715 1522
716 870
717 1512
717 1283
718 848
718 1326
720 905
720 851
720 1287
721 969
721 1370
722 1523
722 1107
722 1548
723 1312
723 997
724 1367
724 1180
725 785
725 906
726 772
726 1012
726 759
727 1265
727 1460
728 1079
729 1074
730 1350
731 1598
731 1575
731 799
732 1494
732 1469
732 910
733 894
733 1577
734 828
734 1370
735 805
735 1154
736 861
736 1106
736 1341
737 782
738 1538
739 1210
739 794
740 1094
740 1111
740 1454
741 1165
742 922
742 980
743 1063
743 944
743 879
744 1417
744 1495
745 1113
746 1557
747 1558
748 1400
748 1166
749 1207
749 785
751 869
752 1096
753 1394
753 815
754 1494
754 924
755 1565
755 1358
756 774
756 908
757 968
757 1465
757 1576
760 1584
760 1334
760 1029
762 1187
762 1000
763 1510
763 1105
764 1569
764 1188
765 1597
765 1558
766 1418
767 1175
767 1593
769 866
769 1497
770 784
770 1151
771 961
771 1108
772 1144
773 926
774 1140
774 838
775 1331
776 1569
776 1152
777 903
778 1185
779 847
780 915
780 1071
781 1140
781 1529
782 830
783 788
784 1184
785 1194
786 997
787 1101
788 1505
788 1377
789 1246
790 1398
790 835
791 1391
791 1229
792 1376
793 878
794 1292
795 995
796 953
796 949
797 1438
797 855
797 1008
798 884
798 1007
800 1276
800 1287
801 1380
801 879
802 898
802 1196
803 946
803 903
803 940
804 1116
804 828
804 1419
805 1476
806 1527
807 1077
807 1013
808 1427
808 1302
809 1509
809 819
810 1123
811 1130
811 893
813 1061
813 830
814 882
814 912
815 868
818 1466
818 1060
820 1447
821 982
821 964
821 1230
822 1218
823 1548
823 1575
825 1297
826 1047
826 1223
826 1169
827 1409
827 1338
829 1470
829 980
830 1167
831 974
831 920
832 1255
832 1502
832 1383
833 1112
834 1226
835 1222
836 1080
836 945
837 1105
837 1114
838 1262
839 982
839 1204
839 1162
840 992
842 1058
843 1526
843 1354
844 1576
845 1163
846 1164
847 1443
847 1396
849 1133
849 1401
849 885
850 1216
851 1022
851 1264
852 1203
853 1496
854 977
854 891
854 1465
856 1278
856 1327
857 1132
857 1589
858 876
858 1539
859 1587
859 1059
860 1245
860 975
861 1235
863 891
863 1125
864 1255
864 1559
865 943
867 1171
867 1473
869 1494
871 1127
871 1117
871 1545
872 928
872 1288
873 1449
874 1313
877 1570
877 1080
878 1035
879 1489
880 1401
881 1466
881 1303
882 1253
883 1125
883 1440
884 1589
885 1204
886 1048
887 1202
887 1205
889 1393
892 1309
894 1155
895 1434
896 1444
896 993
897 920
897 1319
898 1478
899 1011
900 1024
900 1084
901 1078
902 1486
902 926
903 1511
904 956
904 1299
905 1531
907 1094
907 1269
909 1016
909 1117
910 1439
911 948
911 1447
912 1189
913 1351
914 970
914 1067
915 1310
917 1144
917 1062
917 1208
918 1427
918 1517
919 1545
920 1315
921 1382
923 927
925 940
925 1209
925 1333
927 1012
929 1068
929 1172
931 1047
931 1525
931 1054
932 1464
933 1554
933 1037
933 1240
934 1279
934 1039
935 1368
936 1518
937 983
937 1118
937 987
938 1262
938 1044
938 1035
939 1295
942 1462
942 1515
943 1540
944 954
945 1540
945 1226
947 1178
947 1569
948 1472
948 1088
949 1559
950 1509
952 1470
952 1461
953 1373
955 967
955 1341
956 1511
957 1014
957 1493
957 1354
958 1436
958 1274
959 1019
959 1341
959 1023
960 1316
961 1102
961 1363
962 1419
962 1497
962 1214
963 1271
963 1129
964 1193
966 968
966 1292
966 1087
971 1372
974 1204
975 1387
975 1508
977 1213
978 1187
979 1143
980 1020
981 989
981 1488
983 1551
984 1189
985 1012
986 1162
986 1086
987 1393
988 1110
989 1030
990 1146
990 1093
991 1437
993 1195
994 1445
995 1241
996 1001
998 1481
1001 1154
1003 1503
1004 1372
1004 1565
1005 1137
1006 1333
1006 1280
1007 1328
1008 1504
1009 1178
1010 1452
1010 1282
1013 1156
1014 1185
1015 1487
1016 1307
1017 1072
1018 1368
1018 1347
1018 1550
1019 1250
1019 1432
1020 1415
1020 1097
1021 1225
1021 1320
1023 1215
1023 1095
1025 1408
1026 1332
1026 1258
1027 1450
1028 1415
1029 1539
1030 1581
1032 1456
1033 1044
1033 1070
1034 1353
1035 1212
1036 1200
1036 1214
1036 1236
1038 1533
1038 1169
1038 1579
1039 1359
1040 1137
1041 1546
1041 1286
1042 1503
1042 1213
1043 1069
1044 1545
1046 1473
1046 1422
1048 1246
1049 1281
1049 1121
1050 1327
1051 1553
1052 1150
1053 1315
1054 1442
1056 1440
1057 1414
1058 1381
1059 1264
1063 1377
1063 1171
1065 1394
1065 1521
1066 1128
1067 1474
1068 1085
1069 1500
1070 1508
1071 1232
1073 1591
1075 1427
1075 1109
1076 1319
1077 1306
1078 1277
1081 1537
1082 1257
1082 1186
1082 1387
1083 1459
1084 1310
1086 1385
1087 1526
1087 1296
1088 1546
1089 1480
1089 1331
1090 1293
1091 1259
1092 1184
1093 1382
1095 1532
1095 1580
1096 1196
1097 1190
1097 1533
1098 1323
1098 1384
1098 1564
1099 1252
1099 1468
1100 1392
1100 1401
1102 1110
1103 1429
1103 1488
1103 1237
1104 1514
1105 1344
1106 1118
1108 1166
1109 1555
1111 1288
1113 1170
1114 1288
1115 1566
1115 1328
1116 1335
1117 1317
1119 1155
1119 1352
1122 1486
1122 1535
1123 1374
1123 1301
1124 1138
1124 1239
1125 1459
1126 1413
1128 1485
1129 1454
1130 1329
1132 1369
1132 1163
1133 1206
1134 1238
1135 1525
1139 1285
1139 1519
1140 1151
1141 1363
1141 1421
1142 1441
1142 1411
1145 1505
1146 1182
1146 1216
1149 1557
1150 1286
1151 1258
1152 1577
1153 1542
1155 1339
1157 1198
1158 1229
1158 1463
1163 1516
1164 1258
1165 1516
1166 1180
1167 1243
1168 1342
1168 1497
1170 1448
1171 1366
1172 1384
1172 1245
1174 1448
1176 1207
1176 1290
1179 1391
1179 1395
1180 1228
1182 1357
1183 1195
1186 1251
1186 1548
1187 1580
1191 1574
1193 1590
1193 1375
1194 1478
1195 1517
1198 1368
1199 1551
1199 1407
1200 1301
1201 1507
1202 1547
1205 1585
1205 1226
1209 1458
1210 1218
1210 1547
1211 1225
1214 1385
1216 1452
1217 1490
1218 1574
1219 1366
1219 1466
1220 1294
1220 1576
1221 1286
1223 1459
1224 1493
1224 1597
1224 1324
1227 1357
1227 1237
1227 1351
1228 1347
1229 1299
1230 1535
1231 1254
1232 1333
1234 1501
1235 1477
1236 1332
1238 1247
1239 1461
1241 1502
1242 1386
1242 1397
1243 1460
1244 1522
1248 1334
1248 1485
1250 1583
1251 1471
1253 1281
1254 1573
1256 1556
1257 1291
1260 1345
1261 1289
1261 1559
1262 1297
1263 1373
1263 1336
1267 1557
1267 1417
1267 1295
1268 1578
1269 1356
1269 1598
1270 1364
1272 1573
1273 1499
1276 1291
1280 1537
1281 1587
1282 1484
1284 1457
1289 1338
1296 1485
1298 1411
1300 1323
1301 1492
1303 1523
1304 1484
1305 1371
1305 1501
1306 1352
1308 1591
1308 1374
1311 1568
1313 1564
1314 1323
1318 1369
1322 1481
1324 1595
1324 1451
1325 1515
1325 1431
1326 1471
1330 1410
1332 1577
1337 1398
1338 1570
1339 1389
1346 1483
1349 1366
1350 1400
1354 1388
1355 1446
1355 1470
1358 1446
1362 1514
1363 1566
1364 1585
1365 1475
1367 1540
1371 1578
1372 1422
1374 1574
1376 1453
1376 1524
1379 1505
1379 1534
1380 1411
1381 1590
1381 1464
1384 1575
1385 1449
1388 1482
1389 1414
1390 1554
1392 1506
1395 1508
1395 1442
1396 1457
1397 1413
1403 1567
1405 1538
1405 1432
1406 1444
1415 1462
1417 1560
1419 1563
1420 1472
1423 1429
1423 1599
1430 1536
1430 1439
1431 1498
1434 1462
1440 1506
1442 1482
1443 1585
1447 1463
1450 1458
1452 1507
1453 1586
1455 1599
1467 1592
1477 1512
1480 1582
1482 1533
1483 1537
1491 1525
1491 1591
1495 1550
1498 1578
1500 1562
1512 1551
1518 1583
1530 1579
1556 1594
1562 1581
1565 1573
1589 1595
