0 126
0 1010
0 1677
1 2197
1 1120
1 2023
2 2045
2 1210
2 1381
3 1781
3 1584
3 915
4 1015
4 477
4 712
5 1614
5 1226
5 435
6 1914
6 2176
6 841
7 1534
7 92
7 1463
8 1595
8 275
8 192
9 561
9 682
9 1751
10 728
10 1408
10 571
11 1216
11 1984
11 2131
12 1402
12 1515
12 406
13 1788
13 1941
13 2200
14 1140
14 1883
14 1577
15 2186
15 2177
15 1819
16 2277
16 404
16 696
17 853
17 21
17 1426
18 713
18 195
18 1214
19 335
19 1144
19 759
20 2027
20 1491
20 1270
21 566
21 148
22 1892
22 1652
22 405
23 1829
23 1226
23 972
24 464
24 1139
24 876
25 411
25 1507
25 1322
26 331
26 121
26 2141
27 763
27 83
27 1266
28 1249
28 1774
28 509
29 1790
29 1341
29 1544
30 480
30 154
30 782
31 1331
31 1554
31 35
32 300
32 1218
32 2060
33 1915
33 1182
33 674
34 900
34 703
34 49
35 1541
35 419
36 1198
36 923
36 2143
37 56
37 1467
37 173
38 1167
38 947
38 665
39 1032
39 1643
39 1369
40 111
40 2209
40 1251
41 382
41 1677
41 1379
42 400
42 2294
42 308
43 1538
43 678
43 2083
44 1670
44 134
44 2008
45 1846
45 935
45 462
46 1921
46 323
46 2233
47 1659
47 687
47 543
48 1330
48 1077
48 1276
49 1199
49 2150
50 1386
50 1928
50 1305
51 1410
51 1035
51 1267
52 1806
52 1786
52 1505
53 119
53 121
53 608
54 354
54 919
54 1188
55 2102
55 880
55 829
56 384
56 1777
57 1409
57 1136
57 1489
58 1261
58 843
58 1935
59 1821
59 752
59 1582
60 773
60 1175
60 1024
61 821
61 893
61 1864
62 1330
62 504
62 1949
63 1432
63 79
63 1557
64 751
64 400
64 1239
65 1644
65 1114
65 1598
66 1343
66 207
66 1952
67 908
67 688
67 1888
68 340
68 511
68 1943
69 1884
69 869
69 2037
70 2245
70 1518
70 1740
71 1380
71 743
71 455
72 1015
72 366
72 2185
73 230
73 2042
73 1769
74 1134
74 1091
74 1804
75 1293
75 162
75 331
76 208
76 1236
76 934
77 1089
77 218
77 1267
78 579
78 1572
78 526
79 108
79 463
80 1513
80 544
80 1280
81 1725
81 303
81 1824
82 967
82 1323
82 1890
83 2089
83 1669
84 1217
84 2062
84 719
85 960
85 522
85 690
86 2256
86 231
86 2062
87 1415
87 1977
87 953
88 629
88 838
88 2238
89 1324
89 949
89 1843
90 418
90 369
90 394
91 531
91 2253
91 1395
92 1382
92 1396
93 2144
93 1326
93 844
94 486
94 2289
94 2172
95 267
95 1085
95 2089
96 1372
96 1161
96 349
97 136
97 1054
97 1684
98 823
98 2194
98 1389
99 569
99 427
99 1583
100 1654
100 731
100 390
101 328
101 1486
101 625
102 2167
102 582
102 940
103 188
103 2236
103 1206
104 395
104 2275
104 1194
105 595
105 2151
105 502
106 2117
106 1032
106 2288
107 2140
107 1943
107 975
108 1336
108 780
109 2273
109 1249
109 1310
110 2037
110 1389
110 324
111 890
111 530
112 2154
112 1924
112 1225
113 474
113 2098
113 1172
114 1638
114 2081
114 772
115 1329
115 1410
115 870
116 1917
116 582
116 1834
117 1646
117 527
117 2103
118 2017
118 1215
118 1856
119 846
119 1726
120 2008
120 1392
120 1870
121 1627
122 1596
122 588
122 156
123 1152
123 955
123 1793
124 832
124 1262
124 215
125 1837
125 711
125 661
126 1130
126 636
127 269
127 549
127 1963
128 801
128 1473
128 1223
129 921
129 143
129 2115
130 295
130 409
130 1511
131 772
131 308
131 1720
132 2180
132 363
132 730
133 1933
133 1842
133 376
134 1657
134 2164
135 715
135 957
135 1809
136 430
136 916
137 1418
137 2092
137 1166
138 612
138 831
138 579
139 2230
139 852
139 759
140 555
140 1061
140 1131
141 1496
141 1672
141 224
142 257
142 2237
142 529
143 1707
143 2019
144 1017
144 2175
144 1461
145 1335
145 1900
145 1019
146 262
146 309
146 1897
147 1384
147 936
147 2202
148 687
148 451
149 716
149 660
149 907
150 1493
150 1004
150 542
151 1368
151 1348
151 300
152 612
152 970
152 1372
153 1590
153 950
153 2298
154 917
154 1820
155 2283
155 2032
155 723
156 163
156 211
157 341
157 871
157 1733
158 2234
158 1936
158 1100
159 397
159 1292
159 2155
160 2297
160 1275
160 2007
161 1720
161 1333
161 1918
162 2232
162 1266
163 1438
163 1192
164 1440
164 924
164 2092
165 408
165 1393
165 1866
166 1862
166 1578
166 1171
167 1141
167 833
167 1827
168 1815
168 2029
168 234
169 1473
169 933
169 1713
170 902
170 1653
170 784
171 1309
171 1289
171 988
172 2109
172 996
172 1406
173 704
173 1654
174 398
174 480
174 460
175 2229
175 1165
175 1984
176 947
176 335
176 2137
177 598
177 745
177 2215
178 469
178 2057
178 2291
179 1780
179 1773
179 926
180 1513
180 955
180 853
181 1164
181 263
181 993
182 381
182 676
182 940
183 955
183 971
183 1095
184 1811
184 776
184 1133
185 1197
185 1609
185 2087
186 261
186 2114
186 650
187 1964
187 1093
187 312
188 1816
188 2011
189 695
189 2119
189 1074
190 763
190 1724
190 2119
191 1505
191 899
191 574
192 1813
192 339
193 1125
193 201
193 1573
194 1414
194 653
194 2058
195 342
195 1485
196 800
196 2147
196 2181
197 357
197 1131
197 583
198 1819
198 552
198 1762
199 823
199 1201
199 1500
200 1912
200 2287
200 1695
201 1244
201 879
202 2134
202 1946
202 2151
203 685
203 1540
203 2203
204 729
204 1084
204 1407
205 2283
205 2055
205 1452
206 627
206 1006
206 645
207 1710
207 2297
208 656
208 215
209 1448
209 1829
209 638
210 1040
210 1814
210 1981
211 2197
211 837
212 1912
212 1544
212 2159
213 368
213 1923
213 1844
214 646
214 1498
214 1942
215 2062
216 799
216 2211
216 1706
217 691
217 259
217 766
218 1770
218 2274
219 945
219 653
219 1147
220 963
220 834
220 294
221 2026
221 2038
221 1491
222 1985
222 1028
222 692
223 1512
223 1875
223 2013
224 1360
224 493
225 1452
225 483
225 416
226 1832
226 516
226 1638
227 346
227 327
227 790
228 2241
228 742
228 1328
229 1286
229 1837
229 2190
230 616
230 1809
231 779
231 306
232 1066
232 1880
232 565
233 589
233 591
233 278
234 2185
234 271
235 745
235 1486
235 399
236 517
236 1598
236 2032
237 1256
237 473
237 1535
238 277
238 1634
238 916
239 2161
239 2044
239 337
240 1574
240 1567
240 1361
241 1701
241 260
241 1049
242 1975
242 920
242 1838
243 1255
243 289
243 1555
244 459
244 2258
244 1377
245 1543
245 1504
245 1517
246 1801
246 726
246 663
247 2078
247 1797
247 1446
248 1194
248 2240
248 1723
249 547
249 680
249 2295
250 1110
250 1830
250 1867
251 1441
251 963
251 1866
252 2099
252 360
252 2020
253 682
253 2226
253 1781
254 1287
254 721
254 315
255 1896
255 2045
255 295
256 1501
256 1744
256 1586
257 1090
257 1382
258 1887
258 1747
258 936
259 1132
259 1704
260 288
260 1542
261 826
261 1380
262 956
262 686
263 737
263 839
264 599
264 429
264 2051
265 468
265 326
265 1193
266 2025
266 1618
266 1455
267 1167
267 630
268 1496
268 1306
268 359
269 1718
269 1781
270 1521
270 987
270 1503
271 1661
271 1428
272 1873
272 1547
272 1690
273 1517
273 1916
273 1106
274 478
274 1701
274 669
275 642
275 1815
276 1523
276 933
276 1442
277 1490
277 2257
278 1579
278 406
279 448
279 1066
279 1396
280 1493
280 882
280 1160
281 1671
281 539
281 1582
282 2001
282 2200
282 1743
283 2155
283 2059
283 1202
284 791
284 1784
284 640
285 1430
285 1344
285 2131
286 1818
286 2067
286 537
287 1916
287 342
287 821
288 1944
288 537
289 1316
289 2179
290 1797
290 342
290 525
291 447
291 691
291 1649
292 584
292 2178
292 760
293 1308
293 1686
293 1003
294 400
294 407
295 1348
296 2291
296 1833
296 1479
297 1298
297 702
297 1719
298 1673
298 1433
298 1328
299 1153
299 503
299 2171
300 610
301 1220
301 1805
301 994
302 1008
302 1328
302 1564
303 1657
303 558
304 2103
304 2195
304 2218
305 2171
305 790
305 593
306 1731
306 2020
307 1672
307 2035
307 462
308 1412
309 1532
309 933
310 1018
310 2225
310 1027
311 928
311 1909
311 1173
312 1694
312 763
313 710
313 977
313 782
314 1330
314 1224
314 837
315 1516
315 405
316 421
316 1579
316 1425
317 1452
317 1827
317 1866
318 2267
318 2292
318 1072
319 700
319 799
319 491
320 1927
320 892
320 1189
321 337
321 1207
321 2122
322 533
322 326
322 461
323 1247
323 2131
324 2188
324 2023
325 451
325 1309
325 834
326 1705
327 559
327 2095
328 871
328 1368
329 1054
329 2202
329 1314
330 1349
330 1230
330 1951
331 1283
332 1820
332 1062
332 2239
333 2205
333 1159
333 1845
334 1761
334 499
334 2128
335 524
336 362
336 2238
336 2033
337 1291
338 1516
338 1155
338 1374
339 1361
339 2101
340 864
340 1217
341 1416
341 1263
343 1413
343 616
343 1567
344 776
344 545
344 2092
345 1801
345 1334
345 2273
346 2262
346 521
347 1241
347 1376
347 1763
348 1599
348 1823
348 2022
349 929
349 1704
350 1750
350 1101
350 913
351 946
351 544
351 1714
352 627
352 363
352 1405
353 1743
353 655
353 1603
354 594
354 2009
355 2041
355 1767
355 1042
356 1882
356 719
356 686
357 1447
357 485
358 1613
358 1759
358 1088
359 1100
359 2140
360 812
360 1079
361 1385
361 803
361 1971
362 1394
362 1350
363 913
364 2004
364 429
364 1018
365 1642
365 879
365 1169
366 1696
366 520
367 2235
367 1487
367 620
368 1753
368 2001
369 903
369 819
370 1457
370 1469
370 2012
371 753
371 525
371 495
372 1965
372 2274
372 1990
373 2069
373 439
373 2282
374 2041
374 645
374 2292
375 1444
375 1711
375 565
376 821
376 758
377 747
377 1520
377 993
378 404
378 959
378 951
379 2196
379 1423
379 1907
380 722
380 1553
380 1191
381 974
381 1173
382 1654
382 1765
383 1023
383 1202
383 966
384 828
384 1315
385 1807
385 1488
385 655
386 399
386 2051
386 1725
387 671
387 1246
387 1416
388 1622
388 1822
388 2148
389 1479
389 1143
389 890
390 1752
390 1873
391 1059
391 1857
391 666
392 479
392 688
392 2034
393 843
393 1098
393 1963
394 415
394 2148
395 679
395 1927
396 1955
396 1415
396 469
397 1851
397 1755
398 1735
398 1342
399 1424
401 1703
401 579
401 1449
402 727
402 2198
402 636
403 969
403 452
403 1836
404 1216
405 2263
406 496
407 838
407 966
408 928
408 2149
409 1670
409 723
410 2228
410 1279
410 1085
411 446
411 582
412 1980
412 2091
412 1005
413 1398
413 2038
413 1115
414 2102
414 2021
414 1206
415 1383
415 2179
416 475
416 1213
417 737
417 762
417 1228
418 1239
418 675
419 2036
419 2120
420 2160
420 431
420 829
421 926
421 1758
422 2073
422 2255
422 1682
423 731
423 1605
423 668
424 1140
424 1990
424 503
425 563
425 1989
425 922
426 1644
426 1557
426 941
427 548
427 749
428 545
428 1824
428 1988
429 1711
430 1699
430 2296
431 634
431 1190
432 809
432 1665
432 1643
433 1771
433 2137
433 1886
434 1432
434 873
434 809
435 2214
435 1533
436 2182
436 1799
436 2189
437 1622
437 885
437 1296
438 1850
438 895
438 659
439 1766
439 923
440 796
440 851
440 1662
441 1962
441 1867
441 1745
442 472
442 2115
442 652
443 1427
443 735
443 872
444 586
444 758
444 2283
445 1750
445 498
445 709
446 1043
446 1213
447 2006
447 1903
448 1620
448 684
449 2088
449 1240
449 1242
450 1610
450 1403
450 764
451 1229
452 861
452 1451
453 1402
453 1094
453 909
454 1199
454 1319
454 1631
455 1530
455 2178
456 899
456 1508
456 2007
457 2017
457 1475
457 1311
458 2165
458 2066
458 832
459 1045
459 1478
460 2256
460 2093
461 1917
461 2053
462 640
463 1520
463 1656
464 1112
464 1776
465 1669
465 1092
465 1691
466 1180
466 1338
466 1429
467 583
467 2076
467 1271
468 2089
468 526
469 1509
470 2016
470 939
470 1450
471 1324
471 1944
471 507
472 1474
472 1771
473 1579
473 1254
474 1608
474 2281
475 1740
475 1409
476 1514
476 532
476 571
477 1460
477 1255
478 1980
478 1385
479 842
479 1554
480 705
481 1022
481 1566
481 786
482 1919
482 861
482 1106
483 1219
483 2096
484 1128
484 930
484 786
485 489
485 1839
486 1163
486 2068
487 964
487 1187
487 2290
488 2050
488 1082
488 1595
489 1261
489 1230
490 1887
490 2243
490 491
491 1138
492 1220
492 856
492 1418
493 1097
493 718
494 1714
494 2116
494 883
495 1495
495 2269
496 1044
496 1170
497 2113
497 585
497 1248
498 887
498 570
499 1311
499 939
500 1969
500 528
500 1627
501 942
501 2266
501 1787
502 1047
502 647
503 1421
504 1551
504 2202
505 1056
505 2272
505 1957
506 1791
506 1362
506 1640
507 1632
507 1653
508 1995
508 1899
508 1910
509 1624
509 1384
510 2173
510 714
510 1773
511 1727
511 1225
512 1663
512 1254
512 1732
513 1609
513 1104
513 1174
514 1030
514 614
514 2184
515 1635
515 900
515 1985
516 1851
516 2097
517 1551
517 2168
518 819
518 1987
518 713
519 1476
519 1204
519 1891
520 1436
520 1354
521 1102
521 774
522 1070
522 1166
523 873
523 1052
523 1837
524 1796
524 597
525 1106
526 828
527 1919
527 1641
528 1464
528 1617
529 1956
529 1244
530 2069
530 1212
531 1968
531 976
532 1938
532 2192
533 866
533 1413
534 1165
534 1361
534 1690
535 1016
535 1613
535 1626
536 892
536 697
536 1933
537 1740
538 1347
538 1187
538 1928
539 956
539 1742
540 1777
540 1748
540 1427
541 1234
541 1466
541 932
542 1537
542 704
543 2075
543 617
544 1104
545 2109
546 1194
546 1111
546 1114
547 2061
547 985
548 1390
548 2139
549 1281
549 2074
550 1300
550 1874
550 1592
551 1258
551 2228
551 677
552 2127
552 1882
553 1838
553 1288
553 2174
554 937
554 1183
554 1848
555 989
555 1671
556 972
556 1537
556 619
557 1301
557 648
557 1119
558 653
558 1141
559 1451
559 1974
560 1649
560 2037
560 1168
561 1722
561 1015
562 820
562 1716
562 1412
563 723
563 1468
564 1628
564 759
564 642
565 1137
566 2228
566 1878
567 1363
567 1320
567 1809
568 1435
568 674
568 614
569 796
569 1449
570 630
570 1403
571 1363
572 1057
572 1273
572 1662
573 2139
573 1729
573 1431
574 792
574 1621
575 1087
575 1352
575 2002
576 1490
576 1063
576 1137
577 2031
577 1336
577 2173
578 1580
578 1077
578 1732
580 1253
580 1720
580 1347
581 1871
581 2268
581 632
583 1323
584 1967
584 1035
585 1832
585 865
586 1388
586 1196
587 1113
587 1314
587 1184
588 1696
588 1588
589 1063
589 938
590 673
590 1615
590 1031
591 1676
591 1934
592 1991
592 1608
592 829
593 1889
593 2230
594 1034
594 1051
595 1999
595 1926
596 1575
596 2105
596 1876
597 1396
597 901
598 2209
598 2135
599 1782
599 1279
600 967
600 1113
600 1443
601 1325
601 1096
601 1849
602 2194
602 1147
602 777
603 1488
603 1666
603 843
604 2298
604 1629
604 2236
605 1003
605 2252
605 1581
606 1377
606 1632
606 885
607 1443
607 850
607 1945
608 842
608 738
609 1857
609 1706
609 2237
610 2090
610 2288
611 1497
611 1401
611 1137
612 1798
613 904
613 898
613 1526
614 1734
615 2004
615 882
615 1899
616 1756
617 2255
617 1630
618 652
618 1243
618 660
619 746
619 1982
620 1295
620 1339
621 1470
621 874
621 1670
622 1527
622 1000
622 1453
623 1043
623 1760
623 1419
624 806
624 1587
624 1562
625 722
625 1752
626 1545
626 1542
626 683
627 2065
628 1601
628 1549
628 1374
629 675
629 1394
630 1234
631 1594
631 1388
631 1322
632 1458
632 1151
633 636
633 1355
633 798
634 1006
634 2110
635 1554
635 641
635 1022
637 1908
637 2121
637 790
638 1061
638 2153
639 1877
639 2070
639 2261
640 898
641 851
641 757
642 1052
643 2293
643 2220
643 1241
644 747
644 1990
644 1788
645 1633
646 1836
646 1393
647 2079
647 793
648 1443
648 706
649 2019
649 1940
649 2000
650 835
650 1006
651 1543
651 1436
651 2099
652 1498
654 1530
654 1975
654 1790
655 1168
656 1723
656 1247
657 971
657 1162
657 844
658 1162
658 2087
658 1957
659 1955
659 2135
660 1496
661 1010
661 1186
662 1249
662 1985
662 908
663 2024
663 1813
664 744
664 2191
664 2227
665 1455
665 2254
666 1890
666 1294
667 1859
667 670
667 2027
668 1477
668 2189
669 1154
669 2254
670 1232
670 1954
671 1864
671 825
672 2210
672 2235
672 2150
673 1208
673 1861
674 1365
675 919
676 1009
676 2039
677 1869
677 2166
678 1922
678 1570
679 1163
679 2059
680 1375
680 916
681 2055
681 1081
681 684
682 1425
683 1510
683 743
684 2031
685 1300
685 1970
686 992
687 989
688 1573
689 2223
689 980
689 1630
690 787
690 2088
691 2221
692 1465
692 1002
693 2122
693 1357
693 1193
694 1755
694 1118
694 1874
695 1494
695 904
696 1214
696 1548
697 1220
697 1742
698 2282
698 2028
698 2174
699 987
699 1532
699 1945
700 2281
700 2161
701 1805
701 1612
701 1987
702 2154
702 1096
703 1625
703 2237
704 1647
705 1199
705 1865
706 1139
706 1364
707 1633
707 1118
707 1481
708 1932
708 1492
708 785
709 1205
709 1109
710 2207
710 962
711 1911
711 2277
712 1437
712 1404
713 1612
714 769
714 1680
715 954
715 1474
716 888
716 1397
717 1431
717 1946
717 913
718 2271
718 1095
719 1071
720 1883
720 1803
720 1463
721 1501
721 2157
722 1039
724 1569
724 970
724 1191
725 2273
725 1900
725 751
726 1158
726 1548
727 1272
727 2252
728 785
728 2218
729 1741
729 1371
730 1576
730 762
731 1999
732 1898
732 1479
732 1690
733 2094
733 1655
733 2165
734 1257
734 1683
734 1420
735 858
735 1938
736 2078
736 1926
736 2159
737 2191
738 954
738 1697
739 2153
739 1153
739 2013
740 1480
740 1845
740 1977
741 1966
741 743
741 1270
742 1678
742 1771
744 1976
744 1900
745 1826
746 1431
746 882
747 1021
748 1122
748 992
748 1201
749 990
749 848
750 1602
750 965
750 1075
751 1195
752 1655
752 1265
753 1049
753 1616
754 1092
754 2230
754 1144
755 1074
755 804
755 1510
756 1502
756 1988
756 1724
757 907
757 1032
758 1764
760 978
760 775
761 787
761 1482
761 2216
762 1115
764 2149
764 2216
765 1747
765 1523
765 1888
766 1132
766 1737
767 936
767 2220
767 865
768 1102
768 1596
768 884
769 2277
769 2079
770 1921
770 921
770 2066
771 878
771 1090
771 2087
772 1391
773 1472
773 1540
774 1470
774 2260
775 1811
775 1660
776 1391
777 1507
777 1403
778 1227
778 1569
778 1870
779 978
779 944
780 1560
780 1855
781 935
781 841
781 1802
782 1157
783 1754
783 1538
783 2133
784 868
784 1058
785 1528
786 1913
787 949
788 1237
788 1284
788 2028
789 894
789 1658
789 2005
791 1666
791 1825
792 1497
792 1995
793 979
793 1664
794 2043
794 1387
794 883
795 1936
795 1605
795 1611
796 2002
797 2004
797 835
797 1334
798 1667
798 1835
799 1465
800 1432
800 1893
801 2000
801 2168
802 2265
802 2125
802 2179
803 2127
803 2022
804 1189
804 1264
805 810
805 1429
805 990
806 1633
806 901
807 1783
807 1176
807 1621
808 1323
808 889
808 1772
809 1201
810 1664
810 1314
811 1693
811 1958
811 1926
812 1925
812 1434
813 1340
813 2081
813 1062
814 1071
814 1998
814 1033
815 1041
815 899
815 1931
816 968
816 1848
816 1698
817 1663
817 1555
817 1691
818 1155
818 1457
818 1810
819 1940
820 2137
820 1465
822 983
822 1582
822 1737
823 1784
824 2265
824 2181
824 2141
825 2098
825 1439
826 1847
826 1994
827 1707
827 1477
827 873
828 1481
830 1296
830 1807
830 2238
831 1394
831 1000
832 2010
833 1852
833 1078
834 2206
835 1812
836 2293
836 1821
836 1187
837 2163
838 1436
839 1833
839 1792
840 1886
840 906
840 1845
841 1205
842 1406
844 2120
845 2100
845 1717
845 1651
846 1947
846 1376
847 1156
847 2205
847 1265
848 914
848 1852
849 2224
849 1343
849 1401
850 1599
850 2075
851 1637
852 1241
852 1079
853 1738
854 877
854 1252
854 1574
855 2164
855 1441
855 1665
856 1400
856 2201
857 2054
857 1867
857 1228
858 1710
858 1021
859 2014
859 1712
859 1855
860 2212
860 912
860 2130
861 1065
862 1539
862 1639
862 997
863 1925
863 2157
863 2071
864 1101
864 1273
865 2298
866 1808
866 1108
867 1299
867 1138
867 2177
868 1060
868 2108
869 998
869 1451
870 2183
870 2121
871 1494
872 1703
872 1119
874 1318
874 1935
875 1503
875 976
875 1795
876 953
876 1760
877 1904
877 1667
878 1959
878 1730
879 1186
880 1122
880 1856
881 1103
881 1047
881 2210
883 2057
884 2138
884 918
885 908
886 918
886 1305
886 902
887 1156
887 2272
888 2067
888 1562
889 2086
889 2276
890 1349
891 1029
891 1863
891 1678
892 1368
893 1794
893 1915
894 1868
894 998
895 1152
895 1281
896 1239
896 2217
896 1548
897 1920
897 2187
897 2015
898 1222
900 1135
901 1031
902 2032
903 1476
903 1964
904 1011
905 2242
905 2196
905 1649
906 2106
906 1975
907 1463
909 1278
909 1533
910 1020
910 2281
910 949
911 1671
911 2245
911 1086
912 1933
912 1983
914 1390
914 2046
915 1886
915 1989
917 2116
917 1280
918 2046
919 1676
920 2083
920 1195
921 1489
922 1370
922 1979
923 2082
924 2259
924 1522
925 1010
925 1001
925 1156
926 1278
927 1635
927 1894
927 1480
928 1878
929 1588
929 2206
930 1143
930 2245
931 1089
931 1247
931 2003
932 1949
932 1841
934 2058
934 1889
935 1890
937 1392
937 1713
938 1570
938 2099
939 1709
940 1746
941 1823
941 948
942 2124
942 1259
943 2065
943 2152
943 1294
944 1950
944 1566
945 1512
945 2111
946 2007
946 1834
947 1651
948 1698
948 1363
950 1078
950 1162
951 2074
951 2296
952 2028
952 2163
952 1221
953 1227
954 991
956 2121
957 1800
957 989
958 1313
958 1536
958 1034
959 1575
959 1193
960 1460
960 2223
961 2035
961 1764
961 2176
962 1411
962 1620
963 1165
964 1024
964 1853
965 2030
965 1461
966 1371
967 2276
968 2068
968 1134
969 1441
969 2040
970 992
971 1630
972 2295
973 2003
973 1036
973 1536
974 1341
974 2080
975 2182
975 1772
976 1476
977 1692
977 1715
978 2269
979 2016
979 2130
980 1114
980 2019
981 1170
981 1526
981 2231
982 1516
982 1299
982 2183
983 1198
983 1686
984 1320
984 2050
984 1570
985 1367
985 2285
986 1522
986 1262
986 1395
987 1005
988 1966
988 1738
990 2036
991 1257
991 2233
993 1149
994 1830
994 1392
995 1594
995 1212
995 1854
996 2141
996 1818
997 1624
997 2108
998 1860
999 2295
999 1483
999 1604
1000 1250
1001 1846
1001 1381
1002 1325
1002 1839
1003 1789
1004 1813
1004 1310
1005 2190
1007 1461
1007 1705
1007 1144
1008 2123
1008 1565
1009 2052
1009 1115
1011 1971
1011 1833
1012 1482
1012 1819
1012 1402
1013 1095
1013 1308
1013 1552
1014 1629
1014 1689
1014 1033
1016 1029
1016 1706
1017 1552
1017 2070
1018 1846
1019 1876
1019 2248
1020 2125
1020 1549
1021 1360
1022 1136
1023 1042
1023 2016
1024 1831
1025 2211
1025 1078
1025 1676
1026 1041
1026 2167
1026 1059
1027 1288
1027 1645
1028 1618
1028 2214
1029 1420
1030 1573
1030 1585
1031 1317
1033 1453
1034 1511
1035 2102
1036 1204
1036 2132
1037 1070
1037 1272
1037 2260
1038 1568
1038 2112
1038 1430
1039 2111
1039 1248
1040 1631
1040 1345
1041 1339
1042 1840
1043 1126
1044 1311
1044 1158
1045 1442
1045 1083
1046 1503
1046 1880
1046 1264
1047 1409
1048 2029
1048 1659
1048 1132
1049 2297
1050 2180
1050 2222
1050 1462
1051 1454
1051 1952
1052 1685
1053 1696
1053 1931
1053 1711
1054 1185
1055 2076
1055 2024
1055 1652
1056 1448
1056 1112
1057 1151
1057 1937
1058 1472
1058 1863
1059 1277
1060 2188
1060 1586
1061 2031
1062 2234
1063 1224
1064 1650
1064 2258
1064 1810
1065 1245
1065 1997
1066 1355
1067 1113
1067 2096
1067 1820
1068 1124
1068 1345
1068 1914
1069 1853
1069 1966
1069 2223
1070 1972
1071 2266
1072 2279
1072 2286
1073 1435
1073 2123
1073 1191
1074 1767
1075 1477
1075 2132
1076 1427
1076 2038
1076 1861
1077 1675
1079 1668
1080 1352
1080 1456
1080 1460
1081 1726
1081 1754
1082 2160
1082 1468
1083 1303
1083 1736
1084 1107
1084 1607
1085 1258
1086 1148
1086 1351
1087 1749
1087 1213
1088 2129
1088 2060
1089 1701
1090 1305
1091 1283
1091 1580
1092 1541
1093 2107
1093 2222
1094 1342
1094 1923
1096 1347
1097 1255
1097 1839
1098 1301
1098 1822
1099 1269
1099 1888
1099 2156
1100 1692
1101 1799
1102 1366
1103 2254
1103 1828
1104 2261
1105 1544
1105 1506
1105 1872
1107 1700
1107 1828
1108 1539
1108 1357
1109 2034
1109 1646
1110 1447
1110 1748
1111 1397
1111 2156
1112 1419
1116 1631
1116 1301
1116 2095
1117 1399
1117 1126
1117 1792
1118 1130
1119 1417
1120 1171
1120 1196
1121 1359
1121 1404
1121 1780
1122 2292
1123 2241
1123 1811
1123 1961
1124 1909
1124 1758
1125 1718
1125 1233
1126 1589
1127 1289
1127 2048
1127 2220
1128 1913
1128 1519
1129 2158
1129 2296
1129 2243
1130 1411
1131 1864
1133 1993
1133 1958
1134 1288
1135 1169
1135 1284
1136 1687
1138 1614
1139 1423
1140 1709
1141 2113
1142 1183
1142 1422
1142 1500
1143 1159
1145 2036
1145 1980
1145 2018
1146 2226
1146 1885
1146 1976
1147 1346
1148 2155
1148 1437
1149 1842
1149 1988
1150 1253
1150 1851
1150 2059
1151 1246
1152 1282
1153 1307
1154 2084
1154 1571
1155 2030
1157 1348
1157 1351
1158 1484
1159 1175
1160 2151
1160 2229
1161 1306
1161 2026
1163 2227
1164 1805
1164 1997
1166 1258
1167 1512
1168 1663
1169 1734
1170 2043
1171 1816
1172 1596
1172 1245
1173 1661
1174 1883
1174 1531
1175 2086
1176 1870
1176 1602
1177 1179
1177 1905
1177 1973
1178 1230
1178 1618
1178 1860
1179 1346
1179 1581
1180 2048
1180 2276
1181 1986
1181 1735
1181 2225
1182 1329
1182 1407
1183 2129
1184 1439
1184 1981
1185 1509
1185 2096
1186 1776
1188 1914
1188 1390
1189 2280
1190 2166
1190 1553
1192 2201
1192 2172
1195 2112
1196 1644
1197 1319
1197 1545
1198 1387
1200 1626
1200 1826
1200 1242
1202 1367
1203 1550
1203 1242
1203 1908
1204 1667
1205 1735
1206 1855
1207 1989
1207 1835
1208 1878
1208 1458
1209 1359
1209 1679
1209 1266
1210 1773
1210 2165
1211 1639
1211 1338
1211 1229
1212 1372
1214 2231
1215 1831
1215 2282
1216 1920
1217 1941
1218 1313
1218 1723
1219 1617
1219 1982
1221 2259
1221 1622
1222 1417
1222 1609
1223 1693
1223 2072
1224 1774
1225 1923
1226 1850
1227 1408
1228 1603
1229 1674
1231 1756
1231 1527
1231 2069
1232 1380
1232 1373
1233 1722
1233 1902
1234 1849
1235 1608
1235 1499
1235 1717
1236 1274
1236 1892
1237 1600
1237 2120
1238 2123
1238 2057
1238 1524
1240 1315
1240 2027
1243 2162
1243 1360
1244 1761
1245 1755
1246 1430
1248 1804
1250 1457
1250 2081
1251 1685
1251 2270
1252 2145
1252 2134
1253 1712
1254 1304
1256 1339
1256 2190
1257 1440
1259 1921
1259 1505
1260 2175
1260 1768
1260 2033
1261 1745
1262 1996
1263 1469
1263 1470
1264 1604
1265 1894
1267 1814
1268 1972
1268 1800
1268 2049
1269 1617
1269 1540
1270 1513
1271 1695
1271 1708
1272 1893
1273 1948
1274 1843
1274 1550
1275 1682
1275 1641
1276 1298
1276 1808
1277 2227
1277 2240
1278 2271
1279 1826
1280 2208
1281 2216
1282 1796
1282 1898
1283 2003
1284 1816
1285 1686
1285 1577
1285 1594
1286 1957
1286 2044
1287 1591
1287 1751
1289 1454
1290 2224
1290 1906
1290 1681
1291 1721
1291 1312
1292 1804
1292 1385
1293 1807
1293 1680
1294 1577
1295 2195
1295 1531
1296 1924
1297 1688
1297 2174
1297 2164
1298 1353
1299 1398
1300 1414
1302 1636
1302 2222
1302 1950
1303 2214
1303 2006
1304 2161
1304 2271
1306 1444
1307 1960
1307 1932
1308 2133
1309 1978
1310 1365
1312 2294
1312 1583
1313 2274
1315 1971
1316 2014
1316 1510
1317 1929
1317 1879
1318 2169
1318 1413
1319 1584
1320 1531
1321 1712
1321 1404
1321 1675
1322 1892
1324 1559
1325 1410
1326 1798
1326 1899
1327 2168
1327 2170
1327 1808
1329 2207
1331 1871
1331 2129
1332 1849
1332 2261
1332 2053
1333 1553
1333 1965
1334 1399
1335 1571
1335 1356
1336 1590
1337 2051
1337 1482
1337 1912
1338 1987
1340 1927
1340 2242
1341 1789
1342 1528
1343 1765
1344 2209
1344 1875
1345 1515
1346 2175
1349 1901
1350 1766
1350 1759
1351 1416
1352 2105
1353 1865
1353 1367
1354 1692
1354 1373
1355 2146
1356 1703
1356 1660
1357 2193
1358 2013
1358 2244
1358 1564
1359 2250
1362 1763
1362 1979
1364 1462
1364 2180
1365 1621
1366 2246
1366 2171
1369 1448
1369 2108
1370 1383
1370 2039
1371 1401
1373 2158
1374 1587
1375 2088
1375 2063
1376 2106
1377 1386
1378 1646
1378 2243
1378 1858
1379 1433
1379 2065
1381 1741
1382 2299
1383 1397
1384 2066
1386 2192
1387 2047
1388 1749
1389 1884
1391 2181
1393 1640
1395 1429
1398 1657
1399 1798
1400 1731
1400 2185
1405 2157
1405 2226
1406 1974
1407 1799
1408 1970
1411 1824
1412 2106
1414 2244
1415 1943
1417 1541
1418 1906
1419 2009
1420 1471
1421 2064
1421 1464
1422 1877
1422 2147
1423 1450
1424 1693
1424 2186
1425 1893
1426 2114
1426 1636
1428 1556
1428 1471
1433 1903
1434 1597
1434 1726
1435 2204
1437 1668
1438 2100
1438 1698
1439 2203
1440 2286
1442 1901
1444 1854
1445 1918
1445 1642
1445 2249
1446 2154
1446 1558
1447 2093
1449 1687
1450 1687
1453 2262
1454 2250
1455 2280
1456 1902
1456 1566
1458 1586
1459 1863
1459 2218
1459 1825
1462 1506
1464 2076
1466 2085
1466 1785
1467 2128
1467 1614
1468 1868
1469 1514
1471 1665
1472 1829
1473 1788
1474 1599
1475 1860
1475 1700
1478 1655
1478 1589
1480 2021
1481 1542
1483 1558
1483 2126
1484 1759
1484 1952
1485 1546
1485 1751
1486 1508
1487 1588
1487 1681
1488 2040
1489 1672
1490 1930
1491 1738
1492 1697
1492 1623
1493 1583
1494 1685
1495 1724
1495 2253
1497 1664
1498 1992
1499 2015
1499 1507
1500 1605
1501 1802
1502 1831
1502 1709
1504 2212
1504 2189
1506 2049
1508 1603
1509 1592
1511 2071
1514 2117
1515 1827
1517 2132
1518 1840
1518 1643
1519 1976
1519 1979
1520 1911
1521 2077
1521 2251
1522 1895
1523 2100
1524 2113
1524 1634
1525 1785
1525 1752
1525 1956
1526 2139
1527 1729
1528 2136
1529 1978
1529 2079
1529 2199
1530 1702
1532 1997
1533 2284
1534 1844
1534 2109
1535 1847
1535 1919
1536 2022
1537 2012
1538 2041
1539 1917
1543 2152
1545 1779
1546 1994
1546 2058
1547 1637
1547 1956
1549 1612
1550 2250
1551 2198
1552 1862
1555 2042
1556 2006
1556 2285
1557 1787
1558 2030
1559 1806
1559 2053
1560 1578
1560 1638
1561 1675
1561 1841
1561 1578
1562 1753
1563 2162
1563 1922
1563 1737
1564 1746
1565 1858
1565 1905
1567 1910
1568 2009
1568 2097
1569 1721
1571 1823
1572 2077
1572 2210
1574 2140
1575 1791
1576 1911
1576 1628
1580 1907
1581 1623
1584 1896
1585 1953
1585 1732
1587 2163
1589 1995
1590 1880
1591 2233
1591 1905
1592 1784
1593 2033
1593 1739
1593 1958
1595 1730
1597 2011
1597 1981
1598 1647
1600 1775
1600 1708
1601 1743
1601 1815
1602 1922
1604 1620
1606 2247
1606 1961
1606 1918
1607 1775
1607 1830
1610 1721
1610 2080
1611 1969
1611 2279
1613 1640
1615 1821
1615 1915
1616 1897
1616 1778
1619 1964
1619 1678
1619 2285
1623 2114
1624 2186
1625 2241
1625 1694
1626 1978
1627 1634
1628 2118
1629 1659
1632 1910
1635 1681
1636 1770
1637 1658
1639 1986
1641 1896
1642 2187
1645 1786
1645 2012
1647 2192
1648 2097
1648 2144
1648 1835
1650 2177
1650 1902
1651 2110
1652 1898
1653 2146
1656 1850
1656 1688
1658 1727
1660 2287
1661 2080
1662 1791
1666 1718
1668 1736
1669 1828
1673 1817
1673 1944
1674 2182
1674 1789
1677 2299
1679 1765
1679 1748
1680 2268
1682 2026
1683 1858
1683 1775
1684 1790
1684 2270
1688 2260
1689 1803
1689 1999
1691 2082
1694 2011
1695 1769
1697 2290
1699 1865
1699 1872
1700 2204
1702 2221
1702 2142
1704 2055
1705 2248
1707 2153
1708 1920
1710 1946
1713 2246
1714 2143
1715 1901
1715 1950
1716 1998
1716 2267
1717 1792
1719 1760
1719 1812
1722 1746
1725 1744
1727 2263
1728 2217
1728 2184
1728 2116
1729 2264
1730 1992
1731 1803
1733 2278
1733 1772
1734 2142
1736 1854
1739 1925
1739 2071
1741 2126
1742 1780
1744 1800
1745 2084
1747 1778
1749 2240
1750 2235
1753 1832
1754 2074
1756 2194
1757 2018
1757 1929
1757 2077
1758 1967
1761 1810
1762 2073
1762 2184
1763 2275
1764 2232
1766 2104
1767 2014
1768 2251
1768 1972
1769 2040
1770 1875
1774 2234
1776 2122
1777 2158
1778 2001
1779 1877
1779 1962
1782 2183
1782 2098
1783 1949
1783 2270
1785 2064
1786 2195
1787 1841
1793 1904
1793 2101
1794 1874
1794 2249
1795 2091
1795 2279
1796 2117
1797 2023
1801 1882
1802 1903
1806 1992
1812 1876
1814 2111
1817 1940
1817 2119
1818 1909
1822 2138
1825 2063
1834 2061
1836 1936
1838 2126
1840 2242
1842 1941
1843 2284
1844 2094
1847 2178
1848 1977
1852 2083
1853 2061
1856 2134
1857 2166
1859 2136
1859 1869
1861 2170
1862 2200
1868 2275
1869 1967
1871 1968
1872 1932
1873 1937
1879 1891
1879 2246
1881 2056
1881 1934
1881 1904
1884 2204
1885 1983
1885 1986
1887 2196
1889 2118
1891 2224
1894 2176
1895 2150
1895 1930
1897 2115
1906 2086
1907 1935
1908 2299
1913 2169
1916 2294
1924 2256
1928 2213
1929 1945
1930 2221
1931 2021
1934 2156
1937 2236
1938 2278
1939 2060
1939 2138
1939 2110
1942 2072
1942 2091
1947 1974
1947 2264
1948 1954
1948 2056
1951 2101
1951 1973
1953 2070
1953 2135
1954 2284
1955 2291
1959 1996
1959 2133
1960 2124
1960 2015
1961 2095
1962 2090
1963 2005
1965 2068
1968 2105
1969 1996
1970 2145
1973 2280
1982 2002
1983 2219
1984 2191
1991 2056
1991 2067
1993 2259
1993 2198
1994 2090
1998 2289
2000 2034
2005 2229
2008 2212
2010 2167
2010 2258
2017 2239
2018 2035
2020 2025
2024 2213
2025 2049
2029 2205
2039 2225
2042 2160
2043 2073
2044 2143
2045 2172
2046 2162
2047 2170
2047 2287
2048 2288
2050 2219
2052 2136
2052 2149
2054 2148
2054 2293
2063 2268
2064 2201
2072 2147
2075 2272
2078 2107
2082 2128
2084 2263
2085 2252
2085 2290
2093 2193
2094 2203
2103 2286
2104 2244
2104 2207
2107 2239
2112 2257
2118 2173
2124 2262
2125 2144
2127 2199
2130 2208
2142 2232
2145 2249
2146 2231
2152 2278
2159 2193
2169 2289
2187 2211
2188 2257
2197 2255
2199 2215
2206 2247
2208 2269
2213 2217
2215 2253
2219 2247
2248 2265
2251 2266
2264 2267
