0 1619
0 2375
0 1413
1 1794
1 2579
1 1072
2 1842
2 236
2 1405
3 1618
3 1080
3 997
4 1956
4 556
4 692
5 328
5 587
5 2252
6 1477
6 1723
6 2088
7 459
7 2134
7 140
8 1864
8 531
8 2411
9 1229
9 513
9 2568
10 1411
10 1875
10 206
11 1315
11 2309
11 800
12 852
12 2209
12 2029
13 2339
13 2126
13 780
14 976
14 1616
14 1993
15 1976
15 1539
15 781
16 2338
16 1823
16 1129
17 1650
17 161
17 1641
18 1934
18 2318
18 1802
19 595
19 2538
19 1479
20 1661
20 1581
20 1668
21 989
21 2472
21 1684
22 1831
22 665
22 513
23 2405
23 1448
23 2267
24 673
24 264
24 983
25 124
25 1238
25 2160
26 2284
26 2432
26 1990
27 1199
27 1185
27 988
28 1139
28 339
28 2005
29 2474
29 1524
29 1496
30 946
30 442
30 1841
31 1666
31 1419
31 1474
32 449
32 770
32 1731
33 1858
33 1257
33 874
34 2126
34 2513
34 2118
35 719
35 57
35 2462
36 522
36 416
36 2511
37 439
37 1788
37 1939
38 2215
38 2396
38 488
39 2056
39 574
39 166
40 286
40 2252
40 1130
41 251
41 2393
41 2539
42 609
42 957
42 1103
43 1012
43 1466
43 2522
44 1354
44 758
44 1267
45 1549
45 396
45 1433
46 1014
46 2303
46 519
47 601
47 1882
47 177
48 1988
48 1617
48 1927
49 1957
49 957
49 1459
50 490
50 51
50 1362
51 927
51 1973
52 614
52 2194
52 1436
53 1009
53 704
53 1711
54 220
54 1006
54 2543
55 1519
55 321
55 2275
56 1036
56 852
56 324
57 90
57 1195
58 1573
58 505
58 524
59 358
59 671
59 2038
60 2558
60 2416
60 2145
61 1711
61 2276
61 1463
62 1130
62 2173
62 363
63 2101
63 386
63 1259
64 494
64 793
64 1090
65 866
65 1450
65 210
66 1900
66 441
66 1271
67 1351
67 803
67 1358
68 724
68 1013
68 2277
69 2003
69 2467
69 1468
70 1735
70 2021
70 2341
71 110
71 203
71 127
72 1923
72 1208
72 478
73 2460
73 1823
73 359
74 1651
74 2004
74 1439
75 420
75 1855
75 568
76 1719
76 1179
76 233
77 1773
77 1708
77 1835
78 2340
78 625
78 847
79 1720
79 754
79 99
80 92
80 828
80 1589
81 422
81 1664
81 286
82 138
82 1034
82 662
83 2175
83 2035
83 165
84 1689
84 2078
84 1079
85 2368
85 925
85 1896
86 1267
86 1326
86 1911
87 960
87 755
87 635
88 188
88 1593
88 1186
89 862
89 1814
89 1134
90 2128
90 1136
91 1135
91 2463
91 868
92 2439
92 2553
93 2590
93 249
93 1417
94 2361
94 353
94 474
95 1877
95 1837
95 1512
96 903
96 572
96 693
97 2384
97 2012
97 1545
98 246
98 922
98 2553
99 1648
99 275
100 207
100 1709
100 2294
101 2528
101 522
101 1924
102 1462
102 168
102 158
103 1516
103 241
103 882
104 690
104 758
104 1138
105 1662
105 748
105 1026
106 2051
106 1004
106 1981
107 2192
107 2466
107 381
108 2518
108 1442
108 1027
109 1192
109 125
109 913
110 1693
110 1077
111 632
111 149
111 936
112 1173
112 1071
112 2115
113 1451
113 2259
113 1941
114 1536
114 1607
114 2424
115 1592
115 2038
115 2479
116 1243
116 693
116 552
117 2264
117 165
117 1237
118 1707
118 672
118 2308
119 692
119 1514
119 2142
120 2191
120 822
120 249
121 2277
121 1020
121 2521
122 1472
122 1898
122 2255
123 1169
123 932
123 2399
124 2494
124 1552
125 2104
125 1368
126 1783
126 2385
126 2125
127 831
127 1194
128 1165
128 527
128 959
129 1560
129 924
129 517
130 1356
130 737
130 1844
131 1064
131 1685
131 319
132 1749
132 2223
132 341
133 1429
133 2580
133 2534
134 2368
134 1046
134 1098
135 1180
135 951
135 731
136 626
136 2134
136 2580
137 1931
137 1624
137 1979
138 571
138 877
139 2541
139 1085
139 1531
140 2293
140 2539
141 2202
141 1258
141 1384
142 685
142 769
142 1278
143 430
143 2210
143 1222
144 2248
144 968
144 2546
145 2495
145 1266
145 2204
146 2112
146 2435
146 1488
147 2082
147 2589
147 1490
148 2169
148 1377
148 1697
149 2388
149 2568
150 1757
150 670
150 2345
151 496
151 694
151 1315
152 1597
152 1718
152 2187
153 1170
153 2143
153 1734
154 255
154 411
154 1051
155 2109
155 1990
155 2340
156 2255
156 755
156 1805
157 1937
157 1813
157 879
158 1486
158 1561
159 1201
159 591
159 626
160 2365
160 603
160 495
161 2317
161 1120
162 2220
162 678
162 2588
163 294
163 1774
163 563
164 1438
164 2404
164 2181
165 1261
166 1307
166 2558
167 1452
167 1087
167 1886
168 1387
168 409
169 1400
169 1391
169 2516
170 960
170 421
170 437
171 2167
171 2467
171 1874
172 814
172 1394
172 811
173 1324
173 875
173 679
174 2311
174 1348
174 271
175 257
175 743
175 944
176 884
176 200
176 706
177 2250
177 358
178 2438
178 1948
178 1761
179 2465
179 1254
179 1607
180 1737
180 889
180 252
181 2496
181 1546
181 1977
182 1967
182 870
182 907
183 647
183 495
183 1211
184 2128
184 2162
184 2054
185 460
185 1749
185 2559
186 1913
186 2434
186 804
187 1188
187 726
187 1179
188 2537
188 889
189 484
189 1170
189 1062
190 2281
190 781
190 1626
191 1487
191 2380
191 1454
192 2074
192 454
192 272
193 1024
193 1181
193 1210
194 2505
194 1173
194 1363
195 2066
195 2420
195 2336
196 2355
196 585
196 1271
197 2592
197 1163
197 776
198 1291
198 1984
198 542
199 1823
199 913
199 1582
200 744
200 452
201 504
201 1587
201 1560
202 496
202 442
202 500
203 2271
203 943
204 550
204 1933
204 2001
205 2117
205 1946
205 2125
206 2150
206 1726
207 1763
207 213
208 1611
208 1440
208 2544
209 883
209 1878
209 305
210 2076
210 948
211 829
211 975
211 691
212 2477
212 261
212 1498
213 1220
213 2348
214 2524
214 2385
214 275
215 314
215 937
215 1824
216 1606
216 1619
216 1446
217 2412
217 1475
217 1966
218 2168
218 1730
218 1534
219 1764
219 2369
219 2315
220 299
220 1898
221 856
221 2233
221 2331
222 441
222 2374
222 2441
223 2470
223 369
223 1629
224 2185
224 2286
224 1517
225 488
225 818
225 350
226 1906
226 1709
226 646
227 740
227 766
227 1211
228 455
228 1133
228 2566
229 672
229 2546
229 608
230 2022
230 1131
230 2031
231 703
231 916
231 2416
232 1153
232 757
232 775
233 1249
233 861
234 2294
234 2253
234 479
235 1892
235 627
235 858
236 1178
236 2201
237 1685
237 2327
237 1643
238 1422
238 2185
238 370
239 1518
239 647
239 2223
240 1663
240 1732
240 723
241 316
241 868
242 994
242 1084
242 1396
243 1639
243 538
243 1122
244 2108
244 1967
244 2349
245 1467
245 415
245 538
246 1453
246 1718
247 2230
247 2059
247 2526
248 312
248 2288
248 2352
249 911
250 1918
250 510
250 1373
251 2160
251 2419
252 2520
252 2567
253 1786
253 1083
253 1604
254 284
254 617
254 819
255 2056
255 1295
256 2059
256 320
256 2374
257 1521
257 983
258 391
258 2478
258 838
259 1119
259 317
259 946
260 1980
260 2324
260 2083
261 1517
261 1719
262 1521
262 440
262 642
263 357
263 2254
263 1159
264 1526
264 1318
265 1265
265 1357
265 1522
266 1703
266 2039
266 1380
267 420
267 2527
267 1787
268 2414
268 2329
268 2584
269 506
269 1003
269 2196
270 1511
270 2273
270 501
271 415
271 1920
272 939
272 578
273 918
273 2050
273 689
274 919
274 2047
274 1453
275 1136
276 2569
276 376
276 2445
277 1999
277 409
277 1102
278 1684
278 1598
278 530
279 2566
279 596
279 1217
280 2009
280 1878
280 387
281 2432
281 1982
281 398
282 1085
282 2109
282 1778
283 2189
283 1034
283 1612
284 2313
284 2122
285 2002
285 1784
285 873
286 1523
287 1683
287 1761
287 342
288 1984
288 1182
288 653
289 1393
289 1814
289 2058
290 2080
290 385
290 2286
291 984
291 2165
291 2487
292 710
292 1681
292 2114
293 1588
293 2350
293 2176
294 2133
294 935
295 2318
295 2179
295 997
296 1880
296 2366
296 1875
297 2241
297 959
297 1347
298 2001
298 2556
298 909
299 790
299 1135
300 1336
300 722
300 1340
301 1291
301 2557
301 1095
302 1652
302 2423
302 1569
303 1694
303 2155
303 2045
304 2225
304 497
304 1578
305 1494
305 525
306 2475
306 1849
306 1947
307 2096
307 1612
307 315
308 1791
308 470
308 2501
309 1572
309 1505
309 1321
310 1591
310 513
310 376
311 1726
311 1023
311 1696
312 977
312 697
313 1217
313 701
313 2293
314 1846
314 1497
315 2210
315 418
316 2259
316 394
317 1620
317 599
318 1318
318 2137
318 1665
319 1061
319 335
320 2237
320 1020
321 629
321 2428
322 1445
322 1968
322 1011
323 1974
323 2384
323 2012
324 1260
324 500
325 480
325 380
325 1717
326 1527
326 735
326 740
327 2283
327 1624
327 747
328 448
328 2303
329 2464
329 1023
329 1673
330 1576
330 2506
330 376
331 2165
331 1891
331 505
332 2244
332 2470
332 2571
333 1828
333 1399
333 1754
334 1628
334 2359
334 1976
335 2549
335 949
336 559
336 1908
336 568
337 1300
337 518
337 785
338 1831
338 1104
338 1189
339 809
339 1218
340 435
340 1099
340 1410
341 696
341 2484
342 518
342 2211
343 2296
343 2462
343 1114
344 1170
344 1790
344 2003
345 2136
345 1786
345 2274
346 1747
346 779
346 1247
347 2161
347 1063
347 924
348 1736
348 1637
348 828
349 1055
349 2356
349 2279
350 1243
350 1537
351 1214
351 1776
351 1813
352 2337
352 651
352 602
353 2501
353 1102
354 2334
354 2016
354 2131
355 2240
355 2023
355 2124
356 1058
356 419
356 2297
357 1534
357 1986
358 1856
359 699
359 2128
360 1793
360 2358
360 498
361 2064
361 1092
361 633
362 2145
362 953
362 382
363 715
363 1343
364 2014
364 674
364 718
365 2457
365 1235
365 2484
366 1228
366 446
366 2188
367 2510
367 1723
367 1559
368 2074
368 675
368 2320
369 2337
369 780
370 691
370 856
371 2071
371 1006
371 469
372 2357
372 894
372 2149
373 483
373 1379
373 1863
374 621
374 2300
374 2161
375 543
375 1339
375 843
377 2163
377 842
377 486
378 1782
378 939
378 2217
379 2156
379 737
379 2447
380 1866
380 773
381 1305
381 2353
382 445
382 1076
383 1223
383 1314
383 668
384 2586
384 785
384 2439
385 1240
385 1713
386 2205
386 2597
387 634
387 1615
388 540
388 1569
388 777
389 1371
389 2506
389 2267
390 1966
390 1112
390 2203
391 1324
391 2285
392 2107
392 1566
392 1607
393 660
393 2525
393 1458
394 1670
394 1445
395 569
395 428
395 1544
396 927
396 686
397 1352
397 782
397 535
398 1724
398 1443
399 669
399 2147
399 1947
400 592
400 715
400 705
401 1881
401 2357
401 776
402 1295
402 2168
402 2124
403 1797
403 1338
403 2077
404 2342
404 1284
404 439
405 1774
405 1409
405 2204
406 1839
406 2330
406 1669
407 1126
407 474
407 2560
408 1504
408 2490
408 1253
409 855
410 2310
410 934
410 2281
411 1050
411 1811
412 841
412 1200
412 2004
413 1725
413 2232
413 1861
414 1109
414 1333
414 532
415 2035
416 1530
416 1525
417 1362
417 1708
417 2033
418 2101
418 1410
419 1110
419 1860
420 2166
421 1370
421 979
422 1343
422 1369
423 2528
423 1716
423 2391
424 663
424 547
424 1067
425 909
425 1527
425 889
426 741
426 2015
426 1301
427 2123
427 1088
427 1418
428 798
428 1569
429 1625
429 1222
429 1575
430 2333
430 596
431 526
431 1428
431 1015
432 2322
432 1894
432 2305
433 2137
433 1573
433 2416
434 2373
434 524
434 778
435 917
435 1948
436 900
436 1871
436 1879
437 1960
437 1301
438 1481
438 1244
438 1927
439 853
440 896
440 1890
441 1696
442 542
443 2113
443 2226
443 2018
444 1245
444 1373
444 1762
445 2481
445 2238
446 975
446 1880
447 1317
447 2563
447 914
448 1197
448 882
449 873
449 1703
450 1488
450 664
450 2326
451 1673
451 2159
451 1447
452 2512
452 1540
453 1056
453 1939
453 1923
454 1360
454 1490
455 2518
455 472
456 702
456 2315
456 1458
457 2360
457 530
457 933
458 1750
458 1710
458 2509
459 1602
459 2136
460 1483
460 1365
461 1422
461 1822
461 575
462 542
462 2253
462 1782
463 641
463 2564
463 725
464 1958
464 1279
464 608
465 1195
465 801
465 564
466 1118
466 865
466 722
467 2378
467 1644
467 865
468 1456
468 1316
468 1406
469 1657
469 1672
470 1244
470 1127
471 2315
471 1031
471 1995
472 1783
472 529
473 687
473 1405
473 2202
474 1289
475 2355
475 1993
475 1705
476 867
476 1144
476 2194
477 784
477 1049
477 972
478 711
478 549
479 1636
479 1600
480 2481
480 1234
481 1692
481 2454
481 2589
482 1144
482 1916
482 2149
483 679
483 1745
484 1753
484 1203
485 885
485 525
485 1178
486 783
486 2011
487 607
487 1028
487 1056
488 1362
489 2319
489 1878
489 1959
490 1768
490 2443
491 2198
491 2181
491 846
492 864
492 2287
492 2030
493 2051
493 1329
493 1763
494 791
494 1398
495 2556
496 1078
497 1816
497 2217
498 1951
498 2041
499 2571
499 1824
499 987
500 676
501 2324
501 840
502 2445
502 2437
502 2091
503 1941
503 897
503 1693
504 1515
504 2577
505 2380
506 1887
506 1884
507 971
507 1592
507 2408
508 2425
508 2479
508 763
509 1208
509 1069
509 541
510 2409
510 767
511 1460
511 1224
511 719
512 538
512 1369
512 1106
514 1156
514 1657
514 599
515 654
515 1251
515 1465
516 1507
516 1964
516 2341
517 746
517 1053
518 1769
519 1035
519 1105
520 1510
520 2287
520 1275
521 1787
521 677
521 1188
522 1037
523 1059
523 1202
523 2456
524 1509
525 1655
526 1161
526 2537
527 1395
527 2189
528 1296
528 821
528 989
529 2256
529 2098
530 752
531 1859
531 704
532 1033
532 775
533 2207
533 2594
533 1539
534 1296
534 1609
534 1513
535 2385
535 2485
536 935
536 1335
536 930
537 1612
537 635
537 760
539 554
539 2068
539 965
540 1899
540 2533
541 1789
541 646
543 808
543 2550
544 1917
544 1279
544 973
545 2023
545 1996
545 2209
546 742
546 1212
546 1378
547 2099
547 1042
548 1250
548 1514
548 2044
549 2227
549 2451
550 1740
550 2364
551 1642
551 1863
551 688
552 1605
552 1427
553 602
553 2092
553 1416
554 1510
554 1965
555 1190
555 1634
555 995
556 1446
556 1614
557 961
557 1048
557 2234
558 2001
558 922
558 1840
559 750
559 2426
560 705
560 2282
560 1801
561 833
561 1019
561 1248
562 1194
562 680
562 871
563 1187
563 1172
564 1028
564 687
565 1022
565 1633
565 1790
566 1179
566 1866
566 1427
567 1819
567 771
567 2100
568 1977
569 1442
569 2100
570 1347
570 1149
570 2486
571 1005
571 1376
572 845
572 1210
573 923
573 901
573 1830
574 2527
574 584
575 2319
575 933
576 629
576 911
576 628
577 1596
577 1464
577 1742
578 1065
578 727
579 2560
579 1508
579 2105
580 2587
580 2303
580 1104
581 1021
581 2323
581 2559
582 1864
582 2129
582 1015
583 1296
583 887
583 2229
584 1799
584 1206
585 1621
585 1270
586 2431
586 1476
586 2528
587 893
587 2097
588 2203
588 1751
588 2350
589 1867
589 981
589 1589
590 1260
590 2467
590 2587
591 1799
591 1667
592 622
592 2257
593 1061
593 855
593 948
594 2147
594 1037
594 1887
595 1789
595 1151
596 931
597 1551
597 1281
597 1856
598 2588
598 771
598 2292
599 1165
600 2146
600 735
600 1685
601 2418
601 1645
602 1690
603 1632
603 2222
604 2448
604 1700
604 920
605 1432
605 1080
605 1677
606 806
606 2358
606 2338
607 2448
607 2418
608 2573
609 1280
609 2468
610 870
610 806
610 1646
611 1623
611 2352
611 1969
612 964
612 2124
612 1497
613 2107
613 2219
613 1237
614 2334
614 788
615 2379
615 1745
615 823
616 1916
616 2064
616 1833
617 2407
617 2372
618 2062
618 2228
618 2266
619 2488
619 1169
619 1934
620 1758
620 822
620 1421
621 1394
621 1795
622 843
622 1000
623 1300
623 1205
623 2110
624 1004
624 1347
624 823
625 1658
625 1830
626 1163
627 1380
627 709
628 1838
628 1302
629 878
630 777
630 1263
630 2429
631 2504
631 796
631 2507
632 1816
632 1183
633 2084
633 1225
634 1449
634 1406
635 2490
636 2258
636 1793
636 1505
637 872
637 2065
637 1826
638 2249
638 2589
638 2465
639 1871
639 2314
639 2205
640 1737
640 866
640 2401
641 1777
641 1221
642 1403
642 2014
643 2185
643 1700
643 834
644 1073
644 1815
644 1762
645 2497
645 876
645 1066
646 2491
647 717
648 2111
648 2268
648 1422
649 1163
649 2427
649 1415
650 2500
650 1756
650 2086
651 2261
651 1889
652 1620
652 2584
652 1176
653 2492
653 1129
654 1389
654 2007
655 2483
655 733
655 2013
656 2008
656 1555
656 992
657 1321
657 2135
657 1905
658 1788
658 2211
658 1670
659 751
659 1351
659 2322
660 1339
660 1096
661 1293
661 1659
661 1045
662 2419
662 2105
663 1478
663 2351
664 2479
664 2291
665 840
665 1923
666 1726
666 2148
666 1590
667 1994
667 1566
667 1429
668 1851
668 1788
669 849
669 1542
670 1522
670 1360
671 1631
671 2596
672 2131
673 1142
673 1936
674 879
674 1335
675 919
675 1518
676 1095
676 1200
677 2484
677 733
678 1639
678 1310
679 1556
680 1706
680 2542
681 2492
681 1049
681 908
682 846
682 2437
682 2353
683 891
683 1481
683 2505
684 1409
684 2292
684 1247
685 791
685 1161
686 1128
686 2381
687 1585
688 1850
688 2197
689 2498
689 2468
690 2138
690 1276
691 696
692 2474
693 1436
694 811
694 2306
695 2515
695 1602
695 968
696 707
697 2444
697 2206
698 1717
698 734
698 2575
699 1566
699 1852
700 1292
700 1536
700 2056
701 2381
701 1522
702 1079
702 2095
703 1438
703 952
704 1828
705 2177
706 1394
706 2322
707 2339
707 1911
708 2089
708 1266
708 1452
709 2189
709 1219
710 1759
710 2500
711 1848
711 950
712 978
712 2338
712 1547
713 2463
713 1346
713 1548
714 1707
714 881
714 2162
715 750
716 1584
716 1983
716 1599
717 883
717 2550
718 1987
718 1067
719 2565
720 2162
720 2449
720 1453
721 990
721 1404
721 1164
722 1628
723 2493
723 1921
724 2509
724 1609
725 2086
725 754
726 2041
726 1876
727 938
727 1327
728 1645
728 2421
728 2270
729 2200
729 1639
729 1698
730 1350
730 1689
730 1423
731 849
731 1299
732 1154
732 1756
732 1978
733 1695
734 1545
734 1888
735 2063
736 1779
736 2156
736 1154
737 2232
738 1954
738 1583
738 1960
739 778
739 2104
739 1874
740 1935
741 2250
741 2362
742 2304
742 2091
743 1424
743 1503
744 809
744 1001
745 2002
745 2102
745 1477
746 1940
746 1910
747 1518
747 1479
748 2373
748 2387
749 2454
749 1815
749 2247
750 1583
751 2508
751 1817
752 2165
752 1854
753 1326
753 1594
753 942
754 1532
755 1382
756 2468
756 2274
756 1333
757 2098
757 1564
758 1664
759 1192
759 1613
759 1321
760 1820
760 1526
761 1428
761 1322
761 2459
762 1691
762 2347
762 1998
763 1827
763 1354
764 781
764 2062
764 1967
765 1540
765 1982
765 1274
766 1384
766 1731
767 1456
767 1567
768 1289
768 2583
768 1474
769 2075
769 2541
770 2572
770 962
771 2141
772 2316
772 1879
772 1935
773 1325
773 2191
774 906
774 1340
774 2027
775 1775
776 1224
777 1002
778 2536
779 877
779 1626
780 1804
782 2005
782 931
783 1435
783 1002
784 1881
784 811
785 798
786 2557
786 1617
786 1113
787 1586
787 2485
787 1353
788 2540
788 1054
789 2584
789 1766
789 2459
790 1715
790 2325
791 1393
792 1303
792 1280
792 1325
793 955
793 982
794 1529
794 1797
794 2306
795 1358
795 2298
795 1329
796 1558
796 1207
797 2122
797 1792
797 1250
798 2571
799 1012
799 1821
799 1777
800 2510
800 851
801 2313
801 902
802 1051
802 2389
802 1949
803 2297
803 2433
804 1047
804 2242
805 1293
805 1780
805 1720
806 1644
807 2290
807 1774
807 2580
808 1088
808 1562
809 1463
810 1140
810 2057
810 1201
812 2320
812 1958
812 1483
813 1687
813 995
813 2526
814 2063
814 967
815 1043
815 1057
815 1042
816 2520
816 1473
816 1929
817 1123
817 2415
817 2321
818 1275
818 960
819 930
819 2221
820 1017
820 1582
820 824
821 2243
821 1344
822 1444
823 1889
824 1151
824 2063
825 1543
825 1073
825 1341
826 1495
826 858
826 2525
827 1550
827 969
827 896
828 1428
829 879
829 1079
830 835
830 2164
830 1722
831 2452
831 2070
832 2476
832 1048
832 1337
833 1681
833 2044
834 1057
834 1294
835 1154
835 2569
836 1775
836 1230
836 1242
837 2367
837 1686
837 1175
838 2421
838 2280
839 1567
839 1848
839 1223
840 1769
841 1459
841 1276
842 2231
842 1233
843 1890
844 1320
844 1392
844 1015
845 990
845 1943
846 857
847 1807
847 2458
848 908
848 1029
848 2411
849 2444
850 2190
850 1692
850 1230
851 1287
851 1660
852 1147
853 1038
853 2410
854 1524
854 1052
854 1972
855 1148
856 1146
857 1286
857 1299
858 2140
859 2079
859 932
859 2365
860 2044
860 1861
860 1310
861 1636
861 1901
862 2103
862 1468
863 1199
863 948
863 2151
864 1507
864 894
865 1872
866 1738
867 929
867 2110
868 1356
869 995
869 1789
869 2535
870 2137
871 1758
871 936
872 1556
872 980
873 1359
874 1018
874 1688
875 2309
875 1441
876 2305
876 985
877 1141
878 2193
878 2526
880 1432
880 1553
880 1883
881 2368
881 2281
882 1653
883 1383
884 1379
884 1541
885 1068
885 1564
886 1796
886 984
886 1375
887 1262
887 2245
888 1071
888 2475
888 1168
890 1715
890 1398
890 1882
891 1955
891 1862
892 2024
892 1533
892 1863
893 1912
893 993
894 2047
895 1066
895 2447
895 2471
896 1870
897 2577
897 1091
898 968
898 2455
898 2310
899 981
899 1758
899 2134
900 1308
900 1385
901 1117
901 2251
902 1844
902 1597
903 2347
903 2448
904 2429
904 2243
904 2540
905 2439
905 2537
905 1216
906 1809
906 2028
907 2366
907 912
908 2403
909 2170
910 1234
910 2371
910 1324
911 1926
912 2354
912 2019
913 1846
914 1480
914 1744
915 1105
915 2514
915 1876
916 1565
916 1732
917 2402
917 2157
918 989
918 2536
919 1245
920 2560
920 2363
921 1032
921 2590
921 2447
922 2343
923 1544
923 2404
924 2000
925 2298
925 2554
926 1085
926 1256
926 1533
927 2391
928 2118
928 1106
928 1868
929 1763
929 1255
930 2464
931 1035
932 1836
933 2110
934 1642
934 1874
935 1676
936 1649
937 2284
937 947
938 1314
938 1387
939 1350
940 2575
940 1093
940 2031
941 2422
941 1496
941 2192
942 2562
942 2241
943 1979
943 1942
944 1099
944 2321
945 2570
945 2108
945 1326
946 1055
947 2114
947 1826
949 2222
949 1485
950 2325
950 1082
951 1290
951 1770
952 2567
952 1961
953 2027
953 2043
954 1426
954 1485
954 1014
955 1140
955 2540
956 1972
956 1366
956 2084
957 1355
958 1041
958 1188
958 1213
959 1007
961 1377
961 2414
962 1001
962 963
963 2127
963 1077
964 2573
964 1502
965 2174
965 2285
966 1220
966 1991
966 2331
967 1687
967 1019
969 1544
969 1417
970 1455
970 2302
970 1371
971 1311
971 1081
972 1160
972 2550
973 1065
973 1357
974 2010
974 2386
974 1992
975 2275
976 2148
976 1623
977 1174
977 2074
978 1155
978 2154
979 1027
979 1193
980 1910
980 2121
981 2006
982 1829
982 1055
983 1120
984 1111
985 1842
985 2214
986 1150
986 2246
986 1586
987 2591
987 1217
988 2221
988 2081
990 1390
991 2249
991 1039
991 2406
992 2335
992 1249
993 1141
993 1696
994 1227
994 1086
996 1029
996 1604
996 1940
997 2187
998 2027
998 2017
998 1386
999 1831
999 1656
999 2264
1000 1331
1000 2362
1001 1095
1002 2489
1003 2379
1003 2516
1004 1405
1005 2524
1005 1411
1006 1575
1007 1060
1007 1953
1008 2272
1008 2052
1008 2363
1009 1166
1009 1795
1010 1604
1010 2049
1010 2175
1011 2170
1011 1094
1012 2043
1013 1714
1013 2026
1014 1465
1016 1819
1016 1951
1016 1435
1017 2262
1017 2409
1018 1284
1018 1190
1019 1478
1020 2230
1021 1810
1021 1482
1022 2154
1022 1125
1023 1658
1024 2098
1024 1354
1025 1913
1025 1131
1025 1590
1026 1415
1026 1707
1027 1414
1028 2505
1029 1682
1030 1319
1030 1677
1030 2376
1031 2127
1031 1632
1032 2393
1032 1226
1033 1117
1033 2145
1034 1370
1035 1862
1036 1624
1036 1430
1037 1989
1038 1073
1038 1971
1039 1416
1039 1953
1040 1877
1040 1281
1040 2449
1041 1481
1041 2225
1042 2531
1043 1075
1043 1423
1044 1503
1044 1152
1044 1759
1045 1650
1045 2271
1046 1516
1046 1981
1047 2578
1047 2292
1048 2366
1049 1675
1050 1444
1050 1269
1051 2208
1052 2032
1052 1231
1053 2364
1053 2502
1054 2272
1054 1332
1056 1113
1057 1615
1058 2034
1058 1219
1059 2433
1059 2236
1060 2212
1060 1907
1061 1596
1062 2376
1062 1560
1063 1189
1063 1416
1064 1652
1064 2502
1065 1701
1066 2572
1067 1911
1068 1254
1068 1145
1069 2405
1069 2069
1070 1270
1070 2594
1070 1072
1071 1137
1072 1272
1074 2518
1074 1552
1074 2382
1075 1922
1075 1649
1076 1694
1076 2500
1077 1228
1078 2049
1078 1780
1080 2593
1081 1833
1081 2419
1082 1765
1082 1559
1083 2521
1083 1323
1084 1904
1084 2555
1086 1654
1086 1666
1087 2120
1087 1271
1088 1294
1089 1155
1089 1873
1089 2183
1090 2176
1090 1593
1091 1126
1091 1615
1092 1637
1092 1750
1093 2353
1093 1406
1094 2501
1094 1879
1096 2441
1096 1792
1097 2097
1097 2154
1097 1748
1098 1337
1098 1462
1099 1557
1100 1920
1100 2284
1100 2278
1101 1767
1101 2109
1101 1928
1102 2267
1103 1141
1103 1632
1104 1239
1105 2010
1106 1898
1107 1613
1107 1108
1107 1820
1108 2328
1108 1172
1109 2287
1109 1654
1110 2307
1110 2574
1111 1261
1111 1470
1112 1279
1112 1778
1113 2132
1114 1254
1114 1652
1115 2502
1115 2208
1115 2122
1116 1267
1116 1499
1116 2426
1117 2344
1118 1158
1118 2208
1119 2271
1119 2285
1120 1613
1121 2453
1121 2155
1121 1905
1122 1720
1122 2383
1123 1537
1123 1173
1124 2160
1124 1970
1124 1273
1125 1686
1125 1334
1126 2399
1127 2531
1127 1886
1128 2088
1128 2495
1129 2529
1130 2255
1131 1832
1132 1779
1132 2585
1132 2201
1133 1229
1133 1991
1134 2050
1134 2085
1135 2469
1136 2551
1137 2200
1137 1917
1138 1147
1138 2435
1139 1259
1139 1695
1140 2494
1142 1538
1142 2257
1143 1741
1143 1568
1143 2173
1144 1714
1145 1892
1145 2300
1146 1926
1146 2342
1147 1273
1148 1559
1148 1312
1149 1712
1149 1581
1150 1947
1150 1303
1151 2517
1152 1648
1152 1198
1153 2213
1153 1884
1155 1784
1156 2013
1156 1743
1157 2592
1157 2258
1157 2182
1158 1651
1158 2460
1159 1319
1159 2396
1160 1915
1160 1328
1161 1779
1162 1537
1162 2573
1162 2169
1164 1732
1164 1568
1165 2231
1166 1374
1166 1675
1167 2481
1167 1492
1167 1306
1168 2348
1168 1921
1169 1450
1171 2072
1171 1963
1171 1891
1172 2361
1174 1727
1174 2482
1175 1640
1175 2478
1176 1714
1176 1402
1177 2577
1177 2227
1177 1434
1178 2032
1180 1319
1180 1651
1181 2547
1181 1414
1182 1702
1182 2167
1183 1808
1183 2193
1184 1523
1184 1656
1184 1264
1185 1287
1185 2065
1186 1391
1186 1468
1187 2367
1187 2249
1189 2294
1190 1812
1191 1676
1191 2260
1191 1314
1192 2471
1193 2521
1193 1344
1194 1227
1195 2417
1196 2184
1196 2332
1196 2520
1197 2400
1197 1986
1198 1754
1198 2301
1199 2578
1200 2251
1201 2246
1202 2020
1202 2280
1203 2582
1203 1497
1204 1825
1204 1806
1204 1265
1205 2067
1205 1574
1206 2132
1206 1407
1207 1585
1207 1712
1208 1668
1209 1551
1209 1841
1209 2205
1210 1997
1211 1804
1212 2052
1212 1692
1213 1957
1213 2393
1214 2248
1214 1950
1215 1256
1215 1263
1215 2093
1216 1900
1216 2112
1218 1493
1218 2101
1219 2006
1220 2552
1221 2491
1221 2117
1222 1482
1223 1668
1224 1372
1225 2401
1225 1302
1226 1643
1226 2442
1227 1678
1228 2191
1229 1572
1230 2259
1231 1381
1231 1884
1232 2413
1232 1950
1232 1635
1233 2138
1233 1807
1234 1242
1235 2283
1235 1550
1236 2365
1236 1986
1236 1304
1237 1392
1238 2562
1238 1979
1239 1538
1239 2543
1240 1269
1240 1757
1241 2497
1241 2466
1241 2279
1242 1913
1243 1709
1244 1273
1245 1968
1246 1806
1246 1376
1246 1404
1247 2324
1248 1424
1248 1427
1249 1470
1250 1614
1251 2556
1251 1509
1252 1336
1252 2378
1252 2050
1253 1418
1253 1388
1255 2473
1255 1706
1256 2080
1257 2498
1257 2240
1258 1976
1258 1799
1259 1740
1260 1785
1261 2588
1262 1374
1262 2554
1263 1713
1264 1461
1264 1849
1265 2037
1266 2149
1268 2548
1268 2551
1268 2443
1269 2535
1270 2497
1272 2461
1272 1825
1274 2177
1274 2270
1275 1819
1276 2214
1277 2349
1277 2326
1277 2133
1278 1285
1278 2257
1280 2196
1281 1546
1282 1731
1282 2123
1282 2288
1283 1721
1283 1472
1283 1628
1284 1437
1285 1356
1285 2024
1286 2155
1286 2029
1287 1682
1288 2477
1288 1531
1288 2405
1289 2069
1290 1693
1290 2383
1291 2493
1292 1304
1292 1300
1293 1840
1294 1365
1295 1608
1297 2320
1297 1527
1297 2092
1298 2073
1298 1474
1298 2159
1299 1389
1301 2099
1302 1501
1303 1466
1304 2279
1305 1306
1305 1719
1306 2247
1307 2488
1307 2579
1308 1376
1308 1678
1309 2539
1309 2156
1309 2506
1310 1420
1311 2473
1311 2351
1312 2169
1312 1644
1313 2511
1313 1562
1313 1345
1315 2411
1316 2076
1316 2360
1317 2557
1317 2298
1318 1638
1320 1608
1320 1994
1322 1855
1322 1523
1323 1810
1323 2174
1325 1888
1327 2529
1327 2296
1328 1922
1328 1683
1329 1704
1330 1451
1330 1905
1330 2054
1331 1867
1331 1924
1332 1352
1332 1498
1333 1800
1334 1625
1334 1892
1335 2332
1336 2097
1337 2195
1338 1506
1338 1962
1339 2112
1340 1365
1341 1603
1341 2161
1342 1431
1342 1395
1342 2144
1343 1845
1344 1747
1345 1897
1345 1946
1346 2152
1346 1988
1348 2598
1348 1843
1349 2450
1349 2472
1349 2177
1350 2140
1351 2367
1352 1928
1353 2264
1353 2025
1355 2012
1355 1949
1357 1873
1358 2406
1359 1938
1359 2238
1360 1421
1361 1543
1361 1756
1361 2599
1363 2212
1363 2100
1364 1433
1364 1814
1364 1883
1366 2274
1366 2263
1367 2493
1367 2400
1367 1499
1368 2188
1368 2236
1369 2046
1370 1925
1371 1893
1372 1937
1372 1958
1373 1755
1374 2117
1375 2017
1375 1952
1377 2120
1378 2312
1378 1660
1379 1630
1380 2053
1381 1833
1381 1901
1382 1548
1382 1937
1383 1977
1383 2075
1384 1519
1385 2061
1385 1918
1386 2458
1386 1443
1387 1595
1388 2450
1388 1821
1389 1752
1390 2239
1390 2440
1391 2307
1392 2172
1393 1674
1395 2062
1396 2323
1396 2136
1397 1952
1397 2070
1397 1686
1398 2034
1399 2395
1399 1859
1400 2182
1400 2544
1401 2301
1401 1854
1401 1801
1402 1489
1402 1978
1403 1608
1403 2371
1404 2350
1407 2290
1407 1580
1408 2212
1408 2106
1408 1877
1409 1818
1410 2532
1411 2164
1412 2135
1412 2226
1412 1599
1413 1531
1413 1426
1414 1666
1415 1770
1417 2219
1418 2428
1419 2582
1419 2199
1420 1821
1420 1735
1421 2531
1423 1647
1424 1532
1425 2454
1425 1764
1425 2251
1426 1555
1429 2002
1430 2172
1430 2507
1431 2151
1431 1844
1432 2252
1433 1555
1434 2586
1434 1771
1435 1546
1436 1762
1437 2061
1437 1465
1438 1579
1439 1563
1439 1722
1440 1781
1440 1746
1441 2504
1441 2418
1442 1909
1443 2119
1444 1671
1445 1500
1446 2364
1447 2402
1447 1724
1448 2273
1448 2055
1449 2583
1449 1738
1450 2256
1451 2460
1452 1506
1454 2150
1454 2182
1455 2206
1455 2394
1456 1570
1457 2123
1457 1807
1457 2480
1458 1580
1459 2092
1460 2314
1460 2230
1461 1598
1461 2309
1462 2402
1463 1861
1464 2591
1464 1835
1466 2508
1467 2067
1467 2213
1469 1733
1469 2120
1469 2376
1470 2216
1471 1517
1471 1549
1471 1895
1472 1586
1473 2248
1473 1690
1475 1925
1475 2486
1476 2046
1476 1809
1477 2260
1478 1944
1479 2157
1480 1625
1480 2436
1482 1491
1483 1529
1484 2130
1484 1966
1484 2475
1485 1494
1486 2263
1486 2532
1487 1970
1487 2073
1488 1605
1489 2105
1489 1944
1490 1945
1491 1646
1491 2263
1492 2142
1492 2426
1493 1903
1493 2173
1494 2421
1495 2403
1495 2139
1496 1782
1498 1813
1499 1547
1500 1609
1500 1832
1501 2360
1501 2427
1502 1545
1502 2466
1503 2039
1504 1601
1504 2438
1505 2568
1506 2503
1507 1764
1508 1663
1508 2371
1509 2579
1510 2220
1511 2111
1511 1783
1512 1727
1512 1893
1513 1978
1513 2036
1514 2455
1515 2194
1515 1929
1516 1697
1519 2545
1520 2407
1520 2225
1520 1554
1521 1591
1524 1535
1525 2508
1525 1743
1526 1721
1528 2586
1528 1993
1528 1803
1529 2007
1530 1674
1530 2094
1532 2396
1533 2078
1534 1724
1535 2461
1535 1855
1536 1971
1538 2057
1539 1811
1540 1918
1541 1675
1541 2153
1542 2566
1542 1698
1543 2511
1547 1837
1548 2535
1549 2417
1550 2028
1551 2409
1552 1765
1553 2167
1553 1990
1554 2507
1554 2390
1556 2094
1557 2186
1557 1858
1558 2313
1558 2045
1561 2057
1561 2046
1562 2593
1563 2318
1563 1890
1564 2581
1565 2089
1565 2513
1567 2498
1568 2598
1570 1851
1570 2083
1571 1868
1571 1761
1571 2061
1572 2487
1573 2068
1574 1622
1574 1689
1575 1914
1576 2272
1576 1852
1577 2081
1577 2216
1577 1957
1578 2142
1578 1791
1579 2562
1579 2015
1580 1702
1581 2004
1582 1760
1583 1811
1584 2245
1584 2163
1585 1591
1587 2178
1587 1949
1588 2532
1588 1841
1589 2186
1590 2503
1592 2055
1593 2237
1594 2187
1594 1800
1595 2434
1595 2166
1596 1904
1597 2296
1598 2291
1599 2339
1600 2070
1600 2220
1601 1835
1601 2576
1602 2530
1603 2362
1603 2316
1605 2349
1606 1812
1606 2054
1610 2554
1610 2334
1610 1928
1611 2023
1611 2133
1614 2590
1616 2453
1616 2445
1617 2025
1618 1688
1618 2146
1619 2036
1620 2574
1621 2383
1621 1637
1622 2346
1622 1664
1623 2077
1626 2567
1627 2108
1627 2025
1627 1802
1629 2561
1629 2489
1630 2599
1630 1705
1631 2176
1631 1973
1633 1677
1633 1885
1634 2087
1634 2545
1635 2290
1635 2071
1636 1727
1638 1853
1638 2144
1640 2530
1640 1997
1641 2548
1641 1860
1642 2524
1643 2386
1645 2087
1646 1725
1647 2592
1647 2197
1648 2268
1649 2276
1650 1753
1653 1989
1653 2499
1654 1768
1655 1908
1655 1744
1656 1736
1657 1710
1658 1843
1659 2330
1659 2451
1660 1944
1661 2413
1661 2440
1662 1834
1662 2398
1663 1699
1665 2009
1665 2369
1667 1739
1667 2171
1669 2499
1669 1729
1670 2348
1671 1721
1671 1747
1672 1915
1672 1872
1673 2308
1674 2549
1676 2289
1678 1690
1679 1752
1679 2243
1679 2375
1680 1805
1680 1907
1680 2572
1681 1871
1682 1991
1683 2089
1684 2452
1687 1873
1688 1912
1691 2325
1691 2547
1694 2198
1695 2436
1697 2043
1698 2141
1699 1705
1699 1827
1700 2394
1701 1847
1701 1897
1702 2355
1703 1959
1704 1828
1704 2082
1706 1862
1708 2143
1710 2302
1711 1834
1712 2449
1713 2330
1715 1903
1716 2261
1716 1906
1717 2308
1718 2171
1722 2341
1723 2127
1725 1883
1728 2328
1728 2034
1728 1968
1729 2079
1729 2388
1730 2431
1730 2410
1733 2372
1733 1832
1734 2433
1734 1963
1735 1801
1736 2430
1737 2083
1738 2457
1739 2277
1739 2095
1740 1909
1741 1772
1741 2269
1742 2496
1742 2594
1743 2413
1744 1798
1745 2488
1746 2011
1746 2115
1748 2517
1748 1895
1749 2152
1750 2483
1751 2053
1751 1924
1752 2581
1753 2316
1754 1853
1755 2407
1755 2446
1757 1954
1759 2095
1760 2119
1760 2299
1765 2329
1766 2412
1766 2228
1767 2477
1767 2304
1768 2387
1769 2551
1770 2538
1771 1856
1771 1943
1772 2235
1772 1839
1773 2476
1773 2224
1775 1776
1776 1839
1777 2523
1778 2214
1780 1912
1781 2295
1781 2415
1784 2146
1785 1919
1785 1888
1786 1931
1787 2561
1790 2031
1791 2434
1792 2431
1793 1829
1794 2389
1794 2210
1795 2246
1796 2397
1796 1916
1797 2213
1798 2450
1798 2116
1800 1869
1802 1914
1803 2238
1803 1887
1804 2398
1805 1866
1806 2040
1808 2314
1808 2121
1809 2489
1810 2019
1812 1915
1815 2010
1816 2244
1817 1948
1817 2513
1818 2415
1818 1934
1820 1942
1822 2544
1822 2236
1824 1825
1826 1983
1827 2312
1829 2222
1830 2265
1834 2042
1836 2265
1836 2232
1837 2224
1838 1847
1838 2486
1840 2317
1842 2299
1843 2003
1845 2226
1845 1962
1846 2343
1847 2576
1848 1963
1849 2028
1850 2150
1850 2480
1851 2373
1852 1960
1853 2593
1854 1930
1857 2147
1857 2474
1857 2319
1858 2392
1859 1903
1860 1906
1864 2386
1865 2072
1865 2066
1865 2399
1867 2533
1868 2047
1869 2335
1869 2130
1870 2283
1870 2328
1872 1969
1875 2026
1876 2420
1880 2389
1881 1897
1882 2060
1885 2534
1885 2561
1886 2188
1889 2258
1891 2512
1893 1980
1894 2000
1894 2435
1895 2201
1896 2218
1896 1899
1899 2195
1900 2444
1901 2406
1902 2344
1902 2346
1902 2547
1904 2250
1907 2429
1908 2184
1909 2327
1910 2370
1914 2085
1917 2203
1919 2335
1919 2461
1920 1931
1921 2172
1922 2269
1925 1945
1926 2049
1927 2494
1929 2022
1930 2420
1930 1970
1932 1938
1932 2359
1932 2196
1933 1952
1933 2295
1935 2374
1936 2107
1936 2017
1938 2233
1939 2170
1940 2186
1941 2372
1942 2472
1943 2459
1945 2041
1946 2412
1950 1998
1951 2304
1953 2009
1954 1961
1955 2333
1955 2596
1956 2456
1956 2336
1959 2442
1961 2570
1962 2131
1964 2229
1964 2491
1965 2021
1965 2094
1969 2432
1971 2184
1972 2113
1973 2179
1974 2306
1974 2030
1975 2261
1975 2473
1975 2534
1980 2552
1981 2516
1982 2253
1983 2403
1984 2464
1985 2496
1985 2199
1985 2519
1987 2585
1987 2378
1988 2242
1989 2503
1992 2042
1992 2198
1994 2093
1995 2016
1995 2096
1996 2221
1996 2113
1997 2379
1998 2068
1999 2476
1999 2295
2000 2029
2005 2075
2006 2414
2007 2144
2008 2268
2008 2291
2011 2542
2013 2363
2014 2183
2015 2018
2016 2241
2018 2471
2019 2033
2020 2392
2020 2053
2021 2278
2022 2595
2024 2266
2026 2058
2030 2370
2032 2060
2033 2490
2035 2119
2036 2340
2037 2234
2037 2382
2038 2425
2039 2408
2040 2545
2040 2499
2042 2305
2045 2422
2048 2375
2048 2597
2048 2404
2051 2564
2052 2359
2055 2326
2058 2438
2059 2218
2060 2563
2064 2229
2065 2381
2066 2288
2067 2276
2069 2090
2071 2260
2072 2591
2073 2492
2076 2337
2077 2510
2078 2597
2079 2585
2080 2270
2081 2207
2082 2397
2084 2219
2085 2587
2086 2517
2087 2422
2088 2533
2090 2382
2090 2482
2091 2388
2093 2311
2096 2239
2099 2369
2102 2342
2102 2114
2103 2183
2103 2175
2104 2233
2106 2266
2106 2549
2111 2228
2115 2430
2116 2514
2116 2275
2118 2141
2121 2126
2125 2293
2129 2552
2129 2299
2130 2204
2132 2581
2135 2391
2138 2158
2139 2523
2139 2522
2140 2352
2143 2443
2148 2395
2151 2470
2152 2458
2153 2483
2153 2297
2157 2311
2158 2310
2158 2190
2159 2423
2163 2216
2164 2542
2166 2323
2168 2541
2171 2553
2174 2546
2178 2211
2178 2455
2179 2377
2180 2595
2180 2463
2180 2278
2181 2509
2190 2235
2192 2515
2193 2356
2195 2384
2197 2223
2199 2442
2200 2563
2202 2256
2206 2555
2207 2430
2209 2530
2215 2227
2215 2570
2217 2327
2218 2451
2224 2390
2231 2262
2234 2387
2235 2519
2237 2239
2240 2262
2242 2329
2244 2321
2245 2417
2247 2575
2254 2558
2254 2548
2265 2583
2269 2527
2273 2543
2280 2456
2282 2582
2282 2408
2286 2356
2289 2312
2289 2392
2300 2424
2301 2536
2302 2354
2307 2523
2317 2428
2331 2441
2332 2424
2333 2410
2336 2469
2343 2595
2344 2394
2345 2485
2345 2401
2346 2565
2347 2480
2351 2398
2354 2446
2357 2358
2361 2564
2370 2453
2377 2512
2377 2525
2380 2578
2390 2515
2395 2529
2397 2504
2400 2465
2423 2514
2425 2522
2427 2440
2436 2565
2437 2569
2446 2462
2452 2555
2457 2598
2469 2599
2478 2495
2482 2487
2519 2574
2538 2576
2559 2596
