0 36
0 15
0 65
1 26
1 74
1 18
2 41
2 29
2 88
3 10
3 85
3 84
4 55
4 97
4 69
5 67
5 84
5 45
6 61
6 92
6 9
7 99
7 60
7 44
8 43
8 85
8 16
9 82
9 77
10 27
10 92
11 80
11 48
11 59
12 18
12 47
12 41
13 64
13 68
13 15
14 71
14 25
14 56
15 71
16 40
16 44
17 58
17 60
17 43
18 58
19 91
19 20
19 37
20 76
20 89
21 32
21 31
21 99
22 38
22 49
22 79
23 63
23 29
23 66
24 42
24 37
24 75
25 70
25 26
26 66
27 95
27 94
28 50
28 68
28 40
29 95
30 34
30 31
30 81
31 72
32 94
32 90
33 35
33 71
33 34
34 37
35 94
35 79
36 57
36 49
38 75
38 91
39 88
39 77
39 61
40 70
41 74
42 91
42 67
43 89
44 48
45 87
45 80
46 68
46 69
46 78
47 51
47 83
48 53
49 63
50 99
50 60
51 62
51 61
52 79
52 80
52 73
53 72
53 93
54 89
54 57
54 56
55 97
55 96
56 98
57 98
58 70
59 93
59 83
62 90
62 84
63 81
64 96
64 83
65 96
65 73
66 69
67 78
72 90
73 92
74 82
75 88
76 97
76 87
77 87
78 86
81 85
82 95
86 98
86 93
