0 744
0 150
0 1193
1 802
1 284
1 462
2 370
2 228
2 767
3 1054
3 680
3 597
4 303
4 347
4 405
5 43
5 1171
5 644
6 978
6 244
6 589
7 825
7 108
7 317
8 641
8 57
8 115
9 234
9 291
9 362
10 398
10 619
10 1119
11 1115
11 110
11 463
12 354
12 734
12 1053
13 665
13 764
13 298
14 223
14 1139
14 253
15 123
15 838
15 408
16 172
16 765
16 1108
17 766
17 1136
17 950
18 220
18 1157
18 498
19 368
19 1080
19 182
20 1029
20 725
20 1138
21 1035
21 1148
21 939
22 440
22 412
22 248
23 1123
23 314
23 505
24 164
24 291
24 458
25 577
25 788
25 739
26 429
26 1170
26 203
27 387
27 1151
27 1185
28 862
28 411
28 616
29 300
29 600
29 539
30 60
30 1033
30 731
31 1017
31 921
31 288
32 40
32 726
32 695
33 426
33 419
33 830
34 414
34 107
34 178
35 220
35 575
35 1008
36 87
36 131
36 719
37 904
37 969
37 718
38 894
38 181
38 966
39 822
39 49
39 533
40 804
40 1119
41 934
41 923
41 108
42 935
42 1121
42 780
43 536
43 647
44 289
44 183
44 1144
45 123
45 356
45 1188
46 410
46 665
46 898
47 49
47 282
47 430
48 578
48 800
48 76
49 917
50 159
50 453
50 821
51 1163
51 438
51 541
52 185
52 1041
52 1096
53 307
53 355
53 589
54 255
54 974
54 768
55 683
55 198
55 331
56 787
56 693
56 561
57 851
57 304
58 914
58 452
58 809
59 234
59 724
59 845
60 210
60 523
61 619
61 138
61 998
62 631
62 624
62 906
63 1164
63 472
63 231
64 996
64 1051
64 559
65 336
65 1111
65 992
66 1065
66 703
66 697
67 104
67 639
67 760
68 1171
68 476
68 853
69 1032
69 145
69 1161
70 508
70 470
70 1134
71 639
71 962
71 636
72 219
72 859
72 553
73 967
73 465
73 1042
74 991
74 521
74 832
75 1049
75 1061
75 997
76 134
76 125
77 857
77 924
77 816
78 535
78 381
78 690
79 985
79 106
79 1112
80 700
80 755
80 495
81 511
81 447
81 174
82 941
82 1069
82 918
83 699
83 979
83 1072
84 566
84 333
84 552
85 689
85 700
85 304
86 1122
86 717
86 729
87 477
87 988
88 549
88 1123
88 1004
89 1103
89 983
89 621
90 487
90 1180
90 196
91 830
91 117
91 1052
92 840
92 1055
92 1100
93 1058
93 1041
93 976
94 1193
94 521
94 241
95 289
95 854
95 514
96 182
96 933
96 152
97 269
97 329
97 727
98 123
98 899
98 812
99 1023
99 384
99 1192
100 286
100 863
100 1084
101 707
101 1096
101 1086
102 490
102 741
102 488
103 1011
103 354
103 711
104 616
104 956
105 263
105 164
105 853
106 1088
106 865
107 186
107 529
108 386
109 275
109 489
109 682
110 338
110 1133
111 460
111 1146
111 749
112 376
112 870
112 120
113 1154
113 1014
113 862
114 356
114 605
114 1058
115 404
115 202
116 315
116 1090
116 575
117 184
117 345
118 184
118 428
118 1018
119 905
119 534
119 645
120 650
120 901
121 1061
121 765
121 626
122 128
122 1015
122 510
124 1113
124 1181
124 686
125 632
125 678
126 418
126 1194
126 238
127 1141
127 351
127 651
128 841
128 152
129 586
129 1116
129 602
130 473
130 608
130 1059
131 1033
131 207
132 447
132 345
132 708
133 821
133 217
133 243
134 1046
134 1186
135 955
135 625
135 1029
136 340
136 808
136 663
137 715
137 280
137 679
138 1116
138 661
139 904
139 750
139 911
140 1058
140 364
140 916
141 793
141 928
141 874
142 673
142 494
142 253
143 432
143 842
143 482
144 790
144 835
144 1122
145 448
145 948
146 878
146 496
146 1116
147 777
147 1184
147 866
148 931
148 526
148 283
149 710
149 811
149 477
150 485
150 941
151 801
151 992
151 386
152 889
153 730
153 442
153 194
154 650
154 407
154 994
155 486
155 894
155 216
156 961
156 325
156 162
157 375
157 604
157 1143
158 212
158 447
158 780
159 657
159 394
160 197
160 617
160 916
161 322
161 1129
161 594
162 677
162 669
163 422
163 651
163 345
164 1006
165 1110
165 1167
165 520
166 459
166 1183
166 358
167 568
167 715
167 211
168 836
168 232
168 687
169 1086
169 706
169 562
170 753
170 193
170 515
171 618
171 358
171 392
172 672
172 187
173 1159
173 874
173 920
174 364
174 1020
175 692
175 748
175 407
176 986
176 655
176 605
177 557
177 1153
177 900
178 1028
178 1189
179 704
179 638
179 483
180 632
180 379
180 1030
181 1158
181 582
182 224
183 864
183 782
184 686
185 232
185 1181
186 480
186 222
187 993
187 645
188 285
188 1023
188 940
189 504
189 286
189 639
190 903
190 1117
190 471
191 590
191 583
191 748
192 856
192 1188
192 746
193 706
193 382
194 633
194 649
195 212
195 696
195 1173
196 798
196 391
197 879
197 207
198 657
198 633
199 335
199 945
199 452
200 852
200 341
200 1161
201 230
201 635
201 1151
202 403
202 518
203 1181
203 756
204 374
204 410
204 497
205 425
205 264
205 352
206 620
206 1076
206 1066
207 996
208 541
208 622
208 736
209 420
209 1015
209 268
210 557
210 591
211 1025
211 311
212 1127
213 1186
213 320
213 588
214 249
214 801
214 768
215 316
215 827
215 1040
216 930
216 998
217 674
217 633
218 1053
218 412
218 719
219 469
219 590
220 297
221 646
221 706
221 828
222 564
222 394
223 1002
223 555
224 952
224 1110
225 750
225 446
225 239
226 1194
226 835
226 285
227 613
227 1057
227 365
228 637
228 1179
229 1109
229 374
229 764
230 279
230 1037
231 1009
231 415
232 324
233 260
233 1097
233 354
234 788
235 630
235 753
235 333
236 1077
236 258
236 974
237 1133
237 905
237 397
238 306
238 277
239 245
239 732
240 872
240 884
240 861
241 565
241 1176
242 596
242 667
242 967
243 775
243 337
244 728
244 1143
245 399
245 989
246 435
246 523
246 1187
247 725
247 803
247 661
248 527
248 1050
249 1186
249 681
250 1137
250 763
250 270
251 1089
251 443
251 344
252 933
252 658
252 1180
253 610
254 1126
254 1083
254 544
255 1082
255 881
256 829
256 666
256 899
257 1121
257 465
257 820
258 718
258 1175
259 264
259 584
259 963
260 792
260 267
261 807
261 852
261 521
262 799
262 403
262 1118
263 776
263 983
264 596
265 1089
265 310
265 1105
266 919
266 1054
266 1069
267 1088
267 752
268 522
268 769
269 1120
269 579
270 693
270 1108
271 429
271 673
271 686
272 1039
272 312
272 537
273 560
273 501
273 523
274 380
274 672
274 384
275 1087
275 602
276 685
276 488
276 448
277 1028
277 776
278 608
278 573
278 550
279 711
279 684
280 351
280 771
281 704
281 1193
281 894
282 698
282 1083
283 601
283 890
284 1146
284 385
285 614
286 498
287 891
287 431
287 445
288 853
288 572
289 545
290 1127
290 370
290 1044
291 871
292 818
292 399
292 501
293 493
293 561
293 1191
294 938
294 807
294 653
295 1009
295 461
295 895
296 877
296 989
296 726
297 378
297 1006
298 306
298 517
299 801
299 682
299 1162
300 1102
300 756
301 969
301 463
301 732
302 526
302 981
302 323
303 1177
303 684
304 342
305 1182
305 842
305 935
306 326
307 380
307 616
308 414
308 381
308 1101
309 1026
309 1173
309 337
310 942
310 1027
311 588
311 503
312 844
312 1144
313 1030
313 349
313 617
314 542
314 324
315 1047
315 930
316 1141
316 877
317 884
317 580
318 680
318 638
318 390
319 440
319 870
319 1127
320 629
320 1026
321 573
321 342
321 764
322 977
322 593
323 1159
323 1194
324 966
325 1034
325 593
326 1090
326 1046
327 1074
327 503
327 964
328 689
328 1165
328 967
329 978
329 1169
330 1018
330 720
330 892
331 1007
331 1153
332 954
332 1001
332 598
333 889
334 887
334 604
334 568
335 1118
335 902
336 934
336 939
337 675
338 677
338 516
339 1036
339 531
339 1028
340 389
340 394
341 621
341 650
342 740
343 1166
343 815
343 519
344 1047
344 720
346 1140
346 567
346 1078
347 372
347 816
348 491
348 553
348 784
349 465
349 729
350 965
350 849
350 953
351 579
352 952
352 500
353 752
353 455
353 525
355 839
355 970
356 797
357 865
357 504
357 1047
358 984
359 513
359 1108
359 986
360 1084
360 733
360 825
361 868
361 979
361 638
362 803
362 562
363 955
363 879
363 739
364 537
365 1090
365 442
366 976
366 1012
366 1036
367 834
367 1007
367 480
368 471
368 1160
369 497
369 536
369 822
370 1044
371 1057
371 799
371 877
372 971
372 798
373 551
373 927
373 419
374 957
375 507
375 902
376 732
376 708
377 588
377 1149
377 1130
378 1166
378 875
379 1035
379 817
380 641
381 539
382 1129
382 681
383 494
383 880
383 693
384 835
385 837
385 1164
386 1014
387 552
387 831
388 477
388 790
388 451
389 530
389 747
390 916
390 531
391 488
391 979
392 558
392 777
393 548
393 438
393 538
395 848
395 1093
395 818
396 613
396 957
396 970
397 940
397 1163
398 885
398 1140
399 409
400 571
400 1169
400 860
401 931
401 715
401 618
402 863
402 1084
402 897
403 585
404 657
404 406
405 464
405 646
406 1092
406 444
407 1164
408 775
408 844
409 1042
409 824
410 955
411 491
411 1177
412 466
413 995
413 1075
413 674
414 1161
415 909
415 609
416 1178
416 968
416 821
417 595
417 951
417 678
418 778
418 773
419 1114
420 779
420 960
421 816
421 730
421 611
422 805
422 1143
423 585
423 1128
423 492
424 830
424 902
424 594
425 441
425 450
426 999
426 691
427 497
427 912
427 714
428 695
428 476
429 1081
430 709
430 1032
431 439
431 507
432 491
432 1166
433 1045
433 1057
433 656
434 460
434 709
434 942
435 550
435 712
436 937
436 1179
436 437
437 981
437 971
438 751
439 772
439 522
440 1155
441 544
441 492
442 1035
443 963
443 1163
444 748
444 532
445 471
445 1052
446 753
446 579
448 1152
449 1034
449 754
449 843
450 628
450 909
451 659
451 849
452 1106
453 601
453 655
454 542
454 991
454 1003
455 490
455 759
456 498
456 1029
456 1021
457 623
457 468
457 1079
458 699
458 908
459 652
459 727
460 643
461 869
461 565
462 829
462 904
463 1071
464 923
464 1113
466 1132
466 752
467 1120
467 627
467 831
468 836
468 481
469 670
469 667
470 628
470 838
472 785
472 1156
473 932
473 888
474 907
474 576
474 530
475 1195
475 535
475 779
476 691
478 554
478 800
478 770
479 590
479 881
479 817
480 762
481 766
481 784
482 1142
482 905
483 493
483 783
484 1142
484 767
484 599
485 1150
485 900
486 914
486 694
487 685
487 769
489 827
489 1064
490 1132
492 508
493 802
494 1001
495 791
495 737
496 502
496 796
499 724
499 687
499 1073
500 658
500 857
501 1141
502 728
502 1053
503 708
504 695
505 1094
505 896
506 756
506 1063
506 878
507 975
508 1147
509 941
509 668
509 915
510 805
510 925
511 612
511 526
512 1008
512 957
512 563
513 1176
513 524
514 751
514 963
515 1107
515 1089
516 1017
516 812
517 681
517 1091
518 605
518 607
519 1128
519 755
520 528
520 812
522 1002
524 1191
524 700
525 1124
525 533
527 1095
527 1000
528 926
528 949
529 856
529 1114
530 837
531 622
532 911
532 1070
533 607
534 958
534 1095
535 887
536 1160
537 1128
538 948
538 999
539 840
540 828
540 777
540 1099
541 1003
542 705
543 1093
543 1076
543 694
544 1043
545 1105
545 612
546 698
546 660
546 793
547 958
547 935
547 697
548 866
548 569
549 563
549 843
550 826
551 696
551 868
552 888
553 1104
554 995
554 1065
555 757
555 1129
556 867
556 634
556 626
557 675
558 847
558 808
559 643
559 1132
560 651
560 1039
561 851
562 1000
563 893
564 721
564 1154
565 1071
566 636
566 762
567 1066
567 654
568 640
569 1169
569 1149
570 716
570 950
570 962
571 1016
571 656
572 846
572 621
573 716
574 850
574 781
574 859
575 819
576 1073
576 613
577 1162
577 1008
578 669
578 759
580 838
580 1036
581 701
581 854
581 1043
582 1066
582 876
583 774
583 876
584 599
584 1045
585 947
586 937
586 1059
587 1024
587 810
587 1013
589 742
591 850
591 722
592 614
592 946
592 948
593 782
594 814
595 656
595 717
596 1051
597 884
597 1052
598 1133
598 847
599 1168
600 1068
600 915
601 1131
602 922
603 776
603 1111
603 1189
604 744
606 1110
606 701
606 1167
607 994
608 735
609 842
609 653
610 692
610 714
611 1107
611 738
612 680
614 1103
615 671
615 1125
615 898
617 885
618 848
619 846
620 895
620 679
622 660
623 908
623 1112
624 751
624 855
625 721
625 885
626 628
627 1080
627 667
629 1049
629 983
630 747
630 1136
631 786
631 642
632 861
634 795
634 1139
635 772
635 1147
636 929
637 995
637 1184
640 687
640 1199
641 1115
642 1120
642 1124
643 954
644 722
644 1001
645 860
646 1172
647 815
647 1104
648 1187
648 728
648 944
649 965
649 666
652 928
652 1064
653 1021
654 710
654 866
655 843
658 1177
659 685
659 1085
660 867
661 766
662 731
662 987
662 793
663 956
663 673
664 742
664 761
664 924
665 869
666 712
668 975
668 868
669 1106
670 1173
670 763
671 804
671 750
672 852
674 787
675 825
676 1060
676 1196
676 740
677 739
678 1033
679 813
682 1087
683 1103
683 1137
684 716
688 770
688 1074
688 778
689 854
690 1172
690 899
691 1067
692 840
694 807
696 1065
697 943
698 723
699 1027
701 976
702 1137
702 1104
702 757
703 1049
703 1056
704 784
705 909
705 933
707 738
707 950
709 856
710 1070
711 849
712 1168
713 746
713 968
713 971
714 1079
717 1101
718 1107
719 845
720 1076
721 879
722 774
723 754
723 1114
724 1155
725 733
726 745
727 981
729 891
730 1111
731 947
733 1083
734 1138
734 863
735 1197
735 997
736 826
736 1050
737 794
737 1000
738 1174
740 804
741 820
741 811
742 1157
743 858
743 1099
743 754
744 823
745 961
745 1091
746 783
747 772
749 1152
749 795
755 914
757 857
758 1060
758 1135
758 892
759 786
760 892
760 928
761 762
761 1085
763 932
765 1196
767 910
768 994
769 1018
770 1095
771 1145
771 1130
773 998
773 782
774 1081
775 791
778 1023
779 1109
780 929
781 958
781 1070
783 814
785 980
785 960
786 1122
787 855
788 964
789 800
789 1188
789 837
790 867
791 1045
792 864
792 1031
794 1026
794 1005
795 869
796 934
796 882
797 1051
797 1149
798 809
799 874
802 970
803 819
805 1098
806 980
806 930
806 1022
808 1094
809 1031
810 1098
810 896
811 1012
813 1021
813 1082
814 954
815 1034
817 1196
818 911
819 1067
820 1198
822 873
823 993
823 1062
824 999
824 1022
826 919
827 901
828 903
829 1142
831 897
832 1115
832 918
833 882
833 973
833 1152
834 1068
834 1091
836 870
839 1041
839 1144
841 947
841 982
844 980
845 1050
846 1199
847 1179
848 1171
850 1174
851 907
855 925
858 1082
858 1039
859 1175
860 1190
861 1112
862 1069
864 903
865 1117
871 973
871 912
872 1005
872 1118
873 1056
873 1040
875 1007
875 1077
876 1124
878 1015
880 992
880 920
881 1097
882 952
883 1100
883 1195
883 942
886 1101
886 1055
886 1046
887 1102
888 923
889 1016
890 1055
890 1059
891 1136
893 912
893 1182
895 943
896 987
897 993
898 1180
900 984
901 1182
906 919
906 1175
907 1024
908 1037
910 974
910 925
913 1178
913 945
913 1135
915 985
917 1134
917 1168
918 1002
920 936
921 977
921 1078
922 1072
922 969
924 1096
926 1075
926 1187
927 1165
927 959
929 1062
931 1170
932 1019
936 1159
936 975
937 1121
938 1131
938 1109
939 1062
940 988
943 1131
944 990
944 1126
945 1156
946 1197
946 1192
949 1048
949 1010
951 959
951 1150
953 1011
953 1071
956 1140
959 1185
960 990
961 1189
962 1190
964 1191
965 1061
966 1146
968 978
972 1148
972 1138
972 1162
973 1197
977 1125
982 1004
982 1031
984 1005
985 1139
986 1097
987 1158
988 1198
989 1150
990 1013
991 1063
996 1067
997 1016
1003 1195
1004 1148
1006 1158
1009 1134
1010 1178
1010 1126
1011 1157
1012 1048
1013 1167
1014 1044
1017 1038
1019 1160
1019 1130
1020 1043
1020 1088
1022 1183
1024 1092
1025 1075
1025 1145
1027 1123
1030 1174
1032 1079
1037 1048
1038 1192
1038 1184
1040 1165
1042 1183
1054 1077
1056 1190
1060 1073
1063 1099
1064 1135
1068 1086
1072 1078
1074 1154
1080 1092
1081 1094
1085 1185
1087 1151
1093 1105
1098 1156
1100 1145
1102 1147
1106 1172
1113 1117
1119 1199
1125 1198
1153 1170
1155 1176
