500 9139
0 1
0 39
0 40
0 41
0 79
0 80
0 81
0 119
0 120
0 121
0 159
0 160
0 161
0 199
0 200
0 201
0 239
0 240
0 241
0 279
0 280
0 281
0 319
0 320
0 321
0 359
0 360
0 361
0 399
0 400
0 401
0 439
0 440
0 441
0 479
0 480
0 481
1 2
1 40
1 41
1 42
1 80
1 81
1 82
1 120
1 121
1 122
1 160
1 161
1 162
1 200
1 201
1 202
1 240
1 241
1 242
1 280
1 281
1 282
1 320
1 321
1 322
1 360
1 361
1 362
1 400
1 401
1 402
1 440
1 441
1 442
1 480
1 481
1 482
39 38
39 40
39 78
39 79
39 80
39 118
39 119
39 120
39 158
39 159
39 160
39 198
39 199
39 200
39 238
39 239
39 240
39 278
39 279
39 280
39 318
39 319
39 320
39 358
39 359
39 360
39 398
39 399
39 400
39 438
39 439
39 440
39 478
39 479
39 480
40 41
40 79
40 80
40 81
40 119
40 120
40 121
40 159
40 160
40 161
40 199
40 200
40 201
40 239
40 240
40 241
40 279
40 280
40 281
40 319
40 320
40 321
40 359
40 360
40 361
40 399
40 400
40 401
40 439
40 440
40 441
40 479
40 480
40 481
41 2
41 42
41 80
41 81
41 82
41 120
41 121
41 122
41 160
41 161
41 162
41 200
41 201
41 202
41 240
41 241
41 242
41 280
41 281
41 282
41 320
41 321
41 322
41 360
41 361
41 362
41 400
41 401
41 402
41 440
41 441
41 442
41 480
41 481
41 482
79 38
79 78
79 80
79 118
79 119
79 120
79 158
79 159
79 160
79 198
79 199
79 200
79 238
79 239
79 240
79 278
79 279
79 280
79 318
79 319
79 320
79 358
79 359
79 360
79 398
79 399
79 400
79 438
79 439
79 440
79 478
79 479
79 480
80 81
80 119
80 120
80 121
80 159
80 160
80 161
80 199
80 200
80 201
80 239
80 240
80 241
80 279
80 280
80 281
80 319
80 320
80 321
80 359
80 360
80 361
80 399
80 400
80 401
80 439
80 440
80 441
80 479
80 480
80 481
81 2
81 42
81 82
81 120
81 121
81 122
81 160
81 161
81 162
81 200
81 201
81 202
81 240
81 241
81 242
81 280
81 281
81 282
81 320
81 321
81 322
81 360
81 361
81 362
81 400
81 401
81 402
81 440
81 441
81 442
81 480
81 481
81 482
119 38
119 78
119 118
119 120
119 158
119 159
119 160
119 198
119 199
119 200
119 238
119 239
119 240
119 278
119 279
119 280
119 318
119 319
119 320
119 358
119 359
119 360
119 398
119 399
119 400
119 438
119 439
119 440
119 478
119 479
119 480
120 121
120 159
120 160
120 161
120 199
120 200
120 201
120 239
120 240
120 241
120 279
120 280
120 281
120 319
120 320
120 321
120 359
120 360
120 361
120 399
120 400
120 401
120 439
120 440
120 441
120 479
120 480
120 481
121 2
121 42
121 82
121 122
121 160
121 161
121 162
121 200
121 201
121 202
121 240
121 241
121 242
121 280
121 281
121 282
121 320
121 321
121 322
121 360
121 361
121 362
121 400
121 401
121 402
121 440
121 441
121 442
121 480
121 481
121 482
159 38
159 78
159 118
159 158
159 160
159 198
159 199
159 200
159 238
159 239
159 240
159 278
159 279
159 280
159 318
159 319
159 320
159 358
159 359
159 360
159 398
159 399
159 400
159 438
159 439
159 440
159 478
159 479
159 480
160 161
160 199
160 200
160 201
160 239
160 240
160 241
160 279
160 280
160 281
160 319
160 320
160 321
160 359
160 360
160 361
160 399
160 400
160 401
160 439
160 440
160 441
160 479
160 480
160 481
161 2
161 42
161 82
161 122
161 162
161 200
161 201
161 202
161 240
161 241
161 242
161 280
161 281
161 282
161 320
161 321
161 322
161 360
161 361
161 362
161 400
161 401
161 402
161 440
161 441
161 442
161 480
161 481
161 482
199 38
199 78
199 118
199 158
199 198
199 200
199 238
199 239
199 240
199 278
199 279
199 280
199 318
199 319
199 320
199 358
199 359
199 360
199 398
199 399
199 400
199 438
199 439
199 440
199 478
199 479
199 480
200 201
200 239
200 240
200 241
200 279
200 280
200 281
200 319
200 320
200 321
200 359
200 360
200 361
200 399
200 400
200 401
200 439
200 440
200 441
200 479
200 480
200 481
201 2
201 42
201 82
201 122
201 162
201 202
201 240
201 241
201 242
201 280
201 281
201 282
201 320
201 321
201 322
201 360
201 361
201 362
201 400
201 401
201 402
201 440
201 441
201 442
201 480
201 481
201 482
239 38
239 78
239 118
239 158
239 198
239 238
239 240
239 278
239 279
239 280
239 318
239 319
239 320
239 358
239 359
239 360
239 398
239 399
239 400
239 438
239 439
239 440
239 478
239 479
239 480
240 241
240 279
240 280
240 281
240 319
240 320
240 321
240 359
240 360
240 361
240 399
240 400
240 401
240 439
240 440
240 441
240 479
240 480
240 481
241 2
241 42
241 82
241 122
241 162
241 202
241 242
241 280
241 281
241 282
241 320
241 321
241 322
241 360
241 361
241 362
241 400
241 401
241 402
241 440
241 441
241 442
241 480
241 481
241 482
279 38
279 78
279 118
279 158
279 198
279 238
279 278
279 280
279 318
279 319
279 320
279 358
279 359
279 360
279 398
279 399
279 400
279 438
279 439
279 440
279 478
279 479
279 480
280 281
280 319
280 320
280 321
280 359
280 360
280 361
280 399
280 400
280 401
280 439
280 440
280 441
280 479
280 480
280 481
281 2
281 42
281 82
281 122
281 162
281 202
281 242
281 282
281 320
281 321
281 322
281 360
281 361
281 362
281 400
281 401
281 402
281 440
281 441
281 442
281 480
281 481
281 482
319 38
319 78
319 118
319 158
319 198
319 238
319 278
319 318
319 320
319 358
319 359
319 360
319 398
319 399
319 400
319 438
319 439
319 440
319 478
319 479
319 480
320 321
320 359
320 360
320 361
320 399
320 400
320 401
320 439
320 440
320 441
320 479
320 480
320 481
321 2
321 42
321 82
321 122
321 162
321 202
321 242
321 282
321 322
321 360
321 361
321 362
321 400
321 401
321 402
321 440
321 441
321 442
321 480
321 481
321 482
359 38
359 78
359 118
359 158
359 198
359 238
359 278
359 318
359 358
359 360
359 398
359 399
359 400
359 438
359 439
359 440
359 478
359 479
359 480
360 361
360 399
360 400
360 401
360 439
360 440
360 441
360 479
360 480
360 481
361 2
361 42
361 82
361 122
361 162
361 202
361 242
361 282
361 322
361 362
361 400
361 401
361 402
361 440
361 441
361 442
361 480
361 481
361 482
399 38
399 78
399 118
399 158
399 198
399 238
399 278
399 318
399 358
399 398
399 400
399 438
399 439
399 440
399 478
399 479
399 480
400 401
400 439
400 440
400 441
400 479
400 480
400 481
401 2
401 42
401 82
401 122
401 162
401 202
401 242
401 282
401 322
401 362
401 402
401 440
401 441
401 442
401 480
401 481
401 482
439 38
439 78
439 118
439 158
439 198
439 238
439 278
439 318
439 358
439 398
439 438
439 440
439 478
439 479
439 480
440 441
440 479
440 480
440 481
441 2
441 42
441 82
441 122
441 162
441 202
441 242
441 282
441 322
441 362
441 402
441 442
441 480
441 481
441 482
479 38
479 78
479 118
479 158
479 198
479 238
479 278
479 318
479 358
479 398
479 438
479 478
479 480
480 481
481 2
481 42
481 82
481 122
481 162
481 202
481 242
481 282
481 322
481 362
481 402
481 442
481 482
2 3
2 42
2 43
2 82
2 83
2 122
2 123
2 162
2 163
2 202
2 203
2 242
2 243
2 282
2 283
2 322
2 323
2 362
2 363
2 402
2 403
2 442
2 443
2 482
2 483
42 3
42 43
42 82
42 83
42 122
42 123
42 162
42 163
42 202
42 203
42 242
42 243
42 282
42 283
42 322
42 323
42 362
42 363
42 402
42 403
42 442
42 443
42 482
42 483
82 3
82 43
82 83
82 122
82 123
82 162
82 163
82 202
82 203
82 242
82 243
82 282
82 283
82 322
82 323
82 362
82 363
82 402
82 403
82 442
82 443
82 482
82 483
122 3
122 43
122 83
122 123
122 162
122 163
122 202
122 203
122 242
122 243
122 282
122 283
122 322
122 323
122 362
122 363
122 402
122 403
122 442
122 443
122 482
122 483
162 3
162 43
162 83
162 123
162 163
162 202
162 203
162 242
162 243
162 282
162 283
162 322
162 323
162 362
162 363
162 402
162 403
162 442
162 443
162 482
162 483
202 3
202 43
202 83
202 123
202 163
202 203
202 242
202 243
202 282
202 283
202 322
202 323
202 362
202 363
202 402
202 403
202 442
202 443
202 482
202 483
242 3
242 43
242 83
242 123
242 163
242 203
242 243
242 282
242 283
242 322
242 323
242 362
242 363
242 402
242 403
242 442
242 443
242 482
242 483
282 3
282 43
282 83
282 123
282 163
282 203
282 243
282 283
282 322
282 323
282 362
282 363
282 402
282 403
282 442
282 443
282 482
282 483
322 3
322 43
322 83
322 123
322 163
322 203
322 243
322 283
322 323
322 362
322 363
322 402
322 403
322 442
322 443
322 482
322 483
362 3
362 43
362 83
362 123
362 163
362 203
362 243
362 283
362 323
362 363
362 402
362 403
362 442
362 443
362 482
362 483
402 3
402 43
402 83
402 123
402 163
402 203
402 243
402 283
402 323
402 363
402 403
402 442
402 443
402 482
402 483
442 3
442 43
442 83
442 123
442 163
442 203
442 243
442 283
442 323
442 363
442 403
442 443
442 482
442 483
482 3
482 43
482 83
482 123
482 163
482 203
482 243
482 283
482 323
482 363
482 403
482 443
482 483
3 4
3 43
3 44
3 83
3 84
3 123
3 124
3 163
3 164
3 203
3 204
3 243
3 244
3 283
3 284
3 323
3 324
3 363
3 364
3 403
3 404
3 443
3 444
3 483
3 484
43 4
43 44
43 83
43 84
43 123
43 124
43 163
43 164
43 203
43 204
43 243
43 244
43 283
43 284
43 323
43 324
43 363
43 364
43 403
43 404
43 443
43 444
43 483
43 484
83 4
83 44
83 84
83 123
83 124
83 163
83 164
83 203
83 204
83 243
83 244
83 283
83 284
83 323
83 324
83 363
83 364
83 403
83 404
83 443
83 444
83 483
83 484
123 4
123 44
123 84
123 124
123 163
123 164
123 203
123 204
123 243
123 244
123 283
123 284
123 323
123 324
123 363
123 364
123 403
123 404
123 443
123 444
123 483
123 484
163 4
163 44
163 84
163 124
163 164
163 203
163 204
163 243
163 244
163 283
163 284
163 323
163 324
163 363
163 364
163 403
163 404
163 443
163 444
163 483
163 484
203 4
203 44
203 84
203 124
203 164
203 204
203 243
203 244
203 283
203 284
203 323
203 324
203 363
203 364
203 403
203 404
203 443
203 444
203 483
203 484
243 4
243 44
243 84
243 124
243 164
243 204
243 244
243 283
243 284
243 323
243 324
243 363
243 364
243 403
243 404
243 443
243 444
243 483
243 484
283 4
283 44
283 84
283 124
283 164
283 204
283 244
283 284
283 323
283 324
283 363
283 364
283 403
283 404
283 443
283 444
283 483
283 484
323 4
323 44
323 84
323 124
323 164
323 204
323 244
323 284
323 324
323 363
323 364
323 403
323 404
323 443
323 444
323 483
323 484
363 4
363 44
363 84
363 124
363 164
363 204
363 244
363 284
363 324
363 364
363 403
363 404
363 443
363 444
363 483
363 484
403 4
403 44
403 84
403 124
403 164
403 204
403 244
403 284
403 324
403 364
403 404
403 443
403 444
403 483
403 484
443 4
443 44
443 84
443 124
443 164
443 204
443 244
443 284
443 324
443 364
443 404
443 444
443 483
443 484
483 4
483 44
483 84
483 124
483 164
483 204
483 244
483 284
483 324
483 364
483 404
483 444
483 484
4 5
4 44
4 45
4 84
4 85
4 124
4 125
4 164
4 165
4 204
4 205
4 244
4 245
4 284
4 285
4 324
4 325
4 364
4 365
4 404
4 405
4 444
4 445
4 484
4 485
44 5
44 45
44 84
44 85
44 124
44 125
44 164
44 165
44 204
44 205
44 244
44 245
44 284
44 285
44 324
44 325
44 364
44 365
44 404
44 405
44 444
44 445
44 484
44 485
84 5
84 45
84 85
84 124
84 125
84 164
84 165
84 204
84 205
84 244
84 245
84 284
84 285
84 324
84 325
84 364
84 365
84 404
84 405
84 444
84 445
84 484
84 485
124 5
124 45
124 85
124 125
124 164
124 165
124 204
124 205
124 244
124 245
124 284
124 285
124 324
124 325
124 364
124 365
124 404
124 405
124 444
124 445
124 484
124 485
164 5
164 45
164 85
164 125
164 165
164 204
164 205
164 244
164 245
164 284
164 285
164 324
164 325
164 364
164 365
164 404
164 405
164 444
164 445
164 484
164 485
204 5
204 45
204 85
204 125
204 165
204 205
204 244
204 245
204 284
204 285
204 324
204 325
204 364
204 365
204 404
204 405
204 444
204 445
204 484
204 485
244 5
244 45
244 85
244 125
244 165
244 205
244 245
244 284
244 285
244 324
244 325
244 364
244 365
244 404
244 405
244 444
244 445
244 484
244 485
284 5
284 45
284 85
284 125
284 165
284 205
284 245
284 285
284 324
284 325
284 364
284 365
284 404
284 405
284 444
284 445
284 484
284 485
324 5
324 45
324 85
324 125
324 165
324 205
324 245
324 285
324 325
324 364
324 365
324 404
324 405
324 444
324 445
324 484
324 485
364 5
364 45
364 85
364 125
364 165
364 205
364 245
364 285
364 325
364 365
364 404
364 405
364 444
364 445
364 484
364 485
404 5
404 45
404 85
404 125
404 165
404 205
404 245
404 285
404 325
404 365
404 405
404 444
404 445
404 484
404 485
444 5
444 45
444 85
444 125
444 165
444 205
444 245
444 285
444 325
444 365
444 405
444 445
444 484
444 485
484 5
484 45
484 85
484 125
484 165
484 205
484 245
484 285
484 325
484 365
484 405
484 445
484 485
5 6
5 45
5 46
5 85
5 86
5 125
5 126
5 165
5 166
5 205
5 206
5 245
5 246
5 285
5 286
5 325
5 326
5 365
5 366
5 405
5 406
5 445
5 446
5 485
5 486
45 6
45 46
45 85
45 86
45 125
45 126
45 165
45 166
45 205
45 206
45 245
45 246
45 285
45 286
45 325
45 326
45 365
45 366
45 405
45 406
45 445
45 446
45 485
45 486
85 6
85 46
85 86
85 125
85 126
85 165
85 166
85 205
85 206
85 245
85 246
85 285
85 286
85 325
85 326
85 365
85 366
85 405
85 406
85 445
85 446
85 485
85 486
125 6
125 46
125 86
125 126
125 165
125 166
125 205
125 206
125 245
125 246
125 285
125 286
125 325
125 326
125 365
125 366
125 405
125 406
125 445
125 446
125 485
125 486
165 6
165 46
165 86
165 126
165 166
165 205
165 206
165 245
165 246
165 285
165 286
165 325
165 326
165 365
165 366
165 405
165 406
165 445
165 446
165 485
165 486
205 6
205 46
205 86
205 126
205 166
205 206
205 245
205 246
205 285
205 286
205 325
205 326
205 365
205 366
205 405
205 406
205 445
205 446
205 485
205 486
245 6
245 46
245 86
245 126
245 166
245 206
245 246
245 285
245 286
245 325
245 326
245 365
245 366
245 405
245 406
245 445
245 446
245 485
245 486
285 6
285 46
285 86
285 126
285 166
285 206
285 246
285 286
285 325
285 326
285 365
285 366
285 405
285 406
285 445
285 446
285 485
285 486
325 6
325 46
325 86
325 126
325 166
325 206
325 246
325 286
325 326
325 365
325 366
325 405
325 406
325 445
325 446
325 485
325 486
365 6
365 46
365 86
365 126
365 166
365 206
365 246
365 286
365 326
365 366
365 405
365 406
365 445
365 446
365 485
365 486
405 6
405 46
405 86
405 126
405 166
405 206
405 246
405 286
405 326
405 366
405 406
405 445
405 446
405 485
405 486
445 6
445 46
445 86
445 126
445 166
445 206
445 246
445 286
445 326
445 366
445 406
445 446
445 485
445 486
485 6
485 46
485 86
485 126
485 166
485 206
485 246
485 286
485 326
485 366
485 406
485 446
485 486
6 7
6 46
6 47
6 86
6 87
6 126
6 127
6 166
6 167
6 206
6 207
6 246
6 247
6 286
6 287
6 326
6 327
6 366
6 367
6 406
6 407
6 446
6 447
6 486
6 487
46 7
46 47
46 86
46 87
46 126
46 127
46 166
46 167
46 206
46 207
46 246
46 247
46 286
46 287
46 326
46 327
46 366
46 367
46 406
46 407
46 446
46 447
46 486
46 487
86 7
86 47
86 87
86 126
86 127
86 166
86 167
86 206
86 207
86 246
86 247
86 286
86 287
86 326
86 327
86 366
86 367
86 406
86 407
86 446
86 447
86 486
86 487
126 7
126 47
126 87
126 127
126 166
126 167
126 206
126 207
126 246
126 247
126 286
126 287
126 326
126 327
126 366
126 367
126 406
126 407
126 446
126 447
126 486
126 487
166 7
166 47
166 87
166 127
166 167
166 206
166 207
166 246
166 247
166 286
166 287
166 326
166 327
166 366
166 367
166 406
166 407
166 446
166 447
166 486
166 487
206 7
206 47
206 87
206 127
206 167
206 207
206 246
206 247
206 286
206 287
206 326
206 327
206 366
206 367
206 406
206 407
206 446
206 447
206 486
206 487
246 7
246 47
246 87
246 127
246 167
246 207
246 247
246 286
246 287
246 326
246 327
246 366
246 367
246 406
246 407
246 446
246 447
246 486
246 487
286 7
286 47
286 87
286 127
286 167
286 207
286 247
286 287
286 326
286 327
286 366
286 367
286 406
286 407
286 446
286 447
286 486
286 487
326 7
326 47
326 87
326 127
326 167
326 207
326 247
326 287
326 327
326 366
326 367
326 406
326 407
326 446
326 447
326 486
326 487
366 7
366 47
366 87
366 127
366 167
366 207
366 247
366 287
366 327
366 367
366 406
366 407
366 446
366 447
366 486
366 487
406 7
406 47
406 87
406 127
406 167
406 207
406 247
406 287
406 327
406 367
406 407
406 446
406 447
406 486
406 487
446 7
446 47
446 87
446 127
446 167
446 207
446 247
446 287
446 327
446 367
446 407
446 447
446 486
446 487
486 7
486 47
486 87
486 127
486 167
486 207
486 247
486 287
486 327
486 367
486 407
486 447
486 487
7 8
7 47
7 48
7 87
7 88
7 127
7 128
7 167
7 168
7 207
7 208
7 247
7 248
7 287
7 288
7 327
7 328
7 367
7 368
7 407
7 408
7 447
7 448
7 487
7 488
47 8
47 48
47 87
47 88
47 127
47 128
47 167
47 168
47 207
47 208
47 247
47 248
47 287
47 288
47 327
47 328
47 367
47 368
47 407
47 408
47 447
47 448
47 487
47 488
87 8
87 48
87 88
87 127
87 128
87 167
87 168
87 207
87 208
87 247
87 248
87 287
87 288
87 327
87 328
87 367
87 368
87 407
87 408
87 447
87 448
87 487
87 488
127 8
127 48
127 88
127 128
127 167
127 168
127 207
127 208
127 247
127 248
127 287
127 288
127 327
127 328
127 367
127 368
127 407
127 408
127 447
127 448
127 487
127 488
167 8
167 48
167 88
167 128
167 168
167 207
167 208
167 247
167 248
167 287
167 288
167 327
167 328
167 367
167 368
167 407
167 408
167 447
167 448
167 487
167 488
207 8
207 48
207 88
207 128
207 168
207 208
207 247
207 248
207 287
207 288
207 327
207 328
207 367
207 368
207 407
207 408
207 447
207 448
207 487
207 488
247 8
247 48
247 88
247 128
247 168
247 208
247 248
247 287
247 288
247 327
247 328
247 367
247 368
247 407
247 408
247 447
247 448
247 487
247 488
287 8
287 48
287 88
287 128
287 168
287 208
287 248
287 288
287 327
287 328
287 367
287 368
287 407
287 408
287 447
287 448
287 487
287 488
327 8
327 48
327 88
327 128
327 168
327 208
327 248
327 288
327 328
327 367
327 368
327 407
327 408
327 447
327 448
327 487
327 488
367 8
367 48
367 88
367 128
367 168
367 208
367 248
367 288
367 328
367 368
367 407
367 408
367 447
367 448
367 487
367 488
407 8
407 48
407 88
407 128
407 168
407 208
407 248
407 288
407 328
407 368
407 408
407 447
407 448
407 487
407 488
447 8
447 48
447 88
447 128
447 168
447 208
447 248
447 288
447 328
447 368
447 408
447 448
447 487
447 488
487 8
487 48
487 88
487 128
487 168
487 208
487 248
487 288
487 328
487 368
487 408
487 448
487 488
8 9
8 48
8 49
8 88
8 89
8 128
8 129
8 168
8 169
8 208
8 209
8 248
8 249
8 288
8 289
8 328
8 329
8 368
8 369
8 408
8 409
8 448
8 449
8 488
8 489
48 9
48 49
48 88
48 89
48 128
48 129
48 168
48 169
48 208
48 209
48 248
48 249
48 288
48 289
48 328
48 329
48 368
48 369
48 408
48 409
48 448
48 449
48 488
48 489
88 9
88 49
88 89
88 128
88 129
88 168
88 169
88 208
88 209
88 248
88 249
88 288
88 289
88 328
88 329
88 368
88 369
88 408
88 409
88 448
88 449
88 488
88 489
128 9
128 49
128 89
128 129
128 168
128 169
128 208
128 209
128 248
128 249
128 288
128 289
128 328
128 329
128 368
128 369
128 408
128 409
128 448
128 449
128 488
128 489
168 9
168 49
168 89
168 129
168 169
168 208
168 209
168 248
168 249
168 288
168 289
168 328
168 329
168 368
168 369
168 408
168 409
168 448
168 449
168 488
168 489
208 9
208 49
208 89
208 129
208 169
208 209
208 248
208 249
208 288
208 289
208 328
208 329
208 368
208 369
208 408
208 409
208 448
208 449
208 488
208 489
248 9
248 49
248 89
248 129
248 169
248 209
248 249
248 288
248 289
248 328
248 329
248 368
248 369
248 408
248 409
248 448
248 449
248 488
248 489
288 9
288 49
288 89
288 129
288 169
288 209
288 249
288 289
288 328
288 329
288 368
288 369
288 408
288 409
288 448
288 449
288 488
288 489
328 9
328 49
328 89
328 129
328 169
328 209
328 249
328 289
328 329
328 368
328 369
328 408
328 409
328 448
328 449
328 488
328 489
368 9
368 49
368 89
368 129
368 169
368 209
368 249
368 289
368 329
368 369
368 408
368 409
368 448
368 449
368 488
368 489
408 9
408 49
408 89
408 129
408 169
408 209
408 249
408 289
408 329
408 369
408 409
408 448
408 449
408 488
408 489
448 9
448 49
448 89
448 129
448 169
448 209
448 249
448 289
448 329
448 369
448 409
448 449
448 488
448 489
488 9
488 49
488 89
488 129
488 169
488 209
488 249
488 289
488 329
488 369
488 409
488 449
488 489
9 10
9 49
9 50
9 89
9 90
9 129
9 130
9 169
9 170
9 209
9 210
9 249
9 250
9 289
9 290
9 329
9 330
9 369
9 370
9 409
9 410
9 449
9 450
9 489
9 490
49 10
49 50
49 89
49 90
49 129
49 130
49 169
49 170
49 209
49 210
49 249
49 250
49 289
49 290
49 329
49 330
49 369
49 370
49 409
49 410
49 449
49 450
49 489
49 490
89 10
89 50
89 90
89 129
89 130
89 169
89 170
89 209
89 210
89 249
89 250
89 289
89 290
89 329
89 330
89 369
89 370
89 409
89 410
89 449
89 450
89 489
89 490
129 10
129 50
129 90
129 130
129 169
129 170
129 209
129 210
129 249
129 250
129 289
129 290
129 329
129 330
129 369
129 370
129 409
129 410
129 449
129 450
129 489
129 490
169 10
169 50
169 90
169 130
169 170
169 209
169 210
169 249
169 250
169 289
169 290
169 329
169 330
169 369
169 370
169 409
169 410
169 449
169 450
169 489
169 490
209 10
209 50
209 90
209 130
209 170
209 210
209 249
209 250
209 289
209 290
209 329
209 330
209 369
209 370
209 409
209 410
209 449
209 450
209 489
209 490
249 10
249 50
249 90
249 130
249 170
249 210
249 250
249 289
249 290
249 329
249 330
249 369
249 370
249 409
249 410
249 449
249 450
249 489
249 490
289 10
289 50
289 90
289 130
289 170
289 210
289 250
289 290
289 329
289 330
289 369
289 370
289 409
289 410
289 449
289 450
289 489
289 490
329 10
329 50
329 90
329 130
329 170
329 210
329 250
329 290
329 330
329 369
329 370
329 409
329 410
329 449
329 450
329 489
329 490
369 10
369 50
369 90
369 130
369 170
369 210
369 250
369 290
369 330
369 370
369 409
369 410
369 449
369 450
369 489
369 490
409 10
409 50
409 90
409 130
409 170
409 210
409 250
409 290
409 330
409 370
409 410
409 449
409 450
409 489
409 490
449 10
449 50
449 90
449 130
449 170
449 210
449 250
449 290
449 330
449 370
449 410
449 450
449 489
449 490
489 10
489 50
489 90
489 130
489 170
489 210
489 250
489 290
489 330
489 370
489 410
489 450
489 490
10 11
10 50
10 51
10 90
10 91
10 130
10 131
10 170
10 171
10 210
10 211
10 250
10 251
10 290
10 291
10 330
10 331
10 370
10 371
10 410
10 411
10 450
10 451
10 490
10 491
50 11
50 51
50 90
50 91
50 130
50 131
50 170
50 171
50 210
50 211
50 250
50 251
50 290
50 291
50 330
50 331
50 370
50 371
50 410
50 411
50 450
50 451
50 490
50 491
90 11
90 51
90 91
90 130
90 131
90 170
90 171
90 210
90 211
90 250
90 251
90 290
90 291
90 330
90 331
90 370
90 371
90 410
90 411
90 450
90 451
90 490
90 491
130 11
130 51
130 91
130 131
130 170
130 171
130 210
130 211
130 250
130 251
130 290
130 291
130 330
130 331
130 370
130 371
130 410
130 411
130 450
130 451
130 490
130 491
170 11
170 51
170 91
170 131
170 171
170 210
170 211
170 250
170 251
170 290
170 291
170 330
170 331
170 370
170 371
170 410
170 411
170 450
170 451
170 490
170 491
210 11
210 51
210 91
210 131
210 171
210 211
210 250
210 251
210 290
210 291
210 330
210 331
210 370
210 371
210 410
210 411
210 450
210 451
210 490
210 491
250 11
250 51
250 91
250 131
250 171
250 211
250 251
250 290
250 291
250 330
250 331
250 370
250 371
250 410
250 411
250 450
250 451
250 490
250 491
290 11
290 51
290 91
290 131
290 171
290 211
290 251
290 291
290 330
290 331
290 370
290 371
290 410
290 411
290 450
290 451
290 490
290 491
330 11
330 51
330 91
330 131
330 171
330 211
330 251
330 291
330 331
330 370
330 371
330 410
330 411
330 450
330 451
330 490
330 491
370 11
370 51
370 91
370 131
370 171
370 211
370 251
370 291
370 331
370 371
370 410
370 411
370 450
370 451
370 490
370 491
410 11
410 51
410 91
410 131
410 171
410 211
410 251
410 291
410 331
410 371
410 411
410 450
410 451
410 490
410 491
450 11
450 51
450 91
450 131
450 171
450 211
450 251
450 291
450 331
450 371
450 411
450 451
450 490
450 491
490 11
490 51
490 91
490 131
490 171
490 211
490 251
490 291
490 331
490 371
490 411
490 451
490 491
11 12
11 51
11 52
11 91
11 92
11 131
11 132
11 171
11 172
11 211
11 212
11 251
11 252
11 291
11 292
11 331
11 332
11 371
11 372
11 411
11 412
11 451
11 452
11 491
11 492
51 12
51 52
51 91
51 92
51 131
51 132
51 171
51 172
51 211
51 212
51 251
51 252
51 291
51 292
51 331
51 332
51 371
51 372
51 411
51 412
51 451
51 452
51 491
51 492
91 12
91 52
91 92
91 131
91 132
91 171
91 172
91 211
91 212
91 251
91 252
91 291
91 292
91 331
91 332
91 371
91 372
91 411
91 412
91 451
91 452
91 491
91 492
131 12
131 52
131 92
131 132
131 171
131 172
131 211
131 212
131 251
131 252
131 291
131 292
131 331
131 332
131 371
131 372
131 411
131 412
131 451
131 452
131 491
131 492
171 12
171 52
171 92
171 132
171 172
171 211
171 212
171 251
171 252
171 291
171 292
171 331
171 332
171 371
171 372
171 411
171 412
171 451
171 452
171 491
171 492
211 12
211 52
211 92
211 132
211 172
211 212
211 251
211 252
211 291
211 292
211 331
211 332
211 371
211 372
211 411
211 412
211 451
211 452
211 491
211 492
251 12
251 52
251 92
251 132
251 172
251 212
251 252
251 291
251 292
251 331
251 332
251 371
251 372
251 411
251 412
251 451
251 452
251 491
251 492
291 12
291 52
291 92
291 132
291 172
291 212
291 252
291 292
291 331
291 332
291 371
291 372
291 411
291 412
291 451
291 452
291 491
291 492
331 12
331 52
331 92
331 132
331 172
331 212
331 252
331 292
331 332
331 371
331 372
331 411
331 412
331 451
331 452
331 491
331 492
371 12
371 52
371 92
371 132
371 172
371 212
371 252
371 292
371 332
371 372
371 411
371 412
371 451
371 452
371 491
371 492
411 12
411 52
411 92
411 132
411 172
411 212
411 252
411 292
411 332
411 372
411 412
411 451
411 452
411 491
411 492
451 12
451 52
451 92
451 132
451 172
451 212
451 252
451 292
451 332
451 372
451 412
451 452
451 491
451 492
491 12
491 52
491 92
491 132
491 172
491 212
491 252
491 292
491 332
491 372
491 412
491 452
491 492
12 13
12 52
12 53
12 92
12 93
12 132
12 133
12 172
12 173
12 212
12 213
12 252
12 253
12 292
12 293
12 332
12 333
12 372
12 373
12 412
12 413
12 452
12 453
12 492
12 493
52 13
52 53
52 92
52 93
52 132
52 133
52 172
52 173
52 212
52 213
52 252
52 253
52 292
52 293
52 332
52 333
52 372
52 373
52 412
52 413
52 452
52 453
52 492
52 493
92 13
92 53
92 93
92 132
92 133
92 172
92 173
92 212
92 213
92 252
92 253
92 292
92 293
92 332
92 333
92 372
92 373
92 412
92 413
92 452
92 453
92 492
92 493
132 13
132 53
132 93
132 133
132 172
132 173
132 212
132 213
132 252
132 253
132 292
132 293
132 332
132 333
132 372
132 373
132 412
132 413
132 452
132 453
132 492
132 493
172 13
172 53
172 93
172 133
172 173
172 212
172 213
172 252
172 253
172 292
172 293
172 332
172 333
172 372
172 373
172 412
172 413
172 452
172 453
172 492
172 493
212 13
212 53
212 93
212 133
212 173
212 213
212 252
212 253
212 292
212 293
212 332
212 333
212 372
212 373
212 412
212 413
212 452
212 453
212 492
212 493
252 13
252 53
252 93
252 133
252 173
252 213
252 253
252 292
252 293
252 332
252 333
252 372
252 373
252 412
252 413
252 452
252 453
252 492
252 493
292 13
292 53
292 93
292 133
292 173
292 213
292 253
292 293
292 332
292 333
292 372
292 373
292 412
292 413
292 452
292 453
292 492
292 493
332 13
332 53
332 93
332 133
332 173
332 213
332 253
332 293
332 333
332 372
332 373
332 412
332 413
332 452
332 453
332 492
332 493
372 13
372 53
372 93
372 133
372 173
372 213
372 253
372 293
372 333
372 373
372 412
372 413
372 452
372 453
372 492
372 493
412 13
412 53
412 93
412 133
412 173
412 213
412 253
412 293
412 333
412 373
412 413
412 452
412 453
412 492
412 493
452 13
452 53
452 93
452 133
452 173
452 213
452 253
452 293
452 333
452 373
452 413
452 453
452 492
452 493
492 13
492 53
492 93
492 133
492 173
492 213
492 253
492 293
492 333
492 373
492 413
492 453
492 493
13 14
13 53
13 54
13 93
13 94
13 133
13 134
13 173
13 174
13 213
13 214
13 253
13 254
13 293
13 294
13 333
13 334
13 373
13 374
13 413
13 414
13 453
13 454
13 493
13 494
53 14
53 54
53 93
53 94
53 133
53 134
53 173
53 174
53 213
53 214
53 253
53 254
53 293
53 294
53 333
53 334
53 373
53 374
53 413
53 414
53 453
53 454
53 493
53 494
93 14
93 54
93 94
93 133
93 134
93 173
93 174
93 213
93 214
93 253
93 254
93 293
93 294
93 333
93 334
93 373
93 374
93 413
93 414
93 453
93 454
93 493
93 494
133 14
133 54
133 94
133 134
133 173
133 174
133 213
133 214
133 253
133 254
133 293
133 294
133 333
133 334
133 373
133 374
133 413
133 414
133 453
133 454
133 493
133 494
173 14
173 54
173 94
173 134
173 174
173 213
173 214
173 253
173 254
173 293
173 294
173 333
173 334
173 373
173 374
173 413
173 414
173 453
173 454
173 493
173 494
213 14
213 54
213 94
213 134
213 174
213 214
213 253
213 254
213 293
213 294
213 333
213 334
213 373
213 374
213 413
213 414
213 453
213 454
213 493
213 494
253 14
253 54
253 94
253 134
253 174
253 214
253 254
253 293
253 294
253 333
253 334
253 373
253 374
253 413
253 414
253 453
253 454
253 493
253 494
293 14
293 54
293 94
293 134
293 174
293 214
293 254
293 294
293 333
293 334
293 373
293 374
293 413
293 414
293 453
293 454
293 493
293 494
333 14
333 54
333 94
333 134
333 174
333 214
333 254
333 294
333 334
333 373
333 374
333 413
333 414
333 453
333 454
333 493
333 494
373 14
373 54
373 94
373 134
373 174
373 214
373 254
373 294
373 334
373 374
373 413
373 414
373 453
373 454
373 493
373 494
413 14
413 54
413 94
413 134
413 174
413 214
413 254
413 294
413 334
413 374
413 414
413 453
413 454
413 493
413 494
453 14
453 54
453 94
453 134
453 174
453 214
453 254
453 294
453 334
453 374
453 414
453 454
453 493
453 494
493 14
493 54
493 94
493 134
493 174
493 214
493 254
493 294
493 334
493 374
493 414
493 454
493 494
14 15
14 54
14 55
14 94
14 95
14 134
14 135
14 174
14 175
14 214
14 215
14 254
14 255
14 294
14 295
14 334
14 335
14 374
14 375
14 414
14 415
14 454
14 455
14 494
14 495
54 15
54 55
54 94
54 95
54 134
54 135
54 174
54 175
54 214
54 215
54 254
54 255
54 294
54 295
54 334
54 335
54 374
54 375
54 414
54 415
54 454
54 455
54 494
54 495
94 15
94 55
94 95
94 134
94 135
94 174
94 175
94 214
94 215
94 254
94 255
94 294
94 295
94 334
94 335
94 374
94 375
94 414
94 415
94 454
94 455
94 494
94 495
134 15
134 55
134 95
134 135
134 174
134 175
134 214
134 215
134 254
134 255
134 294
134 295
134 334
134 335
134 374
134 375
134 414
134 415
134 454
134 455
134 494
134 495
174 15
174 55
174 95
174 135
174 175
174 214
174 215
174 254
174 255
174 294
174 295
174 334
174 335
174 374
174 375
174 414
174 415
174 454
174 455
174 494
174 495
214 15
214 55
214 95
214 135
214 175
214 215
214 254
214 255
214 294
214 295
214 334
214 335
214 374
214 375
214 414
214 415
214 454
214 455
214 494
214 495
254 15
254 55
254 95
254 135
254 175
254 215
254 255
254 294
254 295
254 334
254 335
254 374
254 375
254 414
254 415
254 454
254 455
254 494
254 495
294 15
294 55
294 95
294 135
294 175
294 215
294 255
294 295
294 334
294 335
294 374
294 375
294 414
294 415
294 454
294 455
294 494
294 495
334 15
334 55
334 95
334 135
334 175
334 215
334 255
334 295
334 335
334 374
334 375
334 414
334 415
334 454
334 455
334 494
334 495
374 15
374 55
374 95
374 135
374 175
374 215
374 255
374 295
374 335
374 375
374 414
374 415
374 454
374 455
374 494
374 495
414 15
414 55
414 95
414 135
414 175
414 215
414 255
414 295
414 335
414 375
414 415
414 454
414 455
414 494
414 495
454 15
454 55
454 95
454 135
454 175
454 215
454 255
454 295
454 335
454 375
454 415
454 455
454 494
454 495
494 15
494 55
494 95
494 135
494 175
494 215
494 255
494 295
494 335
494 375
494 415
494 455
494 495
15 16
15 55
15 56
15 95
15 96
15 135
15 136
15 175
15 176
15 215
15 216
15 255
15 256
15 295
15 296
15 335
15 336
15 375
15 376
15 415
15 416
15 455
15 456
15 495
15 496
55 16
55 56
55 95
55 96
55 135
55 136
55 175
55 176
55 215
55 216
55 255
55 256
55 295
55 296
55 335
55 336
55 375
55 376
55 415
55 416
55 455
55 456
55 495
55 496
95 16
95 56
95 96
95 135
95 136
95 175
95 176
95 215
95 216
95 255
95 256
95 295
95 296
95 335
95 336
95 375
95 376
95 415
95 416
95 455
95 456
95 495
95 496
135 16
135 56
135 96
135 136
135 175
135 176
135 215
135 216
135 255
135 256
135 295
135 296
135 335
135 336
135 375
135 376
135 415
135 416
135 455
135 456
135 495
135 496
175 16
175 56
175 96
175 136
175 176
175 215
175 216
175 255
175 256
175 295
175 296
175 335
175 336
175 375
175 376
175 415
175 416
175 455
175 456
175 495
175 496
215 16
215 56
215 96
215 136
215 176
215 216
215 255
215 256
215 295
215 296
215 335
215 336
215 375
215 376
215 415
215 416
215 455
215 456
215 495
215 496
255 16
255 56
255 96
255 136
255 176
255 216
255 256
255 295
255 296
255 335
255 336
255 375
255 376
255 415
255 416
255 455
255 456
255 495
255 496
295 16
295 56
295 96
295 136
295 176
295 216
295 256
295 296
295 335
295 336
295 375
295 376
295 415
295 416
295 455
295 456
295 495
295 496
335 16
335 56
335 96
335 136
335 176
335 216
335 256
335 296
335 336
335 375
335 376
335 415
335 416
335 455
335 456
335 495
335 496
375 16
375 56
375 96
375 136
375 176
375 216
375 256
375 296
375 336
375 376
375 415
375 416
375 455
375 456
375 495
375 496
415 16
415 56
415 96
415 136
415 176
415 216
415 256
415 296
415 336
415 376
415 416
415 455
415 456
415 495
415 496
455 16
455 56
455 96
455 136
455 176
455 216
455 256
455 296
455 336
455 376
455 416
455 456
455 495
455 496
495 16
495 56
495 96
495 136
495 176
495 216
495 256
495 296
495 336
495 376
495 416
495 456
495 496
16 17
16 56
16 57
16 96
16 97
16 136
16 137
16 176
16 177
16 216
16 217
16 256
16 257
16 296
16 297
16 336
16 337
16 376
16 377
16 416
16 417
16 456
16 457
16 496
16 497
56 17
56 57
56 96
56 97
56 136
56 137
56 176
56 177
56 216
56 217
56 256
56 257
56 296
56 297
56 336
56 337
56 376
56 377
56 416
56 417
56 456
56 457
56 496
56 497
96 17
96 57
96 97
96 136
96 137
96 176
96 177
96 216
96 217
96 256
96 257
96 296
96 297
96 336
96 337
96 376
96 377
96 416
96 417
96 456
96 457
96 496
96 497
136 17
136 57
136 97
136 137
136 176
136 177
136 216
136 217
136 256
136 257
136 296
136 297
136 336
136 337
136 376
136 377
136 416
136 417
136 456
136 457
136 496
136 497
176 17
176 57
176 97
176 137
176 177
176 216
176 217
176 256
176 257
176 296
176 297
176 336
176 337
176 376
176 377
176 416
176 417
176 456
176 457
176 496
176 497
216 17
216 57
216 97
216 137
216 177
216 217
216 256
216 257
216 296
216 297
216 336
216 337
216 376
216 377
216 416
216 417
216 456
216 457
216 496
216 497
256 17
256 57
256 97
256 137
256 177
256 217
256 257
256 296
256 297
256 336
256 337
256 376
256 377
256 416
256 417
256 456
256 457
256 496
256 497
296 17
296 57
296 97
296 137
296 177
296 217
296 257
296 297
296 336
296 337
296 376
296 377
296 416
296 417
296 456
296 457
296 496
296 497
336 17
336 57
336 97
336 137
336 177
336 217
336 257
336 297
336 337
336 376
336 377
336 416
336 417
336 456
336 457
336 496
336 497
376 17
376 57
376 97
376 137
376 177
376 217
376 257
376 297
376 337
376 377
376 416
376 417
376 456
376 457
376 496
376 497
416 17
416 57
416 97
416 137
416 177
416 217
416 257
416 297
416 337
416 377
416 417
416 456
416 457
416 496
416 497
456 17
456 57
456 97
456 137
456 177
456 217
456 257
456 297
456 337
456 377
456 417
456 457
456 496
456 497
496 17
496 57
496 97
496 137
496 177
496 217
496 257
496 297
496 337
496 377
496 417
496 457
496 497
17 18
17 57
17 58
17 97
17 98
17 137
17 138
17 177
17 178
17 217
17 218
17 257
17 258
17 297
17 298
17 337
17 338
17 377
17 378
17 417
17 418
17 457
17 458
17 497
17 498
57 18
57 58
57 97
57 98
57 137
57 138
57 177
57 178
57 217
57 218
57 257
57 258
57 297
57 298
57 337
57 338
57 377
57 378
57 417
57 418
57 457
57 458
57 497
57 498
97 18
97 58
97 98
97 137
97 138
97 177
97 178
97 217
97 218
97 257
97 258
97 297
97 298
97 337
97 338
97 377
97 378
97 417
97 418
97 457
97 458
97 497
97 498
137 18
137 58
137 98
137 138
137 177
137 178
137 217
137 218
137 257
137 258
137 297
137 298
137 337
137 338
137 377
137 378
137 417
137 418
137 457
137 458
137 497
137 498
177 18
177 58
177 98
177 138
177 178
177 217
177 218
177 257
177 258
177 297
177 298
177 337
177 338
177 377
177 378
177 417
177 418
177 457
177 458
177 497
177 498
217 18
217 58
217 98
217 138
217 178
217 218
217 257
217 258
217 297
217 298
217 337
217 338
217 377
217 378
217 417
217 418
217 457
217 458
217 497
217 498
257 18
257 58
257 98
257 138
257 178
257 218
257 258
257 297
257 298
257 337
257 338
257 377
257 378
257 417
257 418
257 457
257 458
257 497
257 498
297 18
297 58
297 98
297 138
297 178
297 218
297 258
297 298
297 337
297 338
297 377
297 378
297 417
297 418
297 457
297 458
297 497
297 498
337 18
337 58
337 98
337 138
337 178
337 218
337 258
337 298
337 338
337 377
337 378
337 417
337 418
337 457
337 458
337 497
337 498
377 18
377 58
377 98
377 138
377 178
377 218
377 258
377 298
377 338
377 378
377 417
377 418
377 457
377 458
377 497
377 498
417 18
417 58
417 98
417 138
417 178
417 218
417 258
417 298
417 338
417 378
417 418
417 457
417 458
417 497
417 498
457 18
457 58
457 98
457 138
457 178
457 218
457 258
457 298
457 338
457 378
457 418
457 458
457 497
457 498
497 18
497 58
497 98
497 138
497 178
497 218
497 258
497 298
497 338
497 378
497 418
497 458
497 498
18 19
18 58
18 59
18 98
18 99
18 138
18 139
18 178
18 179
18 218
18 219
18 258
18 259
18 298
18 299
18 338
18 339
18 378
18 379
18 418
18 419
18 458
18 459
18 498
18 499
58 19
58 59
58 98
58 99
58 138
58 139
58 178
58 179
58 218
58 219
58 258
58 259
58 298
58 299
58 338
58 339
58 378
58 379
58 418
58 419
58 458
58 459
58 498
58 499
98 19
98 59
98 99
98 138
98 139
98 178
98 179
98 218
98 219
98 258
98 259
98 298
98 299
98 338
98 339
98 378
98 379
98 418
98 419
98 458
98 459
98 498
98 499
138 19
138 59
138 99
138 139
138 178
138 179
138 218
138 219
138 258
138 259
138 298
138 299
138 338
138 339
138 378
138 379
138 418
138 419
138 458
138 459
138 498
138 499
178 19
178 59
178 99
178 139
178 179
178 218
178 219
178 258
178 259
178 298
178 299
178 338
178 339
178 378
178 379
178 418
178 419
178 458
178 459
178 498
178 499
218 19
218 59
218 99
218 139
218 179
218 219
218 258
218 259
218 298
218 299
218 338
218 339
218 378
218 379
218 418
218 419
218 458
218 459
218 498
218 499
258 19
258 59
258 99
258 139
258 179
258 219
258 259
258 298
258 299
258 338
258 339
258 378
258 379
258 418
258 419
258 458
258 459
258 498
258 499
298 19
298 59
298 99
298 139
298 179
298 219
298 259
298 299
298 338
298 339
298 378
298 379
298 418
298 419
298 458
298 459
298 498
298 499
338 19
338 59
338 99
338 139
338 179
338 219
338 259
338 299
338 339
338 378
338 379
338 418
338 419
338 458
338 459
338 498
338 499
378 19
378 59
378 99
378 139
378 179
378 219
378 259
378 299
378 339
378 379
378 418
378 419
378 458
378 459
378 498
378 499
418 19
418 59
418 99
418 139
418 179
418 219
418 259
418 299
418 339
418 379
418 419
418 458
418 459
418 498
418 499
458 19
458 59
458 99
458 139
458 179
458 219
458 259
458 299
458 339
458 379
458 419
458 459
458 498
458 499
498 19
498 59
498 99
498 139
498 179
498 219
498 259
498 299
498 339
498 379
498 419
498 459
498 499
19 20
19 59
19 60
19 99
19 100
19 139
19 140
19 179
19 180
19 219
19 220
19 259
19 260
19 299
19 300
19 339
19 340
19 379
19 380
19 419
19 420
19 459
19 460
19 499
59 20
59 60
59 99
59 100
59 139
59 140
59 179
59 180
59 219
59 220
59 259
59 260
59 299
59 300
59 339
59 340
59 379
59 380
59 419
59 420
59 459
59 460
59 499
99 20
99 60
99 100
99 139
99 140
99 179
99 180
99 219
99 220
99 259
99 260
99 299
99 300
99 339
99 340
99 379
99 380
99 419
99 420
99 459
99 460
99 499
139 20
139 60
139 100
139 140
139 179
139 180
139 219
139 220
139 259
139 260
139 299
139 300
139 339
139 340
139 379
139 380
139 419
139 420
139 459
139 460
139 499
179 20
179 60
179 100
179 140
179 180
179 219
179 220
179 259
179 260
179 299
179 300
179 339
179 340
179 379
179 380
179 419
179 420
179 459
179 460
179 499
219 20
219 60
219 100
219 140
219 180
219 220
219 259
219 260
219 299
219 300
219 339
219 340
219 379
219 380
219 419
219 420
219 459
219 460
219 499
259 20
259 60
259 100
259 140
259 180
259 220
259 260
259 299
259 300
259 339
259 340
259 379
259 380
259 419
259 420
259 459
259 460
259 499
299 20
299 60
299 100
299 140
299 180
299 220
299 260
299 300
299 339
299 340
299 379
299 380
299 419
299 420
299 459
299 460
299 499
339 20
339 60
339 100
339 140
339 180
339 220
339 260
339 300
339 340
339 379
339 380
339 419
339 420
339 459
339 460
339 499
379 20
379 60
379 100
379 140
379 180
379 220
379 260
379 300
379 340
379 380
379 419
379 420
379 459
379 460
379 499
419 20
419 60
419 100
419 140
419 180
419 220
419 260
419 300
419 340
419 380
419 420
419 459
419 460
419 499
459 20
459 60
459 100
459 140
459 180
459 220
459 260
459 300
459 340
459 380
459 420
459 460
459 499
499 20
499 60
499 100
499 140
499 180
499 220
499 260
499 300
499 340
499 380
499 420
499 460
20 21
20 60
20 61
20 100
20 101
20 140
20 141
20 180
20 181
20 220
20 221
20 260
20 261
20 300
20 301
20 340
20 341
20 380
20 381
20 420
20 421
20 460
20 461
60 21
60 61
60 100
60 101
60 140
60 141
60 180
60 181
60 220
60 221
60 260
60 261
60 300
60 301
60 340
60 341
60 380
60 381
60 420
60 421
60 460
60 461
100 21
100 61
100 101
100 140
100 141
100 180
100 181
100 220
100 221
100 260
100 261
100 300
100 301
100 340
100 341
100 380
100 381
100 420
100 421
100 460
100 461
140 21
140 61
140 101
140 141
140 180
140 181
140 220
140 221
140 260
140 261
140 300
140 301
140 340
140 341
140 380
140 381
140 420
140 421
140 460
140 461
180 21
180 61
180 101
180 141
180 181
180 220
180 221
180 260
180 261
180 300
180 301
180 340
180 341
180 380
180 381
180 420
180 421
180 460
180 461
220 21
220 61
220 101
220 141
220 181
220 221
220 260
220 261
220 300
220 301
220 340
220 341
220 380
220 381
220 420
220 421
220 460
220 461
260 21
260 61
260 101
260 141
260 181
260 221
260 261
260 300
260 301
260 340
260 341
260 380
260 381
260 420
260 421
260 460
260 461
300 21
300 61
300 101
300 141
300 181
300 221
300 261
300 301
300 340
300 341
300 380
300 381
300 420
300 421
300 460
300 461
340 21
340 61
340 101
340 141
340 181
340 221
340 261
340 301
340 341
340 380
340 381
340 420
340 421
340 460
340 461
380 21
380 61
380 101
380 141
380 181
380 221
380 261
380 301
380 341
380 381
380 420
380 421
380 460
380 461
420 21
420 61
420 101
420 141
420 181
420 221
420 261
420 301
420 341
420 381
420 421
420 460
420 461
460 21
460 61
460 101
460 141
460 181
460 221
460 261
460 301
460 341
460 381
460 421
460 461
21 22
21 61
21 62
21 101
21 102
21 141
21 142
21 181
21 182
21 221
21 222
21 261
21 262
21 301
21 302
21 341
21 342
21 381
21 382
21 421
21 422
21 461
21 462
61 22
61 62
61 101
61 102
61 141
61 142
61 181
61 182
61 221
61 222
61 261
61 262
61 301
61 302
61 341
61 342
61 381
61 382
61 421
61 422
61 461
61 462
101 22
101 62
101 102
101 141
101 142
101 181
101 182
101 221
101 222
101 261
101 262
101 301
101 302
101 341
101 342
101 381
101 382
101 421
101 422
101 461
101 462
141 22
141 62
141 102
141 142
141 181
141 182
141 221
141 222
141 261
141 262
141 301
141 302
141 341
141 342
141 381
141 382
141 421
141 422
141 461
141 462
181 22
181 62
181 102
181 142
181 182
181 221
181 222
181 261
181 262
181 301
181 302
181 341
181 342
181 381
181 382
181 421
181 422
181 461
181 462
221 22
221 62
221 102
221 142
221 182
221 222
221 261
221 262
221 301
221 302
221 341
221 342
221 381
221 382
221 421
221 422
221 461
221 462
261 22
261 62
261 102
261 142
261 182
261 222
261 262
261 301
261 302
261 341
261 342
261 381
261 382
261 421
261 422
261 461
261 462
301 22
301 62
301 102
301 142
301 182
301 222
301 262
301 302
301 341
301 342
301 381
301 382
301 421
301 422
301 461
301 462
341 22
341 62
341 102
341 142
341 182
341 222
341 262
341 302
341 342
341 381
341 382
341 421
341 422
341 461
341 462
381 22
381 62
381 102
381 142
381 182
381 222
381 262
381 302
381 342
381 382
381 421
381 422
381 461
381 462
421 22
421 62
421 102
421 142
421 182
421 222
421 262
421 302
421 342
421 382
421 422
421 461
421 462
461 22
461 62
461 102
461 142
461 182
461 222
461 262
461 302
461 342
461 382
461 422
461 462
22 23
22 62
22 63
22 102
22 103
22 142
22 143
22 182
22 183
22 222
22 223
22 262
22 263
22 302
22 303
22 342
22 343
22 382
22 383
22 422
22 423
22 462
22 463
62 23
62 63
62 102
62 103
62 142
62 143
62 182
62 183
62 222
62 223
62 262
62 263
62 302
62 303
62 342
62 343
62 382
62 383
62 422
62 423
62 462
62 463
102 23
102 63
102 103
102 142
102 143
102 182
102 183
102 222
102 223
102 262
102 263
102 302
102 303
102 342
102 343
102 382
102 383
102 422
102 423
102 462
102 463
142 23
142 63
142 103
142 143
142 182
142 183
142 222
142 223
142 262
142 263
142 302
142 303
142 342
142 343
142 382
142 383
142 422
142 423
142 462
142 463
182 23
182 63
182 103
182 143
182 183
182 222
182 223
182 262
182 263
182 302
182 303
182 342
182 343
182 382
182 383
182 422
182 423
182 462
182 463
222 23
222 63
222 103
222 143
222 183
222 223
222 262
222 263
222 302
222 303
222 342
222 343
222 382
222 383
222 422
222 423
222 462
222 463
262 23
262 63
262 103
262 143
262 183
262 223
262 263
262 302
262 303
262 342
262 343
262 382
262 383
262 422
262 423
262 462
262 463
302 23
302 63
302 103
302 143
302 183
302 223
302 263
302 303
302 342
302 343
302 382
302 383
302 422
302 423
302 462
302 463
342 23
342 63
342 103
342 143
342 183
342 223
342 263
342 303
342 343
342 382
342 383
342 422
342 423
342 462
342 463
382 23
382 63
382 103
382 143
382 183
382 223
382 263
382 303
382 343
382 383
382 422
382 423
382 462
382 463
422 23
422 63
422 103
422 143
422 183
422 223
422 263
422 303
422 343
422 383
422 423
422 462
422 463
462 23
462 63
462 103
462 143
462 183
462 223
462 263
462 303
462 343
462 383
462 423
462 463
23 24
23 63
23 64
23 103
23 104
23 143
23 144
23 183
23 184
23 223
23 224
23 263
23 264
23 303
23 304
23 343
23 344
23 383
23 384
23 423
23 424
23 463
23 464
63 24
63 64
63 103
63 104
63 143
63 144
63 183
63 184
63 223
63 224
63 263
63 264
63 303
63 304
63 343
63 344
63 383
63 384
63 423
63 424
63 463
63 464
103 24
103 64
103 104
103 143
103 144
103 183
103 184
103 223
103 224
103 263
103 264
103 303
103 304
103 343
103 344
103 383
103 384
103 423
103 424
103 463
103 464
143 24
143 64
143 104
143 144
143 183
143 184
143 223
143 224
143 263
143 264
143 303
143 304
143 343
143 344
143 383
143 384
143 423
143 424
143 463
143 464
183 24
183 64
183 104
183 144
183 184
183 223
183 224
183 263
183 264
183 303
183 304
183 343
183 344
183 383
183 384
183 423
183 424
183 463
183 464
223 24
223 64
223 104
223 144
223 184
223 224
223 263
223 264
223 303
223 304
223 343
223 344
223 383
223 384
223 423
223 424
223 463
223 464
263 24
263 64
263 104
263 144
263 184
263 224
263 264
263 303
263 304
263 343
263 344
263 383
263 384
263 423
263 424
263 463
263 464
303 24
303 64
303 104
303 144
303 184
303 224
303 264
303 304
303 343
303 344
303 383
303 384
303 423
303 424
303 463
303 464
343 24
343 64
343 104
343 144
343 184
343 224
343 264
343 304
343 344
343 383
343 384
343 423
343 424
343 463
343 464
383 24
383 64
383 104
383 144
383 184
383 224
383 264
383 304
383 344
383 384
383 423
383 424
383 463
383 464
423 24
423 64
423 104
423 144
423 184
423 224
423 264
423 304
423 344
423 384
423 424
423 463
423 464
463 24
463 64
463 104
463 144
463 184
463 224
463 264
463 304
463 344
463 384
463 424
463 464
24 25
24 64
24 65
24 104
24 105
24 144
24 145
24 184
24 185
24 224
24 225
24 264
24 265
24 304
24 305
24 344
24 345
24 384
24 385
24 424
24 425
24 464
24 465
64 25
64 65
64 104
64 105
64 144
64 145
64 184
64 185
64 224
64 225
64 264
64 265
64 304
64 305
64 344
64 345
64 384
64 385
64 424
64 425
64 464
64 465
104 25
104 65
104 105
104 144
104 145
104 184
104 185
104 224
104 225
104 264
104 265
104 304
104 305
104 344
104 345
104 384
104 385
104 424
104 425
104 464
104 465
144 25
144 65
144 105
144 145
144 184
144 185
144 224
144 225
144 264
144 265
144 304
144 305
144 344
144 345
144 384
144 385
144 424
144 425
144 464
144 465
184 25
184 65
184 105
184 145
184 185
184 224
184 225
184 264
184 265
184 304
184 305
184 344
184 345
184 384
184 385
184 424
184 425
184 464
184 465
224 25
224 65
224 105
224 145
224 185
224 225
224 264
224 265
224 304
224 305
224 344
224 345
224 384
224 385
224 424
224 425
224 464
224 465
264 25
264 65
264 105
264 145
264 185
264 225
264 265
264 304
264 305
264 344
264 345
264 384
264 385
264 424
264 425
264 464
264 465
304 25
304 65
304 105
304 145
304 185
304 225
304 265
304 305
304 344
304 345
304 384
304 385
304 424
304 425
304 464
304 465
344 25
344 65
344 105
344 145
344 185
344 225
344 265
344 305
344 345
344 384
344 385
344 424
344 425
344 464
344 465
384 25
384 65
384 105
384 145
384 185
384 225
384 265
384 305
384 345
384 385
384 424
384 425
384 464
384 465
424 25
424 65
424 105
424 145
424 185
424 225
424 265
424 305
424 345
424 385
424 425
424 464
424 465
464 25
464 65
464 105
464 145
464 185
464 225
464 265
464 305
464 345
464 385
464 425
464 465
25 26
25 65
25 66
25 105
25 106
25 145
25 146
25 185
25 186
25 225
25 226
25 265
25 266
25 305
25 306
25 345
25 346
25 385
25 386
25 425
25 426
25 465
25 466
65 26
65 66
65 105
65 106
65 145
65 146
65 185
65 186
65 225
65 226
65 265
65 266
65 305
65 306
65 345
65 346
65 385
65 386
65 425
65 426
65 465
65 466
105 26
105 66
105 106
105 145
105 146
105 185
105 186
105 225
105 226
105 265
105 266
105 305
105 306
105 345
105 346
105 385
105 386
105 425
105 426
105 465
105 466
145 26
145 66
145 106
145 146
145 185
145 186
145 225
145 226
145 265
145 266
145 305
145 306
145 345
145 346
145 385
145 386
145 425
145 426
145 465
145 466
185 26
185 66
185 106
185 146
185 186
185 225
185 226
185 265
185 266
185 305
185 306
185 345
185 346
185 385
185 386
185 425
185 426
185 465
185 466
225 26
225 66
225 106
225 146
225 186
225 226
225 265
225 266
225 305
225 306
225 345
225 346
225 385
225 386
225 425
225 426
225 465
225 466
265 26
265 66
265 106
265 146
265 186
265 226
265 266
265 305
265 306
265 345
265 346
265 385
265 386
265 425
265 426
265 465
265 466
305 26
305 66
305 106
305 146
305 186
305 226
305 266
305 306
305 345
305 346
305 385
305 386
305 425
305 426
305 465
305 466
345 26
345 66
345 106
345 146
345 186
345 226
345 266
345 306
345 346
345 385
345 386
345 425
345 426
345 465
345 466
385 26
385 66
385 106
385 146
385 186
385 226
385 266
385 306
385 346
385 386
385 425
385 426
385 465
385 466
425 26
425 66
425 106
425 146
425 186
425 226
425 266
425 306
425 346
425 386
425 426
425 465
425 466
465 26
465 66
465 106
465 146
465 186
465 226
465 266
465 306
465 346
465 386
465 426
465 466
26 27
26 66
26 67
26 106
26 107
26 146
26 147
26 186
26 187
26 226
26 227
26 266
26 267
26 306
26 307
26 346
26 347
26 386
26 387
26 426
26 427
26 466
26 467
66 27
66 67
66 106
66 107
66 146
66 147
66 186
66 187
66 226
66 227
66 266
66 267
66 306
66 307
66 346
66 347
66 386
66 387
66 426
66 427
66 466
66 467
106 27
106 67
106 107
106 146
106 147
106 186
106 187
106 226
106 227
106 266
106 267
106 306
106 307
106 346
106 347
106 386
106 387
106 426
106 427
106 466
106 467
146 27
146 67
146 107
146 147
146 186
146 187
146 226
146 227
146 266
146 267
146 306
146 307
146 346
146 347
146 386
146 387
146 426
146 427
146 466
146 467
186 27
186 67
186 107
186 147
186 187
186 226
186 227
186 266
186 267
186 306
186 307
186 346
186 347
186 386
186 387
186 426
186 427
186 466
186 467
226 27
226 67
226 107
226 147
226 187
226 227
226 266
226 267
226 306
226 307
226 346
226 347
226 386
226 387
226 426
226 427
226 466
226 467
266 27
266 67
266 107
266 147
266 187
266 227
266 267
266 306
266 307
266 346
266 347
266 386
266 387
266 426
266 427
266 466
266 467
306 27
306 67
306 107
306 147
306 187
306 227
306 267
306 307
306 346
306 347
306 386
306 387
306 426
306 427
306 466
306 467
346 27
346 67
346 107
346 147
346 187
346 227
346 267
346 307
346 347
346 386
346 387
346 426
346 427
346 466
346 467
386 27
386 67
386 107
386 147
386 187
386 227
386 267
386 307
386 347
386 387
386 426
386 427
386 466
386 467
426 27
426 67
426 107
426 147
426 187
426 227
426 267
426 307
426 347
426 387
426 427
426 466
426 467
466 27
466 67
466 107
466 147
466 187
466 227
466 267
466 307
466 347
466 387
466 427
466 467
27 28
27 67
27 68
27 107
27 108
27 147
27 148
27 187
27 188
27 227
27 228
27 267
27 268
27 307
27 308
27 347
27 348
27 387
27 388
27 427
27 428
27 467
27 468
67 28
67 68
67 107
67 108
67 147
67 148
67 187
67 188
67 227
67 228
67 267
67 268
67 307
67 308
67 347
67 348
67 387
67 388
67 427
67 428
67 467
67 468
107 28
107 68
107 108
107 147
107 148
107 187
107 188
107 227
107 228
107 267
107 268
107 307
107 308
107 347
107 348
107 387
107 388
107 427
107 428
107 467
107 468
147 28
147 68
147 108
147 148
147 187
147 188
147 227
147 228
147 267
147 268
147 307
147 308
147 347
147 348
147 387
147 388
147 427
147 428
147 467
147 468
187 28
187 68
187 108
187 148
187 188
187 227
187 228
187 267
187 268
187 307
187 308
187 347
187 348
187 387
187 388
187 427
187 428
187 467
187 468
227 28
227 68
227 108
227 148
227 188
227 228
227 267
227 268
227 307
227 308
227 347
227 348
227 387
227 388
227 427
227 428
227 467
227 468
267 28
267 68
267 108
267 148
267 188
267 228
267 268
267 307
267 308
267 347
267 348
267 387
267 388
267 427
267 428
267 467
267 468
307 28
307 68
307 108
307 148
307 188
307 228
307 268
307 308
307 347
307 348
307 387
307 388
307 427
307 428
307 467
307 468
347 28
347 68
347 108
347 148
347 188
347 228
347 268
347 308
347 348
347 387
347 388
347 427
347 428
347 467
347 468
387 28
387 68
387 108
387 148
387 188
387 228
387 268
387 308
387 348
387 388
387 427
387 428
387 467
387 468
427 28
427 68
427 108
427 148
427 188
427 228
427 268
427 308
427 348
427 388
427 428
427 467
427 468
467 28
467 68
467 108
467 148
467 188
467 228
467 268
467 308
467 348
467 388
467 428
467 468
28 29
28 68
28 69
28 108
28 109
28 148
28 149
28 188
28 189
28 228
28 229
28 268
28 269
28 308
28 309
28 348
28 349
28 388
28 389
28 428
28 429
28 468
28 469
68 29
68 69
68 108
68 109
68 148
68 149
68 188
68 189
68 228
68 229
68 268
68 269
68 308
68 309
68 348
68 349
68 388
68 389
68 428
68 429
68 468
68 469
108 29
108 69
108 109
108 148
108 149
108 188
108 189
108 228
108 229
108 268
108 269
108 308
108 309
108 348
108 349
108 388
108 389
108 428
108 429
108 468
108 469
148 29
148 69
148 109
148 149
148 188
148 189
148 228
148 229
148 268
148 269
148 308
148 309
148 348
148 349
148 388
148 389
148 428
148 429
148 468
148 469
188 29
188 69
188 109
188 149
188 189
188 228
188 229
188 268
188 269
188 308
188 309
188 348
188 349
188 388
188 389
188 428
188 429
188 468
188 469
228 29
228 69
228 109
228 149
228 189
228 229
228 268
228 269
228 308
228 309
228 348
228 349
228 388
228 389
228 428
228 429
228 468
228 469
268 29
268 69
268 109
268 149
268 189
268 229
268 269
268 308
268 309
268 348
268 349
268 388
268 389
268 428
268 429
268 468
268 469
308 29
308 69
308 109
308 149
308 189
308 229
308 269
308 309
308 348
308 349
308 388
308 389
308 428
308 429
308 468
308 469
348 29
348 69
348 109
348 149
348 189
348 229
348 269
348 309
348 349
348 388
348 389
348 428
348 429
348 468
348 469
388 29
388 69
388 109
388 149
388 189
388 229
388 269
388 309
388 349
388 389
388 428
388 429
388 468
388 469
428 29
428 69
428 109
428 149
428 189
428 229
428 269
428 309
428 349
428 389
428 429
428 468
428 469
468 29
468 69
468 109
468 149
468 189
468 229
468 269
468 309
468 349
468 389
468 429
468 469
29 30
29 69
29 70
29 109
29 110
29 149
29 150
29 189
29 190
29 229
29 230
29 269
29 270
29 309
29 310
29 349
29 350
29 389
29 390
29 429
29 430
29 469
29 470
69 30
69 70
69 109
69 110
69 149
69 150
69 189
69 190
69 229
69 230
69 269
69 270
69 309
69 310
69 349
69 350
69 389
69 390
69 429
69 430
69 469
69 470
109 30
109 70
109 110
109 149
109 150
109 189
109 190
109 229
109 230
109 269
109 270
109 309
109 310
109 349
109 350
109 389
109 390
109 429
109 430
109 469
109 470
149 30
149 70
149 110
149 150
149 189
149 190
149 229
149 230
149 269
149 270
149 309
149 310
149 349
149 350
149 389
149 390
149 429
149 430
149 469
149 470
189 30
189 70
189 110
189 150
189 190
189 229
189 230
189 269
189 270
189 309
189 310
189 349
189 350
189 389
189 390
189 429
189 430
189 469
189 470
229 30
229 70
229 110
229 150
229 190
229 230
229 269
229 270
229 309
229 310
229 349
229 350
229 389
229 390
229 429
229 430
229 469
229 470
269 30
269 70
269 110
269 150
269 190
269 230
269 270
269 309
269 310
269 349
269 350
269 389
269 390
269 429
269 430
269 469
269 470
309 30
309 70
309 110
309 150
309 190
309 230
309 270
309 310
309 349
309 350
309 389
309 390
309 429
309 430
309 469
309 470
349 30
349 70
349 110
349 150
349 190
349 230
349 270
349 310
349 350
349 389
349 390
349 429
349 430
349 469
349 470
389 30
389 70
389 110
389 150
389 190
389 230
389 270
389 310
389 350
389 390
389 429
389 430
389 469
389 470
429 30
429 70
429 110
429 150
429 190
429 230
429 270
429 310
429 350
429 390
429 430
429 469
429 470
469 30
469 70
469 110
469 150
469 190
469 230
469 270
469 310
469 350
469 390
469 430
469 470
30 31
30 70
30 71
30 110
30 111
30 150
30 151
30 190
30 191
30 230
30 231
30 270
30 271
30 310
30 311
30 350
30 351
30 390
30 391
30 430
30 431
30 470
30 471
70 31
70 71
70 110
70 111
70 150
70 151
70 190
70 191
70 230
70 231
70 270
70 271
70 310
70 311
70 350
70 351
70 390
70 391
70 430
70 431
70 470
70 471
110 31
110 71
110 111
110 150
110 151
110 190
110 191
110 230
110 231
110 270
110 271
110 310
110 311
110 350
110 351
110 390
110 391
110 430
110 431
110 470
110 471
150 31
150 71
150 111
150 151
150 190
150 191
150 230
150 231
150 270
150 271
150 310
150 311
150 350
150 351
150 390
150 391
150 430
150 431
150 470
150 471
190 31
190 71
190 111
190 151
190 191
190 230
190 231
190 270
190 271
190 310
190 311
190 350
190 351
190 390
190 391
190 430
190 431
190 470
190 471
230 31
230 71
230 111
230 151
230 191
230 231
230 270
230 271
230 310
230 311
230 350
230 351
230 390
230 391
230 430
230 431
230 470
230 471
270 31
270 71
270 111
270 151
270 191
270 231
270 271
270 310
270 311
270 350
270 351
270 390
270 391
270 430
270 431
270 470
270 471
310 31
310 71
310 111
310 151
310 191
310 231
310 271
310 311
310 350
310 351
310 390
310 391
310 430
310 431
310 470
310 471
350 31
350 71
350 111
350 151
350 191
350 231
350 271
350 311
350 351
350 390
350 391
350 430
350 431
350 470
350 471
390 31
390 71
390 111
390 151
390 191
390 231
390 271
390 311
390 351
390 391
390 430
390 431
390 470
390 471
430 31
430 71
430 111
430 151
430 191
430 231
430 271
430 311
430 351
430 391
430 431
430 470
430 471
470 31
470 71
470 111
470 151
470 191
470 231
470 271
470 311
470 351
470 391
470 431
470 471
31 32
31 71
31 72
31 111
31 112
31 151
31 152
31 191
31 192
31 231
31 232
31 271
31 272
31 311
31 312
31 351
31 352
31 391
31 392
31 431
31 432
31 471
31 472
71 32
71 72
71 111
71 112
71 151
71 152
71 191
71 192
71 231
71 232
71 271
71 272
71 311
71 312
71 351
71 352
71 391
71 392
71 431
71 432
71 471
71 472
111 32
111 72
111 112
111 151
111 152
111 191
111 192
111 231
111 232
111 271
111 272
111 311
111 312
111 351
111 352
111 391
111 392
111 431
111 432
111 471
111 472
151 32
151 72
151 112
151 152
151 191
151 192
151 231
151 232
151 271
151 272
151 311
151 312
151 351
151 352
151 391
151 392
151 431
151 432
151 471
151 472
191 32
191 72
191 112
191 152
191 192
191 231
191 232
191 271
191 272
191 311
191 312
191 351
191 352
191 391
191 392
191 431
191 432
191 471
191 472
231 32
231 72
231 112
231 152
231 192
231 232
231 271
231 272
231 311
231 312
231 351
231 352
231 391
231 392
231 431
231 432
231 471
231 472
271 32
271 72
271 112
271 152
271 192
271 232
271 272
271 311
271 312
271 351
271 352
271 391
271 392
271 431
271 432
271 471
271 472
311 32
311 72
311 112
311 152
311 192
311 232
311 272
311 312
311 351
311 352
311 391
311 392
311 431
311 432
311 471
311 472
351 32
351 72
351 112
351 152
351 192
351 232
351 272
351 312
351 352
351 391
351 392
351 431
351 432
351 471
351 472
391 32
391 72
391 112
391 152
391 192
391 232
391 272
391 312
391 352
391 392
391 431
391 432
391 471
391 472
431 32
431 72
431 112
431 152
431 192
431 232
431 272
431 312
431 352
431 392
431 432
431 471
431 472
471 32
471 72
471 112
471 152
471 192
471 232
471 272
471 312
471 352
471 392
471 432
471 472
32 33
32 72
32 73
32 112
32 113
32 152
32 153
32 192
32 193
32 232
32 233
32 272
32 273
32 312
32 313
32 352
32 353
32 392
32 393
32 432
32 433
32 472
32 473
72 33
72 73
72 112
72 113
72 152
72 153
72 192
72 193
72 232
72 233
72 272
72 273
72 312
72 313
72 352
72 353
72 392
72 393
72 432
72 433
72 472
72 473
112 33
112 73
112 113
112 152
112 153
112 192
112 193
112 232
112 233
112 272
112 273
112 312
112 313
112 352
112 353
112 392
112 393
112 432
112 433
112 472
112 473
152 33
152 73
152 113
152 153
152 192
152 193
152 232
152 233
152 272
152 273
152 312
152 313
152 352
152 353
152 392
152 393
152 432
152 433
152 472
152 473
192 33
192 73
192 113
192 153
192 193
192 232
192 233
192 272
192 273
192 312
192 313
192 352
192 353
192 392
192 393
192 432
192 433
192 472
192 473
232 33
232 73
232 113
232 153
232 193
232 233
232 272
232 273
232 312
232 313
232 352
232 353
232 392
232 393
232 432
232 433
232 472
232 473
272 33
272 73
272 113
272 153
272 193
272 233
272 273
272 312
272 313
272 352
272 353
272 392
272 393
272 432
272 433
272 472
272 473
312 33
312 73
312 113
312 153
312 193
312 233
312 273
312 313
312 352
312 353
312 392
312 393
312 432
312 433
312 472
312 473
352 33
352 73
352 113
352 153
352 193
352 233
352 273
352 313
352 353
352 392
352 393
352 432
352 433
352 472
352 473
392 33
392 73
392 113
392 153
392 193
392 233
392 273
392 313
392 353
392 393
392 432
392 433
392 472
392 473
432 33
432 73
432 113
432 153
432 193
432 233
432 273
432 313
432 353
432 393
432 433
432 472
432 473
472 33
472 73
472 113
472 153
472 193
472 233
472 273
472 313
472 353
472 393
472 433
472 473
33 34
33 73
33 74
33 113
33 114
33 153
33 154
33 193
33 194
33 233
33 234
33 273
33 274
33 313
33 314
33 353
33 354
33 393
33 394
33 433
33 434
33 473
33 474
73 34
73 74
73 113
73 114
73 153
73 154
73 193
73 194
73 233
73 234
73 273
73 274
73 313
73 314
73 353
73 354
73 393
73 394
73 433
73 434
73 473
73 474
113 34
113 74
113 114
113 153
113 154
113 193
113 194
113 233
113 234
113 273
113 274
113 313
113 314
113 353
113 354
113 393
113 394
113 433
113 434
113 473
113 474
153 34
153 74
153 114
153 154
153 193
153 194
153 233
153 234
153 273
153 274
153 313
153 314
153 353
153 354
153 393
153 394
153 433
153 434
153 473
153 474
193 34
193 74
193 114
193 154
193 194
193 233
193 234
193 273
193 274
193 313
193 314
193 353
193 354
193 393
193 394
193 433
193 434
193 473
193 474
233 34
233 74
233 114
233 154
233 194
233 234
233 273
233 274
233 313
233 314
233 353
233 354
233 393
233 394
233 433
233 434
233 473
233 474
273 34
273 74
273 114
273 154
273 194
273 234
273 274
273 313
273 314
273 353
273 354
273 393
273 394
273 433
273 434
273 473
273 474
313 34
313 74
313 114
313 154
313 194
313 234
313 274
313 314
313 353
313 354
313 393
313 394
313 433
313 434
313 473
313 474
353 34
353 74
353 114
353 154
353 194
353 234
353 274
353 314
353 354
353 393
353 394
353 433
353 434
353 473
353 474
393 34
393 74
393 114
393 154
393 194
393 234
393 274
393 314
393 354
393 394
393 433
393 434
393 473
393 474
433 34
433 74
433 114
433 154
433 194
433 234
433 274
433 314
433 354
433 394
433 434
433 473
433 474
473 34
473 74
473 114
473 154
473 194
473 234
473 274
473 314
473 354
473 394
473 434
473 474
34 35
34 74
34 75
34 114
34 115
34 154
34 155
34 194
34 195
34 234
34 235
34 274
34 275
34 314
34 315
34 354
34 355
34 394
34 395
34 434
34 435
34 474
34 475
74 35
74 75
74 114
74 115
74 154
74 155
74 194
74 195
74 234
74 235
74 274
74 275
74 314
74 315
74 354
74 355
74 394
74 395
74 434
74 435
74 474
74 475
114 35
114 75
114 115
114 154
114 155
114 194
114 195
114 234
114 235
114 274
114 275
114 314
114 315
114 354
114 355
114 394
114 395
114 434
114 435
114 474
114 475
154 35
154 75
154 115
154 155
154 194
154 195
154 234
154 235
154 274
154 275
154 314
154 315
154 354
154 355
154 394
154 395
154 434
154 435
154 474
154 475
194 35
194 75
194 115
194 155
194 195
194 234
194 235
194 274
194 275
194 314
194 315
194 354
194 355
194 394
194 395
194 434
194 435
194 474
194 475
234 35
234 75
234 115
234 155
234 195
234 235
234 274
234 275
234 314
234 315
234 354
234 355
234 394
234 395
234 434
234 435
234 474
234 475
274 35
274 75
274 115
274 155
274 195
274 235
274 275
274 314
274 315
274 354
274 355
274 394
274 395
274 434
274 435
274 474
274 475
314 35
314 75
314 115
314 155
314 195
314 235
314 275
314 315
314 354
314 355
314 394
314 395
314 434
314 435
314 474
314 475
354 35
354 75
354 115
354 155
354 195
354 235
354 275
354 315
354 355
354 394
354 395
354 434
354 435
354 474
354 475
394 35
394 75
394 115
394 155
394 195
394 235
394 275
394 315
394 355
394 395
394 434
394 435
394 474
394 475
434 35
434 75
434 115
434 155
434 195
434 235
434 275
434 315
434 355
434 395
434 435
434 474
434 475
474 35
474 75
474 115
474 155
474 195
474 235
474 275
474 315
474 355
474 395
474 435
474 475
35 36
35 75
35 76
35 115
35 116
35 155
35 156
35 195
35 196
35 235
35 236
35 275
35 276
35 315
35 316
35 355
35 356
35 395
35 396
35 435
35 436
35 475
35 476
75 36
75 76
75 115
75 116
75 155
75 156
75 195
75 196
75 235
75 236
75 275
75 276
75 315
75 316
75 355
75 356
75 395
75 396
75 435
75 436
75 475
75 476
115 36
115 76
115 116
115 155
115 156
115 195
115 196
115 235
115 236
115 275
115 276
115 315
115 316
115 355
115 356
115 395
115 396
115 435
115 436
115 475
115 476
155 36
155 76
155 116
155 156
155 195
155 196
155 235
155 236
155 275
155 276
155 315
155 316
155 355
155 356
155 395
155 396
155 435
155 436
155 475
155 476
195 36
195 76
195 116
195 156
195 196
195 235
195 236
195 275
195 276
195 315
195 316
195 355
195 356
195 395
195 396
195 435
195 436
195 475
195 476
235 36
235 76
235 116
235 156
235 196
235 236
235 275
235 276
235 315
235 316
235 355
235 356
235 395
235 396
235 435
235 436
235 475
235 476
275 36
275 76
275 116
275 156
275 196
275 236
275 276
275 315
275 316
275 355
275 356
275 395
275 396
275 435
275 436
275 475
275 476
315 36
315 76
315 116
315 156
315 196
315 236
315 276
315 316
315 355
315 356
315 395
315 396
315 435
315 436
315 475
315 476
355 36
355 76
355 116
355 156
355 196
355 236
355 276
355 316
355 356
355 395
355 396
355 435
355 436
355 475
355 476
395 36
395 76
395 116
395 156
395 196
395 236
395 276
395 316
395 356
395 396
395 435
395 436
395 475
395 476
435 36
435 76
435 116
435 156
435 196
435 236
435 276
435 316
435 356
435 396
435 436
435 475
435 476
475 36
475 76
475 116
475 156
475 196
475 236
475 276
475 316
475 356
475 396
475 436
475 476
36 37
36 76
36 77
36 116
36 117
36 156
36 157
36 196
36 197
36 236
36 237
36 276
36 277
36 316
36 317
36 356
36 357
36 396
36 397
36 436
36 437
36 476
36 477
76 37
76 77
76 116
76 117
76 156
76 157
76 196
76 197
76 236
76 237
76 276
76 277
76 316
76 317
76 356
76 357
76 396
76 397
76 436
76 437
76 476
76 477
116 37
116 77
116 117
116 156
116 157
116 196
116 197
116 236
116 237
116 276
116 277
116 316
116 317
116 356
116 357
116 396
116 397
116 436
116 437
116 476
116 477
156 37
156 77
156 117
156 157
156 196
156 197
156 236
156 237
156 276
156 277
156 316
156 317
156 356
156 357
156 396
156 397
156 436
156 437
156 476
156 477
196 37
196 77
196 117
196 157
196 197
196 236
196 237
196 276
196 277
196 316
196 317
196 356
196 357
196 396
196 397
196 436
196 437
196 476
196 477
236 37
236 77
236 117
236 157
236 197
236 237
236 276
236 277
236 316
236 317
236 356
236 357
236 396
236 397
236 436
236 437
236 476
236 477
276 37
276 77
276 117
276 157
276 197
276 237
276 277
276 316
276 317
276 356
276 357
276 396
276 397
276 436
276 437
276 476
276 477
316 37
316 77
316 117
316 157
316 197
316 237
316 277
316 317
316 356
316 357
316 396
316 397
316 436
316 437
316 476
316 477
356 37
356 77
356 117
356 157
356 197
356 237
356 277
356 317
356 357
356 396
356 397
356 436
356 437
356 476
356 477
396 37
396 77
396 117
396 157
396 197
396 237
396 277
396 317
396 357
396 397
396 436
396 437
396 476
396 477
436 37
436 77
436 117
436 157
436 197
436 237
436 277
436 317
436 357
436 397
436 437
436 476
436 477
476 37
476 77
476 117
476 157
476 197
476 237
476 277
476 317
476 357
476 397
476 437
476 477
37 38
37 77
37 78
37 117
37 118
37 157
37 158
37 197
37 198
37 237
37 238
37 277
37 278
37 317
37 318
37 357
37 358
37 397
37 398
37 437
37 438
37 477
37 478
77 38
77 78
77 117
77 118
77 157
77 158
77 197
77 198
77 237
77 238
77 277
77 278
77 317
77 318
77 357
77 358
77 397
77 398
77 437
77 438
77 477
77 478
117 38
117 78
117 118
117 157
117 158
117 197
117 198
117 237
117 238
117 277
117 278
117 317
117 318
117 357
117 358
117 397
117 398
117 437
117 438
117 477
117 478
157 38
157 78
157 118
157 158
157 197
157 198
157 237
157 238
157 277
157 278
157 317
157 318
157 357
157 358
157 397
157 398
157 437
157 438
157 477
157 478
197 38
197 78
197 118
197 158
197 198
197 237
197 238
197 277
197 278
197 317
197 318
197 357
197 358
197 397
197 398
197 437
197 438
197 477
197 478
237 38
237 78
237 118
237 158
237 198
237 238
237 277
237 278
237 317
237 318
237 357
237 358
237 397
237 398
237 437
237 438
237 477
237 478
277 38
277 78
277 118
277 158
277 198
277 238
277 278
277 317
277 318
277 357
277 358
277 397
277 398
277 437
277 438
277 477
277 478
317 38
317 78
317 118
317 158
317 198
317 238
317 278
317 318
317 357
317 358
317 397
317 398
317 437
317 438
317 477
317 478
357 38
357 78
357 118
357 158
357 198
357 238
357 278
357 318
357 358
357 397
357 398
357 437
357 438
357 477
357 478
397 38
397 78
397 118
397 158
397 198
397 238
397 278
397 318
397 358
397 398
397 437
397 438
397 477
397 478
437 38
437 78
437 118
437 158
437 198
437 238
437 278
437 318
437 358
437 398
437 438
437 477
437 478
477 38
477 78
477 118
477 158
477 198
477 238
477 278
477 318
477 358
477 398
477 438
477 478
38 78
38 118
38 158
38 198
38 238
38 278
38 318
38 358
38 398
38 438
38 478
78 118
78 158
78 198
78 238
78 278
78 318
78 358
78 398
78 438
78 478
118 158
118 198
118 238
118 278
118 318
118 358
118 398
118 438
118 478
158 198
158 238
158 278
158 318
158 358
158 398
158 438
158 478
198 238
198 278
198 318
198 358
198 398
198 438
198 478
238 278
238 318
238 358
238 398
238 438
238 478
278 318
278 358
278 398
278 438
278 478
318 358
318 398
318 438
318 478
358 398
358 438
358 478
398 438
398 478
438 478
