500 4459
0 1
0 79
0 80
0 81
0 159
0 160
0 161
0 239
0 240
0 241
0 319
0 320
0 321
0 399
0 400
0 401
0 479
0 480
0 481
1 2
1 80
1 81
1 82
1 160
1 161
1 162
1 240
1 241
1 242
1 320
1 321
1 322
1 400
1 401
1 402
1 480
1 481
1 482
79 78
79 80
79 158
79 159
79 160
79 238
79 239
79 240
79 318
79 319
79 320
79 398
79 399
79 400
79 478
79 479
79 480
80 81
80 159
80 160
80 161
80 239
80 240
80 241
80 319
80 320
80 321
80 399
80 400
80 401
80 479
80 480
80 481
81 2
81 82
81 160
81 161
81 162
81 240
81 241
81 242
81 320
81 321
81 322
81 400
81 401
81 402
81 480
81 481
81 482
159 78
159 158
159 160
159 238
159 239
159 240
159 318
159 319
159 320
159 398
159 399
159 400
159 478
159 479
159 480
160 161
160 239
160 240
160 241
160 319
160 320
160 321
160 399
160 400
160 401
160 479
160 480
160 481
161 2
161 82
161 162
161 240
161 241
161 242
161 320
161 321
161 322
161 400
161 401
161 402
161 480
161 481
161 482
239 78
239 158
239 238
239 240
239 318
239 319
239 320
239 398
239 399
239 400
239 478
239 479
239 480
240 241
240 319
240 320
240 321
240 399
240 400
240 401
240 479
240 480
240 481
241 2
241 82
241 162
241 242
241 320
241 321
241 322
241 400
241 401
241 402
241 480
241 481
241 482
319 78
319 158
319 238
319 318
319 320
319 398
319 399
319 400
319 478
319 479
319 480
320 321
320 399
320 400
320 401
320 479
320 480
320 481
321 2
321 82
321 162
321 242
321 322
321 400
321 401
321 402
321 480
321 481
321 482
399 78
399 158
399 238
399 318
399 398
399 400
399 478
399 479
399 480
400 401
400 479
400 480
400 481
401 2
401 82
401 162
401 242
401 322
401 402
401 480
401 481
401 482
479 78
479 158
479 238
479 318
479 398
479 478
479 480
480 481
481 2
481 82
481 162
481 242
481 322
481 402
481 482
2 3
2 82
2 83
2 162
2 163
2 242
2 243
2 322
2 323
2 402
2 403
2 482
2 483
82 3
82 83
82 162
82 163
82 242
82 243
82 322
82 323
82 402
82 403
82 482
82 483
162 3
162 83
162 163
162 242
162 243
162 322
162 323
162 402
162 403
162 482
162 483
242 3
242 83
242 163
242 243
242 322
242 323
242 402
242 403
242 482
242 483
322 3
322 83
322 163
322 243
322 323
322 402
322 403
322 482
322 483
402 3
402 83
402 163
402 243
402 323
402 403
402 482
402 483
482 3
482 83
482 163
482 243
482 323
482 403
482 483
3 4
3 83
3 84
3 163
3 164
3 243
3 244
3 323
3 324
3 403
3 404
3 483
3 484
83 4
83 84
83 163
83 164
83 243
83 244
83 323
83 324
83 403
83 404
83 483
83 484
163 4
163 84
163 164
163 243
163 244
163 323
163 324
163 403
163 404
163 483
163 484
243 4
243 84
243 164
243 244
243 323
243 324
243 403
243 404
243 483
243 484
323 4
323 84
323 164
323 244
323 324
323 403
323 404
323 483
323 484
403 4
403 84
403 164
403 244
403 324
403 404
403 483
403 484
483 4
483 84
483 164
483 244
483 324
483 404
483 484
4 5
4 84
4 85
4 164
4 165
4 244
4 245
4 324
4 325
4 404
4 405
4 484
4 485
84 5
84 85
84 164
84 165
84 244
84 245
84 324
84 325
84 404
84 405
84 484
84 485
164 5
164 85
164 165
164 244
164 245
164 324
164 325
164 404
164 405
164 484
164 485
244 5
244 85
244 165
244 245
244 324
244 325
244 404
244 405
244 484
244 485
324 5
324 85
324 165
324 245
324 325
324 404
324 405
324 484
324 485
404 5
404 85
404 165
404 245
404 325
404 405
404 484
404 485
484 5
484 85
484 165
484 245
484 325
484 405
484 485
5 6
5 85
5 86
5 165
5 166
5 245
5 246
5 325
5 326
5 405
5 406
5 485
5 486
85 6
85 86
85 165
85 166
85 245
85 246
85 325
85 326
85 405
85 406
85 485
85 486
165 6
165 86
165 166
165 245
165 246
165 325
165 326
165 405
165 406
165 485
165 486
245 6
245 86
245 166
245 246
245 325
245 326
245 405
245 406
245 485
245 486
325 6
325 86
325 166
325 246
325 326
325 405
325 406
325 485
325 486
405 6
405 86
405 166
405 246
405 326
405 406
405 485
405 486
485 6
485 86
485 166
485 246
485 326
485 406
485 486
6 7
6 86
6 87
6 166
6 167
6 246
6 247
6 326
6 327
6 406
6 407
6 486
6 487
86 7
86 87
86 166
86 167
86 246
86 247
86 326
86 327
86 406
86 407
86 486
86 487
166 7
166 87
166 167
166 246
166 247
166 326
166 327
166 406
166 407
166 486
166 487
246 7
246 87
246 167
246 247
246 326
246 327
246 406
246 407
246 486
246 487
326 7
326 87
326 167
326 247
326 327
326 406
326 407
326 486
326 487
406 7
406 87
406 167
406 247
406 327
406 407
406 486
406 487
486 7
486 87
486 167
486 247
486 327
486 407
486 487
7 8
7 87
7 88
7 167
7 168
7 247
7 248
7 327
7 328
7 407
7 408
7 487
7 488
87 8
87 88
87 167
87 168
87 247
87 248
87 327
87 328
87 407
87 408
87 487
87 488
167 8
167 88
167 168
167 247
167 248
167 327
167 328
167 407
167 408
167 487
167 488
247 8
247 88
247 168
247 248
247 327
247 328
247 407
247 408
247 487
247 488
327 8
327 88
327 168
327 248
327 328
327 407
327 408
327 487
327 488
407 8
407 88
407 168
407 248
407 328
407 408
407 487
407 488
487 8
487 88
487 168
487 248
487 328
487 408
487 488
8 9
8 88
8 89
8 168
8 169
8 248
8 249
8 328
8 329
8 408
8 409
8 488
8 489
88 9
88 89
88 168
88 169
88 248
88 249
88 328
88 329
88 408
88 409
88 488
88 489
168 9
168 89
168 169
168 248
168 249
168 328
168 329
168 408
168 409
168 488
168 489
248 9
248 89
248 169
248 249
248 328
248 329
248 408
248 409
248 488
248 489
328 9
328 89
328 169
328 249
328 329
328 408
328 409
328 488
328 489
408 9
408 89
408 169
408 249
408 329
408 409
408 488
408 489
488 9
488 89
488 169
488 249
488 329
488 409
488 489
9 10
9 89
9 90
9 169
9 170
9 249
9 250
9 329
9 330
9 409
9 410
9 489
9 490
89 10
89 90
89 169
89 170
89 249
89 250
89 329
89 330
89 409
89 410
89 489
89 490
169 10
169 90
169 170
169 249
169 250
169 329
169 330
169 409
169 410
169 489
169 490
249 10
249 90
249 170
249 250
249 329
249 330
249 409
249 410
249 489
249 490
329 10
329 90
329 170
329 250
329 330
329 409
329 410
329 489
329 490
409 10
409 90
409 170
409 250
409 330
409 410
409 489
409 490
489 10
489 90
489 170
489 250
489 330
489 410
489 490
10 11
10 90
10 91
10 170
10 171
10 250
10 251
10 330
10 331
10 410
10 411
10 490
10 491
90 11
90 91
90 170
90 171
90 250
90 251
90 330
90 331
90 410
90 411
90 490
90 491
170 11
170 91
170 171
170 250
170 251
170 330
170 331
170 410
170 411
170 490
170 491
250 11
250 91
250 171
250 251
250 330
250 331
250 410
250 411
250 490
250 491
330 11
330 91
330 171
330 251
330 331
330 410
330 411
330 490
330 491
410 11
410 91
410 171
410 251
410 331
410 411
410 490
410 491
490 11
490 91
490 171
490 251
490 331
490 411
490 491
11 12
11 91
11 92
11 171
11 172
11 251
11 252
11 331
11 332
11 411
11 412
11 491
11 492
91 12
91 92
91 171
91 172
91 251
91 252
91 331
91 332
91 411
91 412
91 491
91 492
171 12
171 92
171 172
171 251
171 252
171 331
171 332
171 411
171 412
171 491
171 492
251 12
251 92
251 172
251 252
251 331
251 332
251 411
251 412
251 491
251 492
331 12
331 92
331 172
331 252
331 332
331 411
331 412
331 491
331 492
411 12
411 92
411 172
411 252
411 332
411 412
411 491
411 492
491 12
491 92
491 172
491 252
491 332
491 412
491 492
12 13
12 92
12 93
12 172
12 173
12 252
12 253
12 332
12 333
12 412
12 413
12 492
12 493
92 13
92 93
92 172
92 173
92 252
92 253
92 332
92 333
92 412
92 413
92 492
92 493
172 13
172 93
172 173
172 252
172 253
172 332
172 333
172 412
172 413
172 492
172 493
252 13
252 93
252 173
252 253
252 332
252 333
252 412
252 413
252 492
252 493
332 13
332 93
332 173
332 253
332 333
332 412
332 413
332 492
332 493
412 13
412 93
412 173
412 253
412 333
412 413
412 492
412 493
492 13
492 93
492 173
492 253
492 333
492 413
492 493
13 14
13 93
13 94
13 173
13 174
13 253
13 254
13 333
13 334
13 413
13 414
13 493
13 494
93 14
93 94
93 173
93 174
93 253
93 254
93 333
93 334
93 413
93 414
93 493
93 494
173 14
173 94
173 174
173 253
173 254
173 333
173 334
173 413
173 414
173 493
173 494
253 14
253 94
253 174
253 254
253 333
253 334
253 413
253 414
253 493
253 494
333 14
333 94
333 174
333 254
333 334
333 413
333 414
333 493
333 494
413 14
413 94
413 174
413 254
413 334
413 414
413 493
413 494
493 14
493 94
493 174
493 254
493 334
493 414
493 494
14 15
14 94
14 95
14 174
14 175
14 254
14 255
14 334
14 335
14 414
14 415
14 494
14 495
94 15
94 95
94 174
94 175
94 254
94 255
94 334
94 335
94 414
94 415
94 494
94 495
174 15
174 95
174 175
174 254
174 255
174 334
174 335
174 414
174 415
174 494
174 495
254 15
254 95
254 175
254 255
254 334
254 335
254 414
254 415
254 494
254 495
334 15
334 95
334 175
334 255
334 335
334 414
334 415
334 494
334 495
414 15
414 95
414 175
414 255
414 335
414 415
414 494
414 495
494 15
494 95
494 175
494 255
494 335
494 415
494 495
15 16
15 95
15 96
15 175
15 176
15 255
15 256
15 335
15 336
15 415
15 416
15 495
15 496
95 16
95 96
95 175
95 176
95 255
95 256
95 335
95 336
95 415
95 416
95 495
95 496
175 16
175 96
175 176
175 255
175 256
175 335
175 336
175 415
175 416
175 495
175 496
255 16
255 96
255 176
255 256
255 335
255 336
255 415
255 416
255 495
255 496
335 16
335 96
335 176
335 256
335 336
335 415
335 416
335 495
335 496
415 16
415 96
415 176
415 256
415 336
415 416
415 495
415 496
495 16
495 96
495 176
495 256
495 336
495 416
495 496
16 17
16 96
16 97
16 176
16 177
16 256
16 257
16 336
16 337
16 416
16 417
16 496
16 497
96 17
96 97
96 176
96 177
96 256
96 257
96 336
96 337
96 416
96 417
96 496
96 497
176 17
176 97
176 177
176 256
176 257
176 336
176 337
176 416
176 417
176 496
176 497
256 17
256 97
256 177
256 257
256 336
256 337
256 416
256 417
256 496
256 497
336 17
336 97
336 177
336 257
336 337
336 416
336 417
336 496
336 497
416 17
416 97
416 177
416 257
416 337
416 417
416 496
416 497
496 17
496 97
496 177
496 257
496 337
496 417
496 497
17 18
17 97
17 98
17 177
17 178
17 257
17 258
17 337
17 338
17 417
17 418
17 497
17 498
97 18
97 98
97 177
97 178
97 257
97 258
97 337
97 338
97 417
97 418
97 497
97 498
177 18
177 98
177 178
177 257
177 258
177 337
177 338
177 417
177 418
177 497
177 498
257 18
257 98
257 178
257 258
257 337
257 338
257 417
257 418
257 497
257 498
337 18
337 98
337 178
337 258
337 338
337 417
337 418
337 497
337 498
417 18
417 98
417 178
417 258
417 338
417 418
417 497
417 498
497 18
497 98
497 178
497 258
497 338
497 418
497 498
18 19
18 98
18 99
18 178
18 179
18 258
18 259
18 338
18 339
18 418
18 419
18 498
18 499
98 19
98 99
98 178
98 179
98 258
98 259
98 338
98 339
98 418
98 419
98 498
98 499
178 19
178 99
178 179
178 258
178 259
178 338
178 339
178 418
178 419
178 498
178 499
258 19
258 99
258 179
258 259
258 338
258 339
258 418
258 419
258 498
258 499
338 19
338 99
338 179
338 259
338 339
338 418
338 419
338 498
338 499
418 19
418 99
418 179
418 259
418 339
418 419
418 498
418 499
498 19
498 99
498 179
498 259
498 339
498 419
498 499
19 20
19 99
19 100
19 179
19 180
19 259
19 260
19 339
19 340
19 419
19 420
19 499
99 20
99 100
99 179
99 180
99 259
99 260
99 339
99 340
99 419
99 420
99 499
179 20
179 100
179 180
179 259
179 260
179 339
179 340
179 419
179 420
179 499
259 20
259 100
259 180
259 260
259 339
259 340
259 419
259 420
259 499
339 20
339 100
339 180
339 260
339 340
339 419
339 420
339 499
419 20
419 100
419 180
419 260
419 340
419 420
419 499
499 20
499 100
499 180
499 260
499 340
499 420
20 21
20 100
20 101
20 180
20 181
20 260
20 261
20 340
20 341
20 420
20 421
100 21
100 101
100 180
100 181
100 260
100 261
100 340
100 341
100 420
100 421
180 21
180 101
180 181
180 260
180 261
180 340
180 341
180 420
180 421
260 21
260 101
260 181
260 261
260 340
260 341
260 420
260 421
340 21
340 101
340 181
340 261
340 341
340 420
340 421
420 21
420 101
420 181
420 261
420 341
420 421
21 22
21 101
21 102
21 181
21 182
21 261
21 262
21 341
21 342
21 421
21 422
101 22
101 102
101 181
101 182
101 261
101 262
101 341
101 342
101 421
101 422
181 22
181 102
181 182
181 261
181 262
181 341
181 342
181 421
181 422
261 22
261 102
261 182
261 262
261 341
261 342
261 421
261 422
341 22
341 102
341 182
341 262
341 342
341 421
341 422
421 22
421 102
421 182
421 262
421 342
421 422
22 23
22 102
22 103
22 182
22 183
22 262
22 263
22 342
22 343
22 422
22 423
102 23
102 103
102 182
102 183
102 262
102 263
102 342
102 343
102 422
102 423
182 23
182 103
182 183
182 262
182 263
182 342
182 343
182 422
182 423
262 23
262 103
262 183
262 263
262 342
262 343
262 422
262 423
342 23
342 103
342 183
342 263
342 343
342 422
342 423
422 23
422 103
422 183
422 263
422 343
422 423
23 24
23 103
23 104
23 183
23 184
23 263
23 264
23 343
23 344
23 423
23 424
103 24
103 104
103 183
103 184
103 263
103 264
103 343
103 344
103 423
103 424
183 24
183 104
183 184
183 263
183 264
183 343
183 344
183 423
183 424
263 24
263 104
263 184
263 264
263 343
263 344
263 423
263 424
343 24
343 104
343 184
343 264
343 344
343 423
343 424
423 24
423 104
423 184
423 264
423 344
423 424
24 25
24 104
24 105
24 184
24 185
24 264
24 265
24 344
24 345
24 424
24 425
104 25
104 105
104 184
104 185
104 264
104 265
104 344
104 345
104 424
104 425
184 25
184 105
184 185
184 264
184 265
184 344
184 345
184 424
184 425
264 25
264 105
264 185
264 265
264 344
264 345
264 424
264 425
344 25
344 105
344 185
344 265
344 345
344 424
344 425
424 25
424 105
424 185
424 265
424 345
424 425
25 26
25 105
25 106
25 185
25 186
25 265
25 266
25 345
25 346
25 425
25 426
105 26
105 106
105 185
105 186
105 265
105 266
105 345
105 346
105 425
105 426
185 26
185 106
185 186
185 265
185 266
185 345
185 346
185 425
185 426
265 26
265 106
265 186
265 266
265 345
265 346
265 425
265 426
345 26
345 106
345 186
345 266
345 346
345 425
345 426
425 26
425 106
425 186
425 266
425 346
425 426
26 27
26 106
26 107
26 186
26 187
26 266
26 267
26 346
26 347
26 426
26 427
106 27
106 107
106 186
106 187
106 266
106 267
106 346
106 347
106 426
106 427
186 27
186 107
186 187
186 266
186 267
186 346
186 347
186 426
186 427
266 27
266 107
266 187
266 267
266 346
266 347
266 426
266 427
346 27
346 107
346 187
346 267
346 347
346 426
346 427
426 27
426 107
426 187
426 267
426 347
426 427
27 28
27 107
27 108
27 187
27 188
27 267
27 268
27 347
27 348
27 427
27 428
107 28
107 108
107 187
107 188
107 267
107 268
107 347
107 348
107 427
107 428
187 28
187 108
187 188
187 267
187 268
187 347
187 348
187 427
187 428
267 28
267 108
267 188
267 268
267 347
267 348
267 427
267 428
347 28
347 108
347 188
347 268
347 348
347 427
347 428
427 28
427 108
427 188
427 268
427 348
427 428
28 29
28 108
28 109
28 188
28 189
28 268
28 269
28 348
28 349
28 428
28 429
108 29
108 109
108 188
108 189
108 268
108 269
108 348
108 349
108 428
108 429
188 29
188 109
188 189
188 268
188 269
188 348
188 349
188 428
188 429
268 29
268 109
268 189
268 269
268 348
268 349
268 428
268 429
348 29
348 109
348 189
348 269
348 349
348 428
348 429
428 29
428 109
428 189
428 269
428 349
428 429
29 30
29 109
29 110
29 189
29 190
29 269
29 270
29 349
29 350
29 429
29 430
109 30
109 110
109 189
109 190
109 269
109 270
109 349
109 350
109 429
109 430
189 30
189 110
189 190
189 269
189 270
189 349
189 350
189 429
189 430
269 30
269 110
269 190
269 270
269 349
269 350
269 429
269 430
349 30
349 110
349 190
349 270
349 350
349 429
349 430
429 30
429 110
429 190
429 270
429 350
429 430
30 31
30 110
30 111
30 190
30 191
30 270
30 271
30 350
30 351
30 430
30 431
110 31
110 111
110 190
110 191
110 270
110 271
110 350
110 351
110 430
110 431
190 31
190 111
190 191
190 270
190 271
190 350
190 351
190 430
190 431
270 31
270 111
270 191
270 271
270 350
270 351
270 430
270 431
350 31
350 111
350 191
350 271
350 351
350 430
350 431
430 31
430 111
430 191
430 271
430 351
430 431
31 32
31 111
31 112
31 191
31 192
31 271
31 272
31 351
31 352
31 431
31 432
111 32
111 112
111 191
111 192
111 271
111 272
111 351
111 352
111 431
111 432
191 32
191 112
191 192
191 271
191 272
191 351
191 352
191 431
191 432
271 32
271 112
271 192
271 272
271 351
271 352
271 431
271 432
351 32
351 112
351 192
351 272
351 352
351 431
351 432
431 32
431 112
431 192
431 272
431 352
431 432
32 33
32 112
32 113
32 192
32 193
32 272
32 273
32 352
32 353
32 432
32 433
112 33
112 113
112 192
112 193
112 272
112 273
112 352
112 353
112 432
112 433
192 33
192 113
192 193
192 272
192 273
192 352
192 353
192 432
192 433
272 33
272 113
272 193
272 273
272 352
272 353
272 432
272 433
352 33
352 113
352 193
352 273
352 353
352 432
352 433
432 33
432 113
432 193
432 273
432 353
432 433
33 34
33 113
33 114
33 193
33 194
33 273
33 274
33 353
33 354
33 433
33 434
113 34
113 114
113 193
113 194
113 273
113 274
113 353
113 354
113 433
113 434
193 34
193 114
193 194
193 273
193 274
193 353
193 354
193 433
193 434
273 34
273 114
273 194
273 274
273 353
273 354
273 433
273 434
353 34
353 114
353 194
353 274
353 354
353 433
353 434
433 34
433 114
433 194
433 274
433 354
433 434
34 35
34 114
34 115
34 194
34 195
34 274
34 275
34 354
34 355
34 434
34 435
114 35
114 115
114 194
114 195
114 274
114 275
114 354
114 355
114 434
114 435
194 35
194 115
194 195
194 274
194 275
194 354
194 355
194 434
194 435
274 35
274 115
274 195
274 275
274 354
274 355
274 434
274 435
354 35
354 115
354 195
354 275
354 355
354 434
354 435
434 35
434 115
434 195
434 275
434 355
434 435
35 36
35 115
35 116
35 195
35 196
35 275
35 276
35 355
35 356
35 435
35 436
115 36
115 116
115 195
115 196
115 275
115 276
115 355
115 356
115 435
115 436
195 36
195 116
195 196
195 275
195 276
195 355
195 356
195 435
195 436
275 36
275 116
275 196
275 276
275 355
275 356
275 435
275 436
355 36
355 116
355 196
355 276
355 356
355 435
355 436
435 36
435 116
435 196
435 276
435 356
435 436
36 37
36 116
36 117
36 196
36 197
36 276
36 277
36 356
36 357
36 436
36 437
116 37
116 117
116 196
116 197
116 276
116 277
116 356
116 357
116 436
116 437
196 37
196 117
196 197
196 276
196 277
196 356
196 357
196 436
196 437
276 37
276 117
276 197
276 277
276 356
276 357
276 436
276 437
356 37
356 117
356 197
356 277
356 357
356 436
356 437
436 37
436 117
436 197
436 277
436 357
436 437
37 38
37 117
37 118
37 197
37 198
37 277
37 278
37 357
37 358
37 437
37 438
117 38
117 118
117 197
117 198
117 277
117 278
117 357
117 358
117 437
117 438
197 38
197 118
197 198
197 277
197 278
197 357
197 358
197 437
197 438
277 38
277 118
277 198
277 278
277 357
277 358
277 437
277 438
357 38
357 118
357 198
357 278
357 358
357 437
357 438
437 38
437 118
437 198
437 278
437 358
437 438
38 39
38 118
38 119
38 198
38 199
38 278
38 279
38 358
38 359
38 438
38 439
118 39
118 119
118 198
118 199
118 278
118 279
118 358
118 359
118 438
118 439
198 39
198 119
198 199
198 278
198 279
198 358
198 359
198 438
198 439
278 39
278 119
278 199
278 279
278 358
278 359
278 438
278 439
358 39
358 119
358 199
358 279
358 359
358 438
358 439
438 39
438 119
438 199
438 279
438 359
438 439
39 40
39 119
39 120
39 199
39 200
39 279
39 280
39 359
39 360
39 439
39 440
119 40
119 120
119 199
119 200
119 279
119 280
119 359
119 360
119 439
119 440
199 40
199 120
199 200
199 279
199 280
199 359
199 360
199 439
199 440
279 40
279 120
279 200
279 280
279 359
279 360
279 439
279 440
359 40
359 120
359 200
359 280
359 360
359 439
359 440
439 40
439 120
439 200
439 280
439 360
439 440
40 41
40 120
40 121
40 200
40 201
40 280
40 281
40 360
40 361
40 440
40 441
120 41
120 121
120 200
120 201
120 280
120 281
120 360
120 361
120 440
120 441
200 41
200 121
200 201
200 280
200 281
200 360
200 361
200 440
200 441
280 41
280 121
280 201
280 281
280 360
280 361
280 440
280 441
360 41
360 121
360 201
360 281
360 361
360 440
360 441
440 41
440 121
440 201
440 281
440 361
440 441
41 42
41 121
41 122
41 201
41 202
41 281
41 282
41 361
41 362
41 441
41 442
121 42
121 122
121 201
121 202
121 281
121 282
121 361
121 362
121 441
121 442
201 42
201 122
201 202
201 281
201 282
201 361
201 362
201 441
201 442
281 42
281 122
281 202
281 282
281 361
281 362
281 441
281 442
361 42
361 122
361 202
361 282
361 362
361 441
361 442
441 42
441 122
441 202
441 282
441 362
441 442
42 43
42 122
42 123
42 202
42 203
42 282
42 283
42 362
42 363
42 442
42 443
122 43
122 123
122 202
122 203
122 282
122 283
122 362
122 363
122 442
122 443
202 43
202 123
202 203
202 282
202 283
202 362
202 363
202 442
202 443
282 43
282 123
282 203
282 283
282 362
282 363
282 442
282 443
362 43
362 123
362 203
362 283
362 363
362 442
362 443
442 43
442 123
442 203
442 283
442 363
442 443
43 44
43 123
43 124
43 203
43 204
43 283
43 284
43 363
43 364
43 443
43 444
123 44
123 124
123 203
123 204
123 283
123 284
123 363
123 364
123 443
123 444
203 44
203 124
203 204
203 283
203 284
203 363
203 364
203 443
203 444
283 44
283 124
283 204
283 284
283 363
283 364
283 443
283 444
363 44
363 124
363 204
363 284
363 364
363 443
363 444
443 44
443 124
443 204
443 284
443 364
443 444
44 45
44 124
44 125
44 204
44 205
44 284
44 285
44 364
44 365
44 444
44 445
124 45
124 125
124 204
124 205
124 284
124 285
124 364
124 365
124 444
124 445
204 45
204 125
204 205
204 284
204 285
204 364
204 365
204 444
204 445
284 45
284 125
284 205
284 285
284 364
284 365
284 444
284 445
364 45
364 125
364 205
364 285
364 365
364 444
364 445
444 45
444 125
444 205
444 285
444 365
444 445
45 46
45 125
45 126
45 205
45 206
45 285
45 286
45 365
45 366
45 445
45 446
125 46
125 126
125 205
125 206
125 285
125 286
125 365
125 366
125 445
125 446
205 46
205 126
205 206
205 285
205 286
205 365
205 366
205 445
205 446
285 46
285 126
285 206
285 286
285 365
285 366
285 445
285 446
365 46
365 126
365 206
365 286
365 366
365 445
365 446
445 46
445 126
445 206
445 286
445 366
445 446
46 47
46 126
46 127
46 206
46 207
46 286
46 287
46 366
46 367
46 446
46 447
126 47
126 127
126 206
126 207
126 286
126 287
126 366
126 367
126 446
126 447
206 47
206 127
206 207
206 286
206 287
206 366
206 367
206 446
206 447
286 47
286 127
286 207
286 287
286 366
286 367
286 446
286 447
366 47
366 127
366 207
366 287
366 367
366 446
366 447
446 47
446 127
446 207
446 287
446 367
446 447
47 48
47 127
47 128
47 207
47 208
47 287
47 288
47 367
47 368
47 447
47 448
127 48
127 128
127 207
127 208
127 287
127 288
127 367
127 368
127 447
127 448
207 48
207 128
207 208
207 287
207 288
207 367
207 368
207 447
207 448
287 48
287 128
287 208
287 288
287 367
287 368
287 447
287 448
367 48
367 128
367 208
367 288
367 368
367 447
367 448
447 48
447 128
447 208
447 288
447 368
447 448
48 49
48 128
48 129
48 208
48 209
48 288
48 289
48 368
48 369
48 448
48 449
128 49
128 129
128 208
128 209
128 288
128 289
128 368
128 369
128 448
128 449
208 49
208 129
208 209
208 288
208 289
208 368
208 369
208 448
208 449
288 49
288 129
288 209
288 289
288 368
288 369
288 448
288 449
368 49
368 129
368 209
368 289
368 369
368 448
368 449
448 49
448 129
448 209
448 289
448 369
448 449
49 50
49 129
49 130
49 209
49 210
49 289
49 290
49 369
49 370
49 449
49 450
129 50
129 130
129 209
129 210
129 289
129 290
129 369
129 370
129 449
129 450
209 50
209 130
209 210
209 289
209 290
209 369
209 370
209 449
209 450
289 50
289 130
289 210
289 290
289 369
289 370
289 449
289 450
369 50
369 130
369 210
369 290
369 370
369 449
369 450
449 50
449 130
449 210
449 290
449 370
449 450
50 51
50 130
50 131
50 210
50 211
50 290
50 291
50 370
50 371
50 450
50 451
130 51
130 131
130 210
130 211
130 290
130 291
130 370
130 371
130 450
130 451
210 51
210 131
210 211
210 290
210 291
210 370
210 371
210 450
210 451
290 51
290 131
290 211
290 291
290 370
290 371
290 450
290 451
370 51
370 131
370 211
370 291
370 371
370 450
370 451
450 51
450 131
450 211
450 291
450 371
450 451
51 52
51 131
51 132
51 211
51 212
51 291
51 292
51 371
51 372
51 451
51 452
131 52
131 132
131 211
131 212
131 291
131 292
131 371
131 372
131 451
131 452
211 52
211 132
211 212
211 291
211 292
211 371
211 372
211 451
211 452
291 52
291 132
291 212
291 292
291 371
291 372
291 451
291 452
371 52
371 132
371 212
371 292
371 372
371 451
371 452
451 52
451 132
451 212
451 292
451 372
451 452
52 53
52 132
52 133
52 212
52 213
52 292
52 293
52 372
52 373
52 452
52 453
132 53
132 133
132 212
132 213
132 292
132 293
132 372
132 373
132 452
132 453
212 53
212 133
212 213
212 292
212 293
212 372
212 373
212 452
212 453
292 53
292 133
292 213
292 293
292 372
292 373
292 452
292 453
372 53
372 133
372 213
372 293
372 373
372 452
372 453
452 53
452 133
452 213
452 293
452 373
452 453
53 54
53 133
53 134
53 213
53 214
53 293
53 294
53 373
53 374
53 453
53 454
133 54
133 134
133 213
133 214
133 293
133 294
133 373
133 374
133 453
133 454
213 54
213 134
213 214
213 293
213 294
213 373
213 374
213 453
213 454
293 54
293 134
293 214
293 294
293 373
293 374
293 453
293 454
373 54
373 134
373 214
373 294
373 374
373 453
373 454
453 54
453 134
453 214
453 294
453 374
453 454
54 55
54 134
54 135
54 214
54 215
54 294
54 295
54 374
54 375
54 454
54 455
134 55
134 135
134 214
134 215
134 294
134 295
134 374
134 375
134 454
134 455
214 55
214 135
214 215
214 294
214 295
214 374
214 375
214 454
214 455
294 55
294 135
294 215
294 295
294 374
294 375
294 454
294 455
374 55
374 135
374 215
374 295
374 375
374 454
374 455
454 55
454 135
454 215
454 295
454 375
454 455
55 56
55 135
55 136
55 215
55 216
55 295
55 296
55 375
55 376
55 455
55 456
135 56
135 136
135 215
135 216
135 295
135 296
135 375
135 376
135 455
135 456
215 56
215 136
215 216
215 295
215 296
215 375
215 376
215 455
215 456
295 56
295 136
295 216
295 296
295 375
295 376
295 455
295 456
375 56
375 136
375 216
375 296
375 376
375 455
375 456
455 56
455 136
455 216
455 296
455 376
455 456
56 57
56 136
56 137
56 216
56 217
56 296
56 297
56 376
56 377
56 456
56 457
136 57
136 137
136 216
136 217
136 296
136 297
136 376
136 377
136 456
136 457
216 57
216 137
216 217
216 296
216 297
216 376
216 377
216 456
216 457
296 57
296 137
296 217
296 297
296 376
296 377
296 456
296 457
376 57
376 137
376 217
376 297
376 377
376 456
376 457
456 57
456 137
456 217
456 297
456 377
456 457
57 58
57 137
57 138
57 217
57 218
57 297
57 298
57 377
57 378
57 457
57 458
137 58
137 138
137 217
137 218
137 297
137 298
137 377
137 378
137 457
137 458
217 58
217 138
217 218
217 297
217 298
217 377
217 378
217 457
217 458
297 58
297 138
297 218
297 298
297 377
297 378
297 457
297 458
377 58
377 138
377 218
377 298
377 378
377 457
377 458
457 58
457 138
457 218
457 298
457 378
457 458
58 59
58 138
58 139
58 218
58 219
58 298
58 299
58 378
58 379
58 458
58 459
138 59
138 139
138 218
138 219
138 298
138 299
138 378
138 379
138 458
138 459
218 59
218 139
218 219
218 298
218 299
218 378
218 379
218 458
218 459
298 59
298 139
298 219
298 299
298 378
298 379
298 458
298 459
378 59
378 139
378 219
378 299
378 379
378 458
378 459
458 59
458 139
458 219
458 299
458 379
458 459
59 60
59 139
59 140
59 219
59 220
59 299
59 300
59 379
59 380
59 459
59 460
139 60
139 140
139 219
139 220
139 299
139 300
139 379
139 380
139 459
139 460
219 60
219 140
219 220
219 299
219 300
219 379
219 380
219 459
219 460
299 60
299 140
299 220
299 300
299 379
299 380
299 459
299 460
379 60
379 140
379 220
379 300
379 380
379 459
379 460
459 60
459 140
459 220
459 300
459 380
459 460
60 61
60 140
60 141
60 220
60 221
60 300
60 301
60 380
60 381
60 460
60 461
140 61
140 141
140 220
140 221
140 300
140 301
140 380
140 381
140 460
140 461
220 61
220 141
220 221
220 300
220 301
220 380
220 381
220 460
220 461
300 61
300 141
300 221
300 301
300 380
300 381
300 460
300 461
380 61
380 141
380 221
380 301
380 381
380 460
380 461
460 61
460 141
460 221
460 301
460 381
460 461
61 62
61 141
61 142
61 221
61 222
61 301
61 302
61 381
61 382
61 461
61 462
141 62
141 142
141 221
141 222
141 301
141 302
141 381
141 382
141 461
141 462
221 62
221 142
221 222
221 301
221 302
221 381
221 382
221 461
221 462
301 62
301 142
301 222
301 302
301 381
301 382
301 461
301 462
381 62
381 142
381 222
381 302
381 382
381 461
381 462
461 62
461 142
461 222
461 302
461 382
461 462
62 63
62 142
62 143
62 222
62 223
62 302
62 303
62 382
62 383
62 462
62 463
142 63
142 143
142 222
142 223
142 302
142 303
142 382
142 383
142 462
142 463
222 63
222 143
222 223
222 302
222 303
222 382
222 383
222 462
222 463
302 63
302 143
302 223
302 303
302 382
302 383
302 462
302 463
382 63
382 143
382 223
382 303
382 383
382 462
382 463
462 63
462 143
462 223
462 303
462 383
462 463
63 64
63 143
63 144
63 223
63 224
63 303
63 304
63 383
63 384
63 463
63 464
143 64
143 144
143 223
143 224
143 303
143 304
143 383
143 384
143 463
143 464
223 64
223 144
223 224
223 303
223 304
223 383
223 384
223 463
223 464
303 64
303 144
303 224
303 304
303 383
303 384
303 463
303 464
383 64
383 144
383 224
383 304
383 384
383 463
383 464
463 64
463 144
463 224
463 304
463 384
463 464
64 65
64 144
64 145
64 224
64 225
64 304
64 305
64 384
64 385
64 464
64 465
144 65
144 145
144 224
144 225
144 304
144 305
144 384
144 385
144 464
144 465
224 65
224 145
224 225
224 304
224 305
224 384
224 385
224 464
224 465
304 65
304 145
304 225
304 305
304 384
304 385
304 464
304 465
384 65
384 145
384 225
384 305
384 385
384 464
384 465
464 65
464 145
464 225
464 305
464 385
464 465
65 66
65 145
65 146
65 225
65 226
65 305
65 306
65 385
65 386
65 465
65 466
145 66
145 146
145 225
145 226
145 305
145 306
145 385
145 386
145 465
145 466
225 66
225 146
225 226
225 305
225 306
225 385
225 386
225 465
225 466
305 66
305 146
305 226
305 306
305 385
305 386
305 465
305 466
385 66
385 146
385 226
385 306
385 386
385 465
385 466
465 66
465 146
465 226
465 306
465 386
465 466
66 67
66 146
66 147
66 226
66 227
66 306
66 307
66 386
66 387
66 466
66 467
146 67
146 147
146 226
146 227
146 306
146 307
146 386
146 387
146 466
146 467
226 67
226 147
226 227
226 306
226 307
226 386
226 387
226 466
226 467
306 67
306 147
306 227
306 307
306 386
306 387
306 466
306 467
386 67
386 147
386 227
386 307
386 387
386 466
386 467
466 67
466 147
466 227
466 307
466 387
466 467
67 68
67 147
67 148
67 227
67 228
67 307
67 308
67 387
67 388
67 467
67 468
147 68
147 148
147 227
147 228
147 307
147 308
147 387
147 388
147 467
147 468
227 68
227 148
227 228
227 307
227 308
227 387
227 388
227 467
227 468
307 68
307 148
307 228
307 308
307 387
307 388
307 467
307 468
387 68
387 148
387 228
387 308
387 388
387 467
387 468
467 68
467 148
467 228
467 308
467 388
467 468
68 69
68 148
68 149
68 228
68 229
68 308
68 309
68 388
68 389
68 468
68 469
148 69
148 149
148 228
148 229
148 308
148 309
148 388
148 389
148 468
148 469
228 69
228 149
228 229
228 308
228 309
228 388
228 389
228 468
228 469
308 69
308 149
308 229
308 309
308 388
308 389
308 468
308 469
388 69
388 149
388 229
388 309
388 389
388 468
388 469
468 69
468 149
468 229
468 309
468 389
468 469
69 70
69 149
69 150
69 229
69 230
69 309
69 310
69 389
69 390
69 469
69 470
149 70
149 150
149 229
149 230
149 309
149 310
149 389
149 390
149 469
149 470
229 70
229 150
229 230
229 309
229 310
229 389
229 390
229 469
229 470
309 70
309 150
309 230
309 310
309 389
309 390
309 469
309 470
389 70
389 150
389 230
389 310
389 390
389 469
389 470
469 70
469 150
469 230
469 310
469 390
469 470
70 71
70 150
70 151
70 230
70 231
70 310
70 311
70 390
70 391
70 470
70 471
150 71
150 151
150 230
150 231
150 310
150 311
150 390
150 391
150 470
150 471
230 71
230 151
230 231
230 310
230 311
230 390
230 391
230 470
230 471
310 71
310 151
310 231
310 311
310 390
310 391
310 470
310 471
390 71
390 151
390 231
390 311
390 391
390 470
390 471
470 71
470 151
470 231
470 311
470 391
470 471
71 72
71 151
71 152
71 231
71 232
71 311
71 312
71 391
71 392
71 471
71 472
151 72
151 152
151 231
151 232
151 311
151 312
151 391
151 392
151 471
151 472
231 72
231 152
231 232
231 311
231 312
231 391
231 392
231 471
231 472
311 72
311 152
311 232
311 312
311 391
311 392
311 471
311 472
391 72
391 152
391 232
391 312
391 392
391 471
391 472
471 72
471 152
471 232
471 312
471 392
471 472
72 73
72 152
72 153
72 232
72 233
72 312
72 313
72 392
72 393
72 472
72 473
152 73
152 153
152 232
152 233
152 312
152 313
152 392
152 393
152 472
152 473
232 73
232 153
232 233
232 312
232 313
232 392
232 393
232 472
232 473
312 73
312 153
312 233
312 313
312 392
312 393
312 472
312 473
392 73
392 153
392 233
392 313
392 393
392 472
392 473
472 73
472 153
472 233
472 313
472 393
472 473
73 74
73 153
73 154
73 233
73 234
73 313
73 314
73 393
73 394
73 473
73 474
153 74
153 154
153 233
153 234
153 313
153 314
153 393
153 394
153 473
153 474
233 74
233 154
233 234
233 313
233 314
233 393
233 394
233 473
233 474
313 74
313 154
313 234
313 314
313 393
313 394
313 473
313 474
393 74
393 154
393 234
393 314
393 394
393 473
393 474
473 74
473 154
473 234
473 314
473 394
473 474
74 75
74 154
74 155
74 234
74 235
74 314
74 315
74 394
74 395
74 474
74 475
154 75
154 155
154 234
154 235
154 314
154 315
154 394
154 395
154 474
154 475
234 75
234 155
234 235
234 314
234 315
234 394
234 395
234 474
234 475
314 75
314 155
314 235
314 315
314 394
314 395
314 474
314 475
394 75
394 155
394 235
394 315
394 395
394 474
394 475
474 75
474 155
474 235
474 315
474 395
474 475
75 76
75 155
75 156
75 235
75 236
75 315
75 316
75 395
75 396
75 475
75 476
155 76
155 156
155 235
155 236
155 315
155 316
155 395
155 396
155 475
155 476
235 76
235 156
235 236
235 315
235 316
235 395
235 396
235 475
235 476
315 76
315 156
315 236
315 316
315 395
315 396
315 475
315 476
395 76
395 156
395 236
395 316
395 396
395 475
395 476
475 76
475 156
475 236
475 316
475 396
475 476
76 77
76 156
76 157
76 236
76 237
76 316
76 317
76 396
76 397
76 476
76 477
156 77
156 157
156 236
156 237
156 316
156 317
156 396
156 397
156 476
156 477
236 77
236 157
236 237
236 316
236 317
236 396
236 397
236 476
236 477
316 77
316 157
316 237
316 317
316 396
316 397
316 476
316 477
396 77
396 157
396 237
396 317
396 397
396 476
396 477
476 77
476 157
476 237
476 317
476 397
476 477
77 78
77 157
77 158
77 237
77 238
77 317
77 318
77 397
77 398
77 477
77 478
157 78
157 158
157 237
157 238
157 317
157 318
157 397
157 398
157 477
157 478
237 78
237 158
237 238
237 317
237 318
237 397
237 398
237 477
237 478
317 78
317 158
317 238
317 318
317 397
317 398
317 477
317 478
397 78
397 158
397 238
397 318
397 398
397 477
397 478
477 78
477 158
477 238
477 318
477 398
477 478
78 158
78 238
78 318
78 398
78 478
158 238
158 318
158 398
158 478
238 318
238 398
238 478
318 398
318 478
398 478
