200 8473
0 1
0 6
0 7
0 8
0 13
0 14
0 15
0 20
0 21
0 22
0 27
0 28
0 29
0 34
0 35
0 36
0 41
0 42
0 43
0 48
0 49
0 50
0 55
0 56
0 57
0 62
0 63
0 64
0 69
0 70
0 71
0 76
0 77
0 78
0 83
0 84
0 85
0 90
0 91
0 92
0 97
0 98
0 99
0 104
0 105
0 106
0 111
0 112
0 113
0 118
0 119
0 120
0 125
0 126
0 127
0 132
0 133
0 134
0 139
0 140
0 141
0 146
0 147
0 148
0 153
0 154
0 155
0 160
0 161
0 162
0 167
0 168
0 169
0 174
0 175
0 176
0 181
0 182
0 183
0 188
0 189
0 190
0 195
0 196
0 197
1 2
1 7
1 8
1 9
1 14
1 15
1 16
1 21
1 22
1 23
1 28
1 29
1 30
1 35
1 36
1 37
1 42
1 43
1 44
1 49
1 50
1 51
1 56
1 57
1 58
1 63
1 64
1 65
1 70
1 71
1 72
1 77
1 78
1 79
1 84
1 85
1 86
1 91
1 92
1 93
1 98
1 99
1 100
1 105
1 106
1 107
1 112
1 113
1 114
1 119
1 120
1 121
1 126
1 127
1 128
1 133
1 134
1 135
1 140
1 141
1 142
1 147
1 148
1 149
1 154
1 155
1 156
1 161
1 162
1 163
1 168
1 169
1 170
1 175
1 176
1 177
1 182
1 183
1 184
1 189
1 190
1 191
1 196
1 197
1 198
6 5
6 7
6 12
6 13
6 14
6 19
6 20
6 21
6 26
6 27
6 28
6 33
6 34
6 35
6 40
6 41
6 42
6 47
6 48
6 49
6 54
6 55
6 56
6 61
6 62
6 63
6 68
6 69
6 70
6 75
6 76
6 77
6 82
6 83
6 84
6 89
6 90
6 91
6 96
6 97
6 98
6 103
6 104
6 105
6 110
6 111
6 112
6 117
6 118
6 119
6 124
6 125
6 126
6 131
6 132
6 133
6 138
6 139
6 140
6 145
6 146
6 147
6 152
6 153
6 154
6 159
6 160
6 161
6 166
6 167
6 168
6 173
6 174
6 175
6 180
6 181
6 182
6 187
6 188
6 189
6 194
6 195
6 196
7 8
7 13
7 14
7 15
7 20
7 21
7 22
7 27
7 28
7 29
7 34
7 35
7 36
7 41
7 42
7 43
7 48
7 49
7 50
7 55
7 56
7 57
7 62
7 63
7 64
7 69
7 70
7 71
7 76
7 77
7 78
7 83
7 84
7 85
7 90
7 91
7 92
7 97
7 98
7 99
7 104
7 105
7 106
7 111
7 112
7 113
7 118
7 119
7 120
7 125
7 126
7 127
7 132
7 133
7 134
7 139
7 140
7 141
7 146
7 147
7 148
7 153
7 154
7 155
7 160
7 161
7 162
7 167
7 168
7 169
7 174
7 175
7 176
7 181
7 182
7 183
7 188
7 189
7 190
7 195
7 196
7 197
8 2
8 9
8 14
8 15
8 16
8 21
8 22
8 23
8 28
8 29
8 30
8 35
8 36
8 37
8 42
8 43
8 44
8 49
8 50
8 51
8 56
8 57
8 58
8 63
8 64
8 65
8 70
8 71
8 72
8 77
8 78
8 79
8 84
8 85
8 86
8 91
8 92
8 93
8 98
8 99
8 100
8 105
8 106
8 107
8 112
8 113
8 114
8 119
8 120
8 121
8 126
8 127
8 128
8 133
8 134
8 135
8 140
8 141
8 142
8 147
8 148
8 149
8 154
8 155
8 156
8 161
8 162
8 163
8 168
8 169
8 170
8 175
8 176
8 177
8 182
8 183
8 184
8 189
8 190
8 191
8 196
8 197
8 198
13 5
13 12
13 14
13 19
13 20
13 21
13 26
13 27
13 28
13 33
13 34
13 35
13 40
13 41
13 42
13 47
13 48
13 49
13 54
13 55
13 56
13 61
13 62
13 63
13 68
13 69
13 70
13 75
13 76
13 77
13 82
13 83
13 84
13 89
13 90
13 91
13 96
13 97
13 98
13 103
13 104
13 105
13 110
13 111
13 112
13 117
13 118
13 119
13 124
13 125
13 126
13 131
13 132
13 133
13 138
13 139
13 140
13 145
13 146
13 147
13 152
13 153
13 154
13 159
13 160
13 161
13 166
13 167
13 168
13 173
13 174
13 175
13 180
13 181
13 182
13 187
13 188
13 189
13 194
13 195
13 196
14 15
14 20
14 21
14 22
14 27
14 28
14 29
14 34
14 35
14 36
14 41
14 42
14 43
14 48
14 49
14 50
14 55
14 56
14 57
14 62
14 63
14 64
14 69
14 70
14 71
14 76
14 77
14 78
14 83
14 84
14 85
14 90
14 91
14 92
14 97
14 98
14 99
14 104
14 105
14 106
14 111
14 112
14 113
14 118
14 119
14 120
14 125
14 126
14 127
14 132
14 133
14 134
14 139
14 140
14 141
14 146
14 147
14 148
14 153
14 154
14 155
14 160
14 161
14 162
14 167
14 168
14 169
14 174
14 175
14 176
14 181
14 182
14 183
14 188
14 189
14 190
14 195
14 196
14 197
15 2
15 9
15 16
15 21
15 22
15 23
15 28
15 29
15 30
15 35
15 36
15 37
15 42
15 43
15 44
15 49
15 50
15 51
15 56
15 57
15 58
15 63
15 64
15 65
15 70
15 71
15 72
15 77
15 78
15 79
15 84
15 85
15 86
15 91
15 92
15 93
15 98
15 99
15 100
15 105
15 106
15 107
15 112
15 113
15 114
15 119
15 120
15 121
15 126
15 127
15 128
15 133
15 134
15 135
15 140
15 141
15 142
15 147
15 148
15 149
15 154
15 155
15 156
15 161
15 162
15 163
15 168
15 169
15 170
15 175
15 176
15 177
15 182
15 183
15 184
15 189
15 190
15 191
15 196
15 197
15 198
20 5
20 12
20 19
20 21
20 26
20 27
20 28
20 33
20 34
20 35
20 40
20 41
20 42
20 47
20 48
20 49
20 54
20 55
20 56
20 61
20 62
20 63
20 68
20 69
20 70
20 75
20 76
20 77
20 82
20 83
20 84
20 89
20 90
20 91
20 96
20 97
20 98
20 103
20 104
20 105
20 110
20 111
20 112
20 117
20 118
20 119
20 124
20 125
20 126
20 131
20 132
20 133
20 138
20 139
20 140
20 145
20 146
20 147
20 152
20 153
20 154
20 159
20 160
20 161
20 166
20 167
20 168
20 173
20 174
20 175
20 180
20 181
20 182
20 187
20 188
20 189
20 194
20 195
20 196
21 22
21 27
21 28
21 29
21 34
21 35
21 36
21 41
21 42
21 43
21 48
21 49
21 50
21 55
21 56
21 57
21 62
21 63
21 64
21 69
21 70
21 71
21 76
21 77
21 78
21 83
21 84
21 85
21 90
21 91
21 92
21 97
21 98
21 99
21 104
21 105
21 106
21 111
21 112
21 113
21 118
21 119
21 120
21 125
21 126
21 127
21 132
21 133
21 134
21 139
21 140
21 141
21 146
21 147
21 148
21 153
21 154
21 155
21 160
21 161
21 162
21 167
21 168
21 169
21 174
21 175
21 176
21 181
21 182
21 183
21 188
21 189
21 190
21 195
21 196
21 197
22 2
22 9
22 16
22 23
22 28
22 29
22 30
22 35
22 36
22 37
22 42
22 43
22 44
22 49
22 50
22 51
22 56
22 57
22 58
22 63
22 64
22 65
22 70
22 71
22 72
22 77
22 78
22 79
22 84
22 85
22 86
22 91
22 92
22 93
22 98
22 99
22 100
22 105
22 106
22 107
22 112
22 113
22 114
22 119
22 120
22 121
22 126
22 127
22 128
22 133
22 134
22 135
22 140
22 141
22 142
22 147
22 148
22 149
22 154
22 155
22 156
22 161
22 162
22 163
22 168
22 169
22 170
22 175
22 176
22 177
22 182
22 183
22 184
22 189
22 190
22 191
22 196
22 197
22 198
27 5
27 12
27 19
27 26
27 28
27 33
27 34
27 35
27 40
27 41
27 42
27 47
27 48
27 49
27 54
27 55
27 56
27 61
27 62
27 63
27 68
27 69
27 70
27 75
27 76
27 77
27 82
27 83
27 84
27 89
27 90
27 91
27 96
27 97
27 98
27 103
27 104
27 105
27 110
27 111
27 112
27 117
27 118
27 119
27 124
27 125
27 126
27 131
27 132
27 133
27 138
27 139
27 140
27 145
27 146
27 147
27 152
27 153
27 154
27 159
27 160
27 161
27 166
27 167
27 168
27 173
27 174
27 175
27 180
27 181
27 182
27 187
27 188
27 189
27 194
27 195
27 196
28 29
28 34
28 35
28 36
28 41
28 42
28 43
28 48
28 49
28 50
28 55
28 56
28 57
28 62
28 63
28 64
28 69
28 70
28 71
28 76
28 77
28 78
28 83
28 84
28 85
28 90
28 91
28 92
28 97
28 98
28 99
28 104
28 105
28 106
28 111
28 112
28 113
28 118
28 119
28 120
28 125
28 126
28 127
28 132
28 133
28 134
28 139
28 140
28 141
28 146
28 147
28 148
28 153
28 154
28 155
28 160
28 161
28 162
28 167
28 168
28 169
28 174
28 175
28 176
28 181
28 182
28 183
28 188
28 189
28 190
28 195
28 196
28 197
29 2
29 9
29 16
29 23
29 30
29 35
29 36
29 37
29 42
29 43
29 44
29 49
29 50
29 51
29 56
29 57
29 58
29 63
29 64
29 65
29 70
29 71
29 72
29 77
29 78
29 79
29 84
29 85
29 86
29 91
29 92
29 93
29 98
29 99
29 100
29 105
29 106
29 107
29 112
29 113
29 114
29 119
29 120
29 121
29 126
29 127
29 128
29 133
29 134
29 135
29 140
29 141
29 142
29 147
29 148
29 149
29 154
29 155
29 156
29 161
29 162
29 163
29 168
29 169
29 170
29 175
29 176
29 177
29 182
29 183
29 184
29 189
29 190
29 191
29 196
29 197
29 198
34 5
34 12
34 19
34 26
34 33
34 35
34 40
34 41
34 42
34 47
34 48
34 49
34 54
34 55
34 56
34 61
34 62
34 63
34 68
34 69
34 70
34 75
34 76
34 77
34 82
34 83
34 84
34 89
34 90
34 91
34 96
34 97
34 98
34 103
34 104
34 105
34 110
34 111
34 112
34 117
34 118
34 119
34 124
34 125
34 126
34 131
34 132
34 133
34 138
34 139
34 140
34 145
34 146
34 147
34 152
34 153
34 154
34 159
34 160
34 161
34 166
34 167
34 168
34 173
34 174
34 175
34 180
34 181
34 182
34 187
34 188
34 189
34 194
34 195
34 196
35 36
35 41
35 42
35 43
35 48
35 49
35 50
35 55
35 56
35 57
35 62
35 63
35 64
35 69
35 70
35 71
35 76
35 77
35 78
35 83
35 84
35 85
35 90
35 91
35 92
35 97
35 98
35 99
35 104
35 105
35 106
35 111
35 112
35 113
35 118
35 119
35 120
35 125
35 126
35 127
35 132
35 133
35 134
35 139
35 140
35 141
35 146
35 147
35 148
35 153
35 154
35 155
35 160
35 161
35 162
35 167
35 168
35 169
35 174
35 175
35 176
35 181
35 182
35 183
35 188
35 189
35 190
35 195
35 196
35 197
36 2
36 9
36 16
36 23
36 30
36 37
36 42
36 43
36 44
36 49
36 50
36 51
36 56
36 57
36 58
36 63
36 64
36 65
36 70
36 71
36 72
36 77
36 78
36 79
36 84
36 85
36 86
36 91
36 92
36 93
36 98
36 99
36 100
36 105
36 106
36 107
36 112
36 113
36 114
36 119
36 120
36 121
36 126
36 127
36 128
36 133
36 134
36 135
36 140
36 141
36 142
36 147
36 148
36 149
36 154
36 155
36 156
36 161
36 162
36 163
36 168
36 169
36 170
36 175
36 176
36 177
36 182
36 183
36 184
36 189
36 190
36 191
36 196
36 197
36 198
41 5
41 12
41 19
41 26
41 33
41 40
41 42
41 47
41 48
41 49
41 54
41 55
41 56
41 61
41 62
41 63
41 68
41 69
41 70
41 75
41 76
41 77
41 82
41 83
41 84
41 89
41 90
41 91
41 96
41 97
41 98
41 103
41 104
41 105
41 110
41 111
41 112
41 117
41 118
41 119
41 124
41 125
41 126
41 131
41 132
41 133
41 138
41 139
41 140
41 145
41 146
41 147
41 152
41 153
41 154
41 159
41 160
41 161
41 166
41 167
41 168
41 173
41 174
41 175
41 180
41 181
41 182
41 187
41 188
41 189
41 194
41 195
41 196
42 43
42 48
42 49
42 50
42 55
42 56
42 57
42 62
42 63
42 64
42 69
42 70
42 71
42 76
42 77
42 78
42 83
42 84
42 85
42 90
42 91
42 92
42 97
42 98
42 99
42 104
42 105
42 106
42 111
42 112
42 113
42 118
42 119
42 120
42 125
42 126
42 127
42 132
42 133
42 134
42 139
42 140
42 141
42 146
42 147
42 148
42 153
42 154
42 155
42 160
42 161
42 162
42 167
42 168
42 169
42 174
42 175
42 176
42 181
42 182
42 183
42 188
42 189
42 190
42 195
42 196
42 197
43 2
43 9
43 16
43 23
43 30
43 37
43 44
43 49
43 50
43 51
43 56
43 57
43 58
43 63
43 64
43 65
43 70
43 71
43 72
43 77
43 78
43 79
43 84
43 85
43 86
43 91
43 92
43 93
43 98
43 99
43 100
43 105
43 106
43 107
43 112
43 113
43 114
43 119
43 120
43 121
43 126
43 127
43 128
43 133
43 134
43 135
43 140
43 141
43 142
43 147
43 148
43 149
43 154
43 155
43 156
43 161
43 162
43 163
43 168
43 169
43 170
43 175
43 176
43 177
43 182
43 183
43 184
43 189
43 190
43 191
43 196
43 197
43 198
48 5
48 12
48 19
48 26
48 33
48 40
48 47
48 49
48 54
48 55
48 56
48 61
48 62
48 63
48 68
48 69
48 70
48 75
48 76
48 77
48 82
48 83
48 84
48 89
48 90
48 91
48 96
48 97
48 98
48 103
48 104
48 105
48 110
48 111
48 112
48 117
48 118
48 119
48 124
48 125
48 126
48 131
48 132
48 133
48 138
48 139
48 140
48 145
48 146
48 147
48 152
48 153
48 154
48 159
48 160
48 161
48 166
48 167
48 168
48 173
48 174
48 175
48 180
48 181
48 182
48 187
48 188
48 189
48 194
48 195
48 196
49 50
49 55
49 56
49 57
49 62
49 63
49 64
49 69
49 70
49 71
49 76
49 77
49 78
49 83
49 84
49 85
49 90
49 91
49 92
49 97
49 98
49 99
49 104
49 105
49 106
49 111
49 112
49 113
49 118
49 119
49 120
49 125
49 126
49 127
49 132
49 133
49 134
49 139
49 140
49 141
49 146
49 147
49 148
49 153
49 154
49 155
49 160
49 161
49 162
49 167
49 168
49 169
49 174
49 175
49 176
49 181
49 182
49 183
49 188
49 189
49 190
49 195
49 196
49 197
50 2
50 9
50 16
50 23
50 30
50 37
50 44
50 51
50 56
50 57
50 58
50 63
50 64
50 65
50 70
50 71
50 72
50 77
50 78
50 79
50 84
50 85
50 86
50 91
50 92
50 93
50 98
50 99
50 100
50 105
50 106
50 107
50 112
50 113
50 114
50 119
50 120
50 121
50 126
50 127
50 128
50 133
50 134
50 135
50 140
50 141
50 142
50 147
50 148
50 149
50 154
50 155
50 156
50 161
50 162
50 163
50 168
50 169
50 170
50 175
50 176
50 177
50 182
50 183
50 184
50 189
50 190
50 191
50 196
50 197
50 198
55 5
55 12
55 19
55 26
55 33
55 40
55 47
55 54
55 56
55 61
55 62
55 63
55 68
55 69
55 70
55 75
55 76
55 77
55 82
55 83
55 84
55 89
55 90
55 91
55 96
55 97
55 98
55 103
55 104
55 105
55 110
55 111
55 112
55 117
55 118
55 119
55 124
55 125
55 126
55 131
55 132
55 133
55 138
55 139
55 140
55 145
55 146
55 147
55 152
55 153
55 154
55 159
55 160
55 161
55 166
55 167
55 168
55 173
55 174
55 175
55 180
55 181
55 182
55 187
55 188
55 189
55 194
55 195
55 196
56 57
56 62
56 63
56 64
56 69
56 70
56 71
56 76
56 77
56 78
56 83
56 84
56 85
56 90
56 91
56 92
56 97
56 98
56 99
56 104
56 105
56 106
56 111
56 112
56 113
56 118
56 119
56 120
56 125
56 126
56 127
56 132
56 133
56 134
56 139
56 140
56 141
56 146
56 147
56 148
56 153
56 154
56 155
56 160
56 161
56 162
56 167
56 168
56 169
56 174
56 175
56 176
56 181
56 182
56 183
56 188
56 189
56 190
56 195
56 196
56 197
57 2
57 9
57 16
57 23
57 30
57 37
57 44
57 51
57 58
57 63
57 64
57 65
57 70
57 71
57 72
57 77
57 78
57 79
57 84
57 85
57 86
57 91
57 92
57 93
57 98
57 99
57 100
57 105
57 106
57 107
57 112
57 113
57 114
57 119
57 120
57 121
57 126
57 127
57 128
57 133
57 134
57 135
57 140
57 141
57 142
57 147
57 148
57 149
57 154
57 155
57 156
57 161
57 162
57 163
57 168
57 169
57 170
57 175
57 176
57 177
57 182
57 183
57 184
57 189
57 190
57 191
57 196
57 197
57 198
62 5
62 12
62 19
62 26
62 33
62 40
62 47
62 54
62 61
62 63
62 68
62 69
62 70
62 75
62 76
62 77
62 82
62 83
62 84
62 89
62 90
62 91
62 96
62 97
62 98
62 103
62 104
62 105
62 110
62 111
62 112
62 117
62 118
62 119
62 124
62 125
62 126
62 131
62 132
62 133
62 138
62 139
62 140
62 145
62 146
62 147
62 152
62 153
62 154
62 159
62 160
62 161
62 166
62 167
62 168
62 173
62 174
62 175
62 180
62 181
62 182
62 187
62 188
62 189
62 194
62 195
62 196
63 64
63 69
63 70
63 71
63 76
63 77
63 78
63 83
63 84
63 85
63 90
63 91
63 92
63 97
63 98
63 99
63 104
63 105
63 106
63 111
63 112
63 113
63 118
63 119
63 120
63 125
63 126
63 127
63 132
63 133
63 134
63 139
63 140
63 141
63 146
63 147
63 148
63 153
63 154
63 155
63 160
63 161
63 162
63 167
63 168
63 169
63 174
63 175
63 176
63 181
63 182
63 183
63 188
63 189
63 190
63 195
63 196
63 197
64 2
64 9
64 16
64 23
64 30
64 37
64 44
64 51
64 58
64 65
64 70
64 71
64 72
64 77
64 78
64 79
64 84
64 85
64 86
64 91
64 92
64 93
64 98
64 99
64 100
64 105
64 106
64 107
64 112
64 113
64 114
64 119
64 120
64 121
64 126
64 127
64 128
64 133
64 134
64 135
64 140
64 141
64 142
64 147
64 148
64 149
64 154
64 155
64 156
64 161
64 162
64 163
64 168
64 169
64 170
64 175
64 176
64 177
64 182
64 183
64 184
64 189
64 190
64 191
64 196
64 197
64 198
69 5
69 12
69 19
69 26
69 33
69 40
69 47
69 54
69 61
69 68
69 70
69 75
69 76
69 77
69 82
69 83
69 84
69 89
69 90
69 91
69 96
69 97
69 98
69 103
69 104
69 105
69 110
69 111
69 112
69 117
69 118
69 119
69 124
69 125
69 126
69 131
69 132
69 133
69 138
69 139
69 140
69 145
69 146
69 147
69 152
69 153
69 154
69 159
69 160
69 161
69 166
69 167
69 168
69 173
69 174
69 175
69 180
69 181
69 182
69 187
69 188
69 189
69 194
69 195
69 196
70 71
70 76
70 77
70 78
70 83
70 84
70 85
70 90
70 91
70 92
70 97
70 98
70 99
70 104
70 105
70 106
70 111
70 112
70 113
70 118
70 119
70 120
70 125
70 126
70 127
70 132
70 133
70 134
70 139
70 140
70 141
70 146
70 147
70 148
70 153
70 154
70 155
70 160
70 161
70 162
70 167
70 168
70 169
70 174
70 175
70 176
70 181
70 182
70 183
70 188
70 189
70 190
70 195
70 196
70 197
71 2
71 9
71 16
71 23
71 30
71 37
71 44
71 51
71 58
71 65
71 72
71 77
71 78
71 79
71 84
71 85
71 86
71 91
71 92
71 93
71 98
71 99
71 100
71 105
71 106
71 107
71 112
71 113
71 114
71 119
71 120
71 121
71 126
71 127
71 128
71 133
71 134
71 135
71 140
71 141
71 142
71 147
71 148
71 149
71 154
71 155
71 156
71 161
71 162
71 163
71 168
71 169
71 170
71 175
71 176
71 177
71 182
71 183
71 184
71 189
71 190
71 191
71 196
71 197
71 198
76 5
76 12
76 19
76 26
76 33
76 40
76 47
76 54
76 61
76 68
76 75
76 77
76 82
76 83
76 84
76 89
76 90
76 91
76 96
76 97
76 98
76 103
76 104
76 105
76 110
76 111
76 112
76 117
76 118
76 119
76 124
76 125
76 126
76 131
76 132
76 133
76 138
76 139
76 140
76 145
76 146
76 147
76 152
76 153
76 154
76 159
76 160
76 161
76 166
76 167
76 168
76 173
76 174
76 175
76 180
76 181
76 182
76 187
76 188
76 189
76 194
76 195
76 196
77 78
77 83
77 84
77 85
77 90
77 91
77 92
77 97
77 98
77 99
77 104
77 105
77 106
77 111
77 112
77 113
77 118
77 119
77 120
77 125
77 126
77 127
77 132
77 133
77 134
77 139
77 140
77 141
77 146
77 147
77 148
77 153
77 154
77 155
77 160
77 161
77 162
77 167
77 168
77 169
77 174
77 175
77 176
77 181
77 182
77 183
77 188
77 189
77 190
77 195
77 196
77 197
78 2
78 9
78 16
78 23
78 30
78 37
78 44
78 51
78 58
78 65
78 72
78 79
78 84
78 85
78 86
78 91
78 92
78 93
78 98
78 99
78 100
78 105
78 106
78 107
78 112
78 113
78 114
78 119
78 120
78 121
78 126
78 127
78 128
78 133
78 134
78 135
78 140
78 141
78 142
78 147
78 148
78 149
78 154
78 155
78 156
78 161
78 162
78 163
78 168
78 169
78 170
78 175
78 176
78 177
78 182
78 183
78 184
78 189
78 190
78 191
78 196
78 197
78 198
83 5
83 12
83 19
83 26
83 33
83 40
83 47
83 54
83 61
83 68
83 75
83 82
83 84
83 89
83 90
83 91
83 96
83 97
83 98
83 103
83 104
83 105
83 110
83 111
83 112
83 117
83 118
83 119
83 124
83 125
83 126
83 131
83 132
83 133
83 138
83 139
83 140
83 145
83 146
83 147
83 152
83 153
83 154
83 159
83 160
83 161
83 166
83 167
83 168
83 173
83 174
83 175
83 180
83 181
83 182
83 187
83 188
83 189
83 194
83 195
83 196
84 85
84 90
84 91
84 92
84 97
84 98
84 99
84 104
84 105
84 106
84 111
84 112
84 113
84 118
84 119
84 120
84 125
84 126
84 127
84 132
84 133
84 134
84 139
84 140
84 141
84 146
84 147
84 148
84 153
84 154
84 155
84 160
84 161
84 162
84 167
84 168
84 169
84 174
84 175
84 176
84 181
84 182
84 183
84 188
84 189
84 190
84 195
84 196
84 197
85 2
85 9
85 16
85 23
85 30
85 37
85 44
85 51
85 58
85 65
85 72
85 79
85 86
85 91
85 92
85 93
85 98
85 99
85 100
85 105
85 106
85 107
85 112
85 113
85 114
85 119
85 120
85 121
85 126
85 127
85 128
85 133
85 134
85 135
85 140
85 141
85 142
85 147
85 148
85 149
85 154
85 155
85 156
85 161
85 162
85 163
85 168
85 169
85 170
85 175
85 176
85 177
85 182
85 183
85 184
85 189
85 190
85 191
85 196
85 197
85 198
90 5
90 12
90 19
90 26
90 33
90 40
90 47
90 54
90 61
90 68
90 75
90 82
90 89
90 91
90 96
90 97
90 98
90 103
90 104
90 105
90 110
90 111
90 112
90 117
90 118
90 119
90 124
90 125
90 126
90 131
90 132
90 133
90 138
90 139
90 140
90 145
90 146
90 147
90 152
90 153
90 154
90 159
90 160
90 161
90 166
90 167
90 168
90 173
90 174
90 175
90 180
90 181
90 182
90 187
90 188
90 189
90 194
90 195
90 196
91 92
91 97
91 98
91 99
91 104
91 105
91 106
91 111
91 112
91 113
91 118
91 119
91 120
91 125
91 126
91 127
91 132
91 133
91 134
91 139
91 140
91 141
91 146
91 147
91 148
91 153
91 154
91 155
91 160
91 161
91 162
91 167
91 168
91 169
91 174
91 175
91 176
91 181
91 182
91 183
91 188
91 189
91 190
91 195
91 196
91 197
92 2
92 9
92 16
92 23
92 30
92 37
92 44
92 51
92 58
92 65
92 72
92 79
92 86
92 93
92 98
92 99
92 100
92 105
92 106
92 107
92 112
92 113
92 114
92 119
92 120
92 121
92 126
92 127
92 128
92 133
92 134
92 135
92 140
92 141
92 142
92 147
92 148
92 149
92 154
92 155
92 156
92 161
92 162
92 163
92 168
92 169
92 170
92 175
92 176
92 177
92 182
92 183
92 184
92 189
92 190
92 191
92 196
92 197
92 198
97 5
97 12
97 19
97 26
97 33
97 40
97 47
97 54
97 61
97 68
97 75
97 82
97 89
97 96
97 98
97 103
97 104
97 105
97 110
97 111
97 112
97 117
97 118
97 119
97 124
97 125
97 126
97 131
97 132
97 133
97 138
97 139
97 140
97 145
97 146
97 147
97 152
97 153
97 154
97 159
97 160
97 161
97 166
97 167
97 168
97 173
97 174
97 175
97 180
97 181
97 182
97 187
97 188
97 189
97 194
97 195
97 196
98 99
98 104
98 105
98 106
98 111
98 112
98 113
98 118
98 119
98 120
98 125
98 126
98 127
98 132
98 133
98 134
98 139
98 140
98 141
98 146
98 147
98 148
98 153
98 154
98 155
98 160
98 161
98 162
98 167
98 168
98 169
98 174
98 175
98 176
98 181
98 182
98 183
98 188
98 189
98 190
98 195
98 196
98 197
99 2
99 9
99 16
99 23
99 30
99 37
99 44
99 51
99 58
99 65
99 72
99 79
99 86
99 93
99 100
99 105
99 106
99 107
99 112
99 113
99 114
99 119
99 120
99 121
99 126
99 127
99 128
99 133
99 134
99 135
99 140
99 141
99 142
99 147
99 148
99 149
99 154
99 155
99 156
99 161
99 162
99 163
99 168
99 169
99 170
99 175
99 176
99 177
99 182
99 183
99 184
99 189
99 190
99 191
99 196
99 197
99 198
104 5
104 12
104 19
104 26
104 33
104 40
104 47
104 54
104 61
104 68
104 75
104 82
104 89
104 96
104 103
104 105
104 110
104 111
104 112
104 117
104 118
104 119
104 124
104 125
104 126
104 131
104 132
104 133
104 138
104 139
104 140
104 145
104 146
104 147
104 152
104 153
104 154
104 159
104 160
104 161
104 166
104 167
104 168
104 173
104 174
104 175
104 180
104 181
104 182
104 187
104 188
104 189
104 194
104 195
104 196
105 106
105 111
105 112
105 113
105 118
105 119
105 120
105 125
105 126
105 127
105 132
105 133
105 134
105 139
105 140
105 141
105 146
105 147
105 148
105 153
105 154
105 155
105 160
105 161
105 162
105 167
105 168
105 169
105 174
105 175
105 176
105 181
105 182
105 183
105 188
105 189
105 190
105 195
105 196
105 197
106 2
106 9
106 16
106 23
106 30
106 37
106 44
106 51
106 58
106 65
106 72
106 79
106 86
106 93
106 100
106 107
106 112
106 113
106 114
106 119
106 120
106 121
106 126
106 127
106 128
106 133
106 134
106 135
106 140
106 141
106 142
106 147
106 148
106 149
106 154
106 155
106 156
106 161
106 162
106 163
106 168
106 169
106 170
106 175
106 176
106 177
106 182
106 183
106 184
106 189
106 190
106 191
106 196
106 197
106 198
111 5
111 12
111 19
111 26
111 33
111 40
111 47
111 54
111 61
111 68
111 75
111 82
111 89
111 96
111 103
111 110
111 112
111 117
111 118
111 119
111 124
111 125
111 126
111 131
111 132
111 133
111 138
111 139
111 140
111 145
111 146
111 147
111 152
111 153
111 154
111 159
111 160
111 161
111 166
111 167
111 168
111 173
111 174
111 175
111 180
111 181
111 182
111 187
111 188
111 189
111 194
111 195
111 196
112 113
112 118
112 119
112 120
112 125
112 126
112 127
112 132
112 133
112 134
112 139
112 140
112 141
112 146
112 147
112 148
112 153
112 154
112 155
112 160
112 161
112 162
112 167
112 168
112 169
112 174
112 175
112 176
112 181
112 182
112 183
112 188
112 189
112 190
112 195
112 196
112 197
113 2
113 9
113 16
113 23
113 30
113 37
113 44
113 51
113 58
113 65
113 72
113 79
113 86
113 93
113 100
113 107
113 114
113 119
113 120
113 121
113 126
113 127
113 128
113 133
113 134
113 135
113 140
113 141
113 142
113 147
113 148
113 149
113 154
113 155
113 156
113 161
113 162
113 163
113 168
113 169
113 170
113 175
113 176
113 177
113 182
113 183
113 184
113 189
113 190
113 191
113 196
113 197
113 198
118 5
118 12
118 19
118 26
118 33
118 40
118 47
118 54
118 61
118 68
118 75
118 82
118 89
118 96
118 103
118 110
118 117
118 119
118 124
118 125
118 126
118 131
118 132
118 133
118 138
118 139
118 140
118 145
118 146
118 147
118 152
118 153
118 154
118 159
118 160
118 161
118 166
118 167
118 168
118 173
118 174
118 175
118 180
118 181
118 182
118 187
118 188
118 189
118 194
118 195
118 196
119 120
119 125
119 126
119 127
119 132
119 133
119 134
119 139
119 140
119 141
119 146
119 147
119 148
119 153
119 154
119 155
119 160
119 161
119 162
119 167
119 168
119 169
119 174
119 175
119 176
119 181
119 182
119 183
119 188
119 189
119 190
119 195
119 196
119 197
120 2
120 9
120 16
120 23
120 30
120 37
120 44
120 51
120 58
120 65
120 72
120 79
120 86
120 93
120 100
120 107
120 114
120 121
120 126
120 127
120 128
120 133
120 134
120 135
120 140
120 141
120 142
120 147
120 148
120 149
120 154
120 155
120 156
120 161
120 162
120 163
120 168
120 169
120 170
120 175
120 176
120 177
120 182
120 183
120 184
120 189
120 190
120 191
120 196
120 197
120 198
125 5
125 12
125 19
125 26
125 33
125 40
125 47
125 54
125 61
125 68
125 75
125 82
125 89
125 96
125 103
125 110
125 117
125 124
125 126
125 131
125 132
125 133
125 138
125 139
125 140
125 145
125 146
125 147
125 152
125 153
125 154
125 159
125 160
125 161
125 166
125 167
125 168
125 173
125 174
125 175
125 180
125 181
125 182
125 187
125 188
125 189
125 194
125 195
125 196
126 127
126 132
126 133
126 134
126 139
126 140
126 141
126 146
126 147
126 148
126 153
126 154
126 155
126 160
126 161
126 162
126 167
126 168
126 169
126 174
126 175
126 176
126 181
126 182
126 183
126 188
126 189
126 190
126 195
126 196
126 197
127 2
127 9
127 16
127 23
127 30
127 37
127 44
127 51
127 58
127 65
127 72
127 79
127 86
127 93
127 100
127 107
127 114
127 121
127 128
127 133
127 134
127 135
127 140
127 141
127 142
127 147
127 148
127 149
127 154
127 155
127 156
127 161
127 162
127 163
127 168
127 169
127 170
127 175
127 176
127 177
127 182
127 183
127 184
127 189
127 190
127 191
127 196
127 197
127 198
132 5
132 12
132 19
132 26
132 33
132 40
132 47
132 54
132 61
132 68
132 75
132 82
132 89
132 96
132 103
132 110
132 117
132 124
132 131
132 133
132 138
132 139
132 140
132 145
132 146
132 147
132 152
132 153
132 154
132 159
132 160
132 161
132 166
132 167
132 168
132 173
132 174
132 175
132 180
132 181
132 182
132 187
132 188
132 189
132 194
132 195
132 196
133 134
133 139
133 140
133 141
133 146
133 147
133 148
133 153
133 154
133 155
133 160
133 161
133 162
133 167
133 168
133 169
133 174
133 175
133 176
133 181
133 182
133 183
133 188
133 189
133 190
133 195
133 196
133 197
134 2
134 9
134 16
134 23
134 30
134 37
134 44
134 51
134 58
134 65
134 72
134 79
134 86
134 93
134 100
134 107
134 114
134 121
134 128
134 135
134 140
134 141
134 142
134 147
134 148
134 149
134 154
134 155
134 156
134 161
134 162
134 163
134 168
134 169
134 170
134 175
134 176
134 177
134 182
134 183
134 184
134 189
134 190
134 191
134 196
134 197
134 198
139 5
139 12
139 19
139 26
139 33
139 40
139 47
139 54
139 61
139 68
139 75
139 82
139 89
139 96
139 103
139 110
139 117
139 124
139 131
139 138
139 140
139 145
139 146
139 147
139 152
139 153
139 154
139 159
139 160
139 161
139 166
139 167
139 168
139 173
139 174
139 175
139 180
139 181
139 182
139 187
139 188
139 189
139 194
139 195
139 196
140 141
140 146
140 147
140 148
140 153
140 154
140 155
140 160
140 161
140 162
140 167
140 168
140 169
140 174
140 175
140 176
140 181
140 182
140 183
140 188
140 189
140 190
140 195
140 196
140 197
141 2
141 9
141 16
141 23
141 30
141 37
141 44
141 51
141 58
141 65
141 72
141 79
141 86
141 93
141 100
141 107
141 114
141 121
141 128
141 135
141 142
141 147
141 148
141 149
141 154
141 155
141 156
141 161
141 162
141 163
141 168
141 169
141 170
141 175
141 176
141 177
141 182
141 183
141 184
141 189
141 190
141 191
141 196
141 197
141 198
146 5
146 12
146 19
146 26
146 33
146 40
146 47
146 54
146 61
146 68
146 75
146 82
146 89
146 96
146 103
146 110
146 117
146 124
146 131
146 138
146 145
146 147
146 152
146 153
146 154
146 159
146 160
146 161
146 166
146 167
146 168
146 173
146 174
146 175
146 180
146 181
146 182
146 187
146 188
146 189
146 194
146 195
146 196
147 148
147 153
147 154
147 155
147 160
147 161
147 162
147 167
147 168
147 169
147 174
147 175
147 176
147 181
147 182
147 183
147 188
147 189
147 190
147 195
147 196
147 197
148 2
148 9
148 16
148 23
148 30
148 37
148 44
148 51
148 58
148 65
148 72
148 79
148 86
148 93
148 100
148 107
148 114
148 121
148 128
148 135
148 142
148 149
148 154
148 155
148 156
148 161
148 162
148 163
148 168
148 169
148 170
148 175
148 176
148 177
148 182
148 183
148 184
148 189
148 190
148 191
148 196
148 197
148 198
153 5
153 12
153 19
153 26
153 33
153 40
153 47
153 54
153 61
153 68
153 75
153 82
153 89
153 96
153 103
153 110
153 117
153 124
153 131
153 138
153 145
153 152
153 154
153 159
153 160
153 161
153 166
153 167
153 168
153 173
153 174
153 175
153 180
153 181
153 182
153 187
153 188
153 189
153 194
153 195
153 196
154 155
154 160
154 161
154 162
154 167
154 168
154 169
154 174
154 175
154 176
154 181
154 182
154 183
154 188
154 189
154 190
154 195
154 196
154 197
155 2
155 9
155 16
155 23
155 30
155 37
155 44
155 51
155 58
155 65
155 72
155 79
155 86
155 93
155 100
155 107
155 114
155 121
155 128
155 135
155 142
155 149
155 156
155 161
155 162
155 163
155 168
155 169
155 170
155 175
155 176
155 177
155 182
155 183
155 184
155 189
155 190
155 191
155 196
155 197
155 198
160 5
160 12
160 19
160 26
160 33
160 40
160 47
160 54
160 61
160 68
160 75
160 82
160 89
160 96
160 103
160 110
160 117
160 124
160 131
160 138
160 145
160 152
160 159
160 161
160 166
160 167
160 168
160 173
160 174
160 175
160 180
160 181
160 182
160 187
160 188
160 189
160 194
160 195
160 196
161 162
161 167
161 168
161 169
161 174
161 175
161 176
161 181
161 182
161 183
161 188
161 189
161 190
161 195
161 196
161 197
162 2
162 9
162 16
162 23
162 30
162 37
162 44
162 51
162 58
162 65
162 72
162 79
162 86
162 93
162 100
162 107
162 114
162 121
162 128
162 135
162 142
162 149
162 156
162 163
162 168
162 169
162 170
162 175
162 176
162 177
162 182
162 183
162 184
162 189
162 190
162 191
162 196
162 197
162 198
167 5
167 12
167 19
167 26
167 33
167 40
167 47
167 54
167 61
167 68
167 75
167 82
167 89
167 96
167 103
167 110
167 117
167 124
167 131
167 138
167 145
167 152
167 159
167 166
167 168
167 173
167 174
167 175
167 180
167 181
167 182
167 187
167 188
167 189
167 194
167 195
167 196
168 169
168 174
168 175
168 176
168 181
168 182
168 183
168 188
168 189
168 190
168 195
168 196
168 197
169 2
169 9
169 16
169 23
169 30
169 37
169 44
169 51
169 58
169 65
169 72
169 79
169 86
169 93
169 100
169 107
169 114
169 121
169 128
169 135
169 142
169 149
169 156
169 163
169 170
169 175
169 176
169 177
169 182
169 183
169 184
169 189
169 190
169 191
169 196
169 197
169 198
174 5
174 12
174 19
174 26
174 33
174 40
174 47
174 54
174 61
174 68
174 75
174 82
174 89
174 96
174 103
174 110
174 117
174 124
174 131
174 138
174 145
174 152
174 159
174 166
174 173
174 175
174 180
174 181
174 182
174 187
174 188
174 189
174 194
174 195
174 196
175 176
175 181
175 182
175 183
175 188
175 189
175 190
175 195
175 196
175 197
176 2
176 9
176 16
176 23
176 30
176 37
176 44
176 51
176 58
176 65
176 72
176 79
176 86
176 93
176 100
176 107
176 114
176 121
176 128
176 135
176 142
176 149
176 156
176 163
176 170
176 177
176 182
176 183
176 184
176 189
176 190
176 191
176 196
176 197
176 198
181 5
181 12
181 19
181 26
181 33
181 40
181 47
181 54
181 61
181 68
181 75
181 82
181 89
181 96
181 103
181 110
181 117
181 124
181 131
181 138
181 145
181 152
181 159
181 166
181 173
181 180
181 182
181 187
181 188
181 189
181 194
181 195
181 196
182 183
182 188
182 189
182 190
182 195
182 196
182 197
183 2
183 9
183 16
183 23
183 30
183 37
183 44
183 51
183 58
183 65
183 72
183 79
183 86
183 93
183 100
183 107
183 114
183 121
183 128
183 135
183 142
183 149
183 156
183 163
183 170
183 177
183 184
183 189
183 190
183 191
183 196
183 197
183 198
188 5
188 12
188 19
188 26
188 33
188 40
188 47
188 54
188 61
188 68
188 75
188 82
188 89
188 96
188 103
188 110
188 117
188 124
188 131
188 138
188 145
188 152
188 159
188 166
188 173
188 180
188 187
188 189
188 194
188 195
188 196
189 190
189 195
189 196
189 197
190 2
190 9
190 16
190 23
190 30
190 37
190 44
190 51
190 58
190 65
190 72
190 79
190 86
190 93
190 100
190 107
190 114
190 121
190 128
190 135
190 142
190 149
190 156
190 163
190 170
190 177
190 184
190 191
190 196
190 197
190 198
195 5
195 12
195 19
195 26
195 33
195 40
195 47
195 54
195 61
195 68
195 75
195 82
195 89
195 96
195 103
195 110
195 117
195 124
195 131
195 138
195 145
195 152
195 159
195 166
195 173
195 180
195 187
195 194
195 196
196 197
197 2
197 9
197 16
197 23
197 30
197 37
197 44
197 51
197 58
197 65
197 72
197 79
197 86
197 93
197 100
197 107
197 114
197 121
197 128
197 135
197 142
197 149
197 156
197 163
197 170
197 177
197 184
197 191
197 198
2 3
2 9
2 10
2 16
2 17
2 23
2 24
2 30
2 31
2 37
2 38
2 44
2 45
2 51
2 52
2 58
2 59
2 65
2 66
2 72
2 73
2 79
2 80
2 86
2 87
2 93
2 94
2 100
2 101
2 107
2 108
2 114
2 115
2 121
2 122
2 128
2 129
2 135
2 136
2 142
2 143
2 149
2 150
2 156
2 157
2 163
2 164
2 170
2 171
2 177
2 178
2 184
2 185
2 191
2 192
2 198
2 199
9 3
9 10
9 16
9 17
9 23
9 24
9 30
9 31
9 37
9 38
9 44
9 45
9 51
9 52
9 58
9 59
9 65
9 66
9 72
9 73
9 79
9 80
9 86
9 87
9 93
9 94
9 100
9 101
9 107
9 108
9 114
9 115
9 121
9 122
9 128
9 129
9 135
9 136
9 142
9 143
9 149
9 150
9 156
9 157
9 163
9 164
9 170
9 171
9 177
9 178
9 184
9 185
9 191
9 192
9 198
9 199
16 3
16 10
16 17
16 23
16 24
16 30
16 31
16 37
16 38
16 44
16 45
16 51
16 52
16 58
16 59
16 65
16 66
16 72
16 73
16 79
16 80
16 86
16 87
16 93
16 94
16 100
16 101
16 107
16 108
16 114
16 115
16 121
16 122
16 128
16 129
16 135
16 136
16 142
16 143
16 149
16 150
16 156
16 157
16 163
16 164
16 170
16 171
16 177
16 178
16 184
16 185
16 191
16 192
16 198
16 199
23 3
23 10
23 17
23 24
23 30
23 31
23 37
23 38
23 44
23 45
23 51
23 52
23 58
23 59
23 65
23 66
23 72
23 73
23 79
23 80
23 86
23 87
23 93
23 94
23 100
23 101
23 107
23 108
23 114
23 115
23 121
23 122
23 128
23 129
23 135
23 136
23 142
23 143
23 149
23 150
23 156
23 157
23 163
23 164
23 170
23 171
23 177
23 178
23 184
23 185
23 191
23 192
23 198
23 199
30 3
30 10
30 17
30 24
30 31
30 37
30 38
30 44
30 45
30 51
30 52
30 58
30 59
30 65
30 66
30 72
30 73
30 79
30 80
30 86
30 87
30 93
30 94
30 100
30 101
30 107
30 108
30 114
30 115
30 121
30 122
30 128
30 129
30 135
30 136
30 142
30 143
30 149
30 150
30 156
30 157
30 163
30 164
30 170
30 171
30 177
30 178
30 184
30 185
30 191
30 192
30 198
30 199
37 3
37 10
37 17
37 24
37 31
37 38
37 44
37 45
37 51
37 52
37 58
37 59
37 65
37 66
37 72
37 73
37 79
37 80
37 86
37 87
37 93
37 94
37 100
37 101
37 107
37 108
37 114
37 115
37 121
37 122
37 128
37 129
37 135
37 136
37 142
37 143
37 149
37 150
37 156
37 157
37 163
37 164
37 170
37 171
37 177
37 178
37 184
37 185
37 191
37 192
37 198
37 199
44 3
44 10
44 17
44 24
44 31
44 38
44 45
44 51
44 52
44 58
44 59
44 65
44 66
44 72
44 73
44 79
44 80
44 86
44 87
44 93
44 94
44 100
44 101
44 107
44 108
44 114
44 115
44 121
44 122
44 128
44 129
44 135
44 136
44 142
44 143
44 149
44 150
44 156
44 157
44 163
44 164
44 170
44 171
44 177
44 178
44 184
44 185
44 191
44 192
44 198
44 199
51 3
51 10
51 17
51 24
51 31
51 38
51 45
51 52
51 58
51 59
51 65
51 66
51 72
51 73
51 79
51 80
51 86
51 87
51 93
51 94
51 100
51 101
51 107
51 108
51 114
51 115
51 121
51 122
51 128
51 129
51 135
51 136
51 142
51 143
51 149
51 150
51 156
51 157
51 163
51 164
51 170
51 171
51 177
51 178
51 184
51 185
51 191
51 192
51 198
51 199
58 3
58 10
58 17
58 24
58 31
58 38
58 45
58 52
58 59
58 65
58 66
58 72
58 73
58 79
58 80
58 86
58 87
58 93
58 94
58 100
58 101
58 107
58 108
58 114
58 115
58 121
58 122
58 128
58 129
58 135
58 136
58 142
58 143
58 149
58 150
58 156
58 157
58 163
58 164
58 170
58 171
58 177
58 178
58 184
58 185
58 191
58 192
58 198
58 199
65 3
65 10
65 17
65 24
65 31
65 38
65 45
65 52
65 59
65 66
65 72
65 73
65 79
65 80
65 86
65 87
65 93
65 94
65 100
65 101
65 107
65 108
65 114
65 115
65 121
65 122
65 128
65 129
65 135
65 136
65 142
65 143
65 149
65 150
65 156
65 157
65 163
65 164
65 170
65 171
65 177
65 178
65 184
65 185
65 191
65 192
65 198
65 199
72 3
72 10
72 17
72 24
72 31
72 38
72 45
72 52
72 59
72 66
72 73
72 79
72 80
72 86
72 87
72 93
72 94
72 100
72 101
72 107
72 108
72 114
72 115
72 121
72 122
72 128
72 129
72 135
72 136
72 142
72 143
72 149
72 150
72 156
72 157
72 163
72 164
72 170
72 171
72 177
72 178
72 184
72 185
72 191
72 192
72 198
72 199
79 3
79 10
79 17
79 24
79 31
79 38
79 45
79 52
79 59
79 66
79 73
79 80
79 86
79 87
79 93
79 94
79 100
79 101
79 107
79 108
79 114
79 115
79 121
79 122
79 128
79 129
79 135
79 136
79 142
79 143
79 149
79 150
79 156
79 157
79 163
79 164
79 170
79 171
79 177
79 178
79 184
79 185
79 191
79 192
79 198
79 199
86 3
86 10
86 17
86 24
86 31
86 38
86 45
86 52
86 59
86 66
86 73
86 80
86 87
86 93
86 94
86 100
86 101
86 107
86 108
86 114
86 115
86 121
86 122
86 128
86 129
86 135
86 136
86 142
86 143
86 149
86 150
86 156
86 157
86 163
86 164
86 170
86 171
86 177
86 178
86 184
86 185
86 191
86 192
86 198
86 199
93 3
93 10
93 17
93 24
93 31
93 38
93 45
93 52
93 59
93 66
93 73
93 80
93 87
93 94
93 100
93 101
93 107
93 108
93 114
93 115
93 121
93 122
93 128
93 129
93 135
93 136
93 142
93 143
93 149
93 150
93 156
93 157
93 163
93 164
93 170
93 171
93 177
93 178
93 184
93 185
93 191
93 192
93 198
93 199
100 3
100 10
100 17
100 24
100 31
100 38
100 45
100 52
100 59
100 66
100 73
100 80
100 87
100 94
100 101
100 107
100 108
100 114
100 115
100 121
100 122
100 128
100 129
100 135
100 136
100 142
100 143
100 149
100 150
100 156
100 157
100 163
100 164
100 170
100 171
100 177
100 178
100 184
100 185
100 191
100 192
100 198
100 199
107 3
107 10
107 17
107 24
107 31
107 38
107 45
107 52
107 59
107 66
107 73
107 80
107 87
107 94
107 101
107 108
107 114
107 115
107 121
107 122
107 128
107 129
107 135
107 136
107 142
107 143
107 149
107 150
107 156
107 157
107 163
107 164
107 170
107 171
107 177
107 178
107 184
107 185
107 191
107 192
107 198
107 199
114 3
114 10
114 17
114 24
114 31
114 38
114 45
114 52
114 59
114 66
114 73
114 80
114 87
114 94
114 101
114 108
114 115
114 121
114 122
114 128
114 129
114 135
114 136
114 142
114 143
114 149
114 150
114 156
114 157
114 163
114 164
114 170
114 171
114 177
114 178
114 184
114 185
114 191
114 192
114 198
114 199
121 3
121 10
121 17
121 24
121 31
121 38
121 45
121 52
121 59
121 66
121 73
121 80
121 87
121 94
121 101
121 108
121 115
121 122
121 128
121 129
121 135
121 136
121 142
121 143
121 149
121 150
121 156
121 157
121 163
121 164
121 170
121 171
121 177
121 178
121 184
121 185
121 191
121 192
121 198
121 199
128 3
128 10
128 17
128 24
128 31
128 38
128 45
128 52
128 59
128 66
128 73
128 80
128 87
128 94
128 101
128 108
128 115
128 122
128 129
128 135
128 136
128 142
128 143
128 149
128 150
128 156
128 157
128 163
128 164
128 170
128 171
128 177
128 178
128 184
128 185
128 191
128 192
128 198
128 199
135 3
135 10
135 17
135 24
135 31
135 38
135 45
135 52
135 59
135 66
135 73
135 80
135 87
135 94
135 101
135 108
135 115
135 122
135 129
135 136
135 142
135 143
135 149
135 150
135 156
135 157
135 163
135 164
135 170
135 171
135 177
135 178
135 184
135 185
135 191
135 192
135 198
135 199
142 3
142 10
142 17
142 24
142 31
142 38
142 45
142 52
142 59
142 66
142 73
142 80
142 87
142 94
142 101
142 108
142 115
142 122
142 129
142 136
142 143
142 149
142 150
142 156
142 157
142 163
142 164
142 170
142 171
142 177
142 178
142 184
142 185
142 191
142 192
142 198
142 199
149 3
149 10
149 17
149 24
149 31
149 38
149 45
149 52
149 59
149 66
149 73
149 80
149 87
149 94
149 101
149 108
149 115
149 122
149 129
149 136
149 143
149 150
149 156
149 157
149 163
149 164
149 170
149 171
149 177
149 178
149 184
149 185
149 191
149 192
149 198
149 199
156 3
156 10
156 17
156 24
156 31
156 38
156 45
156 52
156 59
156 66
156 73
156 80
156 87
156 94
156 101
156 108
156 115
156 122
156 129
156 136
156 143
156 150
156 157
156 163
156 164
156 170
156 171
156 177
156 178
156 184
156 185
156 191
156 192
156 198
156 199
163 3
163 10
163 17
163 24
163 31
163 38
163 45
163 52
163 59
163 66
163 73
163 80
163 87
163 94
163 101
163 108
163 115
163 122
163 129
163 136
163 143
163 150
163 157
163 164
163 170
163 171
163 177
163 178
163 184
163 185
163 191
163 192
163 198
163 199
170 3
170 10
170 17
170 24
170 31
170 38
170 45
170 52
170 59
170 66
170 73
170 80
170 87
170 94
170 101
170 108
170 115
170 122
170 129
170 136
170 143
170 150
170 157
170 164
170 171
170 177
170 178
170 184
170 185
170 191
170 192
170 198
170 199
177 3
177 10
177 17
177 24
177 31
177 38
177 45
177 52
177 59
177 66
177 73
177 80
177 87
177 94
177 101
177 108
177 115
177 122
177 129
177 136
177 143
177 150
177 157
177 164
177 171
177 178
177 184
177 185
177 191
177 192
177 198
177 199
184 3
184 10
184 17
184 24
184 31
184 38
184 45
184 52
184 59
184 66
184 73
184 80
184 87
184 94
184 101
184 108
184 115
184 122
184 129
184 136
184 143
184 150
184 157
184 164
184 171
184 178
184 185
184 191
184 192
184 198
184 199
191 3
191 10
191 17
191 24
191 31
191 38
191 45
191 52
191 59
191 66
191 73
191 80
191 87
191 94
191 101
191 108
191 115
191 122
191 129
191 136
191 143
191 150
191 157
191 164
191 171
191 178
191 185
191 192
191 198
191 199
198 3
198 10
198 17
198 24
198 31
198 38
198 45
198 52
198 59
198 66
198 73
198 80
198 87
198 94
198 101
198 108
198 115
198 122
198 129
198 136
198 143
198 150
198 157
198 164
198 171
198 178
198 185
198 192
198 199
3 4
3 10
3 11
3 17
3 18
3 24
3 25
3 31
3 32
3 38
3 39
3 45
3 46
3 52
3 53
3 59
3 60
3 66
3 67
3 73
3 74
3 80
3 81
3 87
3 88
3 94
3 95
3 101
3 102
3 108
3 109
3 115
3 116
3 122
3 123
3 129
3 130
3 136
3 137
3 143
3 144
3 150
3 151
3 157
3 158
3 164
3 165
3 171
3 172
3 178
3 179
3 185
3 186
3 192
3 193
3 199
10 4
10 11
10 17
10 18
10 24
10 25
10 31
10 32
10 38
10 39
10 45
10 46
10 52
10 53
10 59
10 60
10 66
10 67
10 73
10 74
10 80
10 81
10 87
10 88
10 94
10 95
10 101
10 102
10 108
10 109
10 115
10 116
10 122
10 123
10 129
10 130
10 136
10 137
10 143
10 144
10 150
10 151
10 157
10 158
10 164
10 165
10 171
10 172
10 178
10 179
10 185
10 186
10 192
10 193
10 199
17 4
17 11
17 18
17 24
17 25
17 31
17 32
17 38
17 39
17 45
17 46
17 52
17 53
17 59
17 60
17 66
17 67
17 73
17 74
17 80
17 81
17 87
17 88
17 94
17 95
17 101
17 102
17 108
17 109
17 115
17 116
17 122
17 123
17 129
17 130
17 136
17 137
17 143
17 144
17 150
17 151
17 157
17 158
17 164
17 165
17 171
17 172
17 178
17 179
17 185
17 186
17 192
17 193
17 199
24 4
24 11
24 18
24 25
24 31
24 32
24 38
24 39
24 45
24 46
24 52
24 53
24 59
24 60
24 66
24 67
24 73
24 74
24 80
24 81
24 87
24 88
24 94
24 95
24 101
24 102
24 108
24 109
24 115
24 116
24 122
24 123
24 129
24 130
24 136
24 137
24 143
24 144
24 150
24 151
24 157
24 158
24 164
24 165
24 171
24 172
24 178
24 179
24 185
24 186
24 192
24 193
24 199
31 4
31 11
31 18
31 25
31 32
31 38
31 39
31 45
31 46
31 52
31 53
31 59
31 60
31 66
31 67
31 73
31 74
31 80
31 81
31 87
31 88
31 94
31 95
31 101
31 102
31 108
31 109
31 115
31 116
31 122
31 123
31 129
31 130
31 136
31 137
31 143
31 144
31 150
31 151
31 157
31 158
31 164
31 165
31 171
31 172
31 178
31 179
31 185
31 186
31 192
31 193
31 199
38 4
38 11
38 18
38 25
38 32
38 39
38 45
38 46
38 52
38 53
38 59
38 60
38 66
38 67
38 73
38 74
38 80
38 81
38 87
38 88
38 94
38 95
38 101
38 102
38 108
38 109
38 115
38 116
38 122
38 123
38 129
38 130
38 136
38 137
38 143
38 144
38 150
38 151
38 157
38 158
38 164
38 165
38 171
38 172
38 178
38 179
38 185
38 186
38 192
38 193
38 199
45 4
45 11
45 18
45 25
45 32
45 39
45 46
45 52
45 53
45 59
45 60
45 66
45 67
45 73
45 74
45 80
45 81
45 87
45 88
45 94
45 95
45 101
45 102
45 108
45 109
45 115
45 116
45 122
45 123
45 129
45 130
45 136
45 137
45 143
45 144
45 150
45 151
45 157
45 158
45 164
45 165
45 171
45 172
45 178
45 179
45 185
45 186
45 192
45 193
45 199
52 4
52 11
52 18
52 25
52 32
52 39
52 46
52 53
52 59
52 60
52 66
52 67
52 73
52 74
52 80
52 81
52 87
52 88
52 94
52 95
52 101
52 102
52 108
52 109
52 115
52 116
52 122
52 123
52 129
52 130
52 136
52 137
52 143
52 144
52 150
52 151
52 157
52 158
52 164
52 165
52 171
52 172
52 178
52 179
52 185
52 186
52 192
52 193
52 199
59 4
59 11
59 18
59 25
59 32
59 39
59 46
59 53
59 60
59 66
59 67
59 73
59 74
59 80
59 81
59 87
59 88
59 94
59 95
59 101
59 102
59 108
59 109
59 115
59 116
59 122
59 123
59 129
59 130
59 136
59 137
59 143
59 144
59 150
59 151
59 157
59 158
59 164
59 165
59 171
59 172
59 178
59 179
59 185
59 186
59 192
59 193
59 199
66 4
66 11
66 18
66 25
66 32
66 39
66 46
66 53
66 60
66 67
66 73
66 74
66 80
66 81
66 87
66 88
66 94
66 95
66 101
66 102
66 108
66 109
66 115
66 116
66 122
66 123
66 129
66 130
66 136
66 137
66 143
66 144
66 150
66 151
66 157
66 158
66 164
66 165
66 171
66 172
66 178
66 179
66 185
66 186
66 192
66 193
66 199
73 4
73 11
73 18
73 25
73 32
73 39
73 46
73 53
73 60
73 67
73 74
73 80
73 81
73 87
73 88
73 94
73 95
73 101
73 102
73 108
73 109
73 115
73 116
73 122
73 123
73 129
73 130
73 136
73 137
73 143
73 144
73 150
73 151
73 157
73 158
73 164
73 165
73 171
73 172
73 178
73 179
73 185
73 186
73 192
73 193
73 199
80 4
80 11
80 18
80 25
80 32
80 39
80 46
80 53
80 60
80 67
80 74
80 81
80 87
80 88
80 94
80 95
80 101
80 102
80 108
80 109
80 115
80 116
80 122
80 123
80 129
80 130
80 136
80 137
80 143
80 144
80 150
80 151
80 157
80 158
80 164
80 165
80 171
80 172
80 178
80 179
80 185
80 186
80 192
80 193
80 199
87 4
87 11
87 18
87 25
87 32
87 39
87 46
87 53
87 60
87 67
87 74
87 81
87 88
87 94
87 95
87 101
87 102
87 108
87 109
87 115
87 116
87 122
87 123
87 129
87 130
87 136
87 137
87 143
87 144
87 150
87 151
87 157
87 158
87 164
87 165
87 171
87 172
87 178
87 179
87 185
87 186
87 192
87 193
87 199
94 4
94 11
94 18
94 25
94 32
94 39
94 46
94 53
94 60
94 67
94 74
94 81
94 88
94 95
94 101
94 102
94 108
94 109
94 115
94 116
94 122
94 123
94 129
94 130
94 136
94 137
94 143
94 144
94 150
94 151
94 157
94 158
94 164
94 165
94 171
94 172
94 178
94 179
94 185
94 186
94 192
94 193
94 199
101 4
101 11
101 18
101 25
101 32
101 39
101 46
101 53
101 60
101 67
101 74
101 81
101 88
101 95
101 102
101 108
101 109
101 115
101 116
101 122
101 123
101 129
101 130
101 136
101 137
101 143
101 144
101 150
101 151
101 157
101 158
101 164
101 165
101 171
101 172
101 178
101 179
101 185
101 186
101 192
101 193
101 199
108 4
108 11
108 18
108 25
108 32
108 39
108 46
108 53
108 60
108 67
108 74
108 81
108 88
108 95
108 102
108 109
108 115
108 116
108 122
108 123
108 129
108 130
108 136
108 137
108 143
108 144
108 150
108 151
108 157
108 158
108 164
108 165
108 171
108 172
108 178
108 179
108 185
108 186
108 192
108 193
108 199
115 4
115 11
115 18
115 25
115 32
115 39
115 46
115 53
115 60
115 67
115 74
115 81
115 88
115 95
115 102
115 109
115 116
115 122
115 123
115 129
115 130
115 136
115 137
115 143
115 144
115 150
115 151
115 157
115 158
115 164
115 165
115 171
115 172
115 178
115 179
115 185
115 186
115 192
115 193
115 199
122 4
122 11
122 18
122 25
122 32
122 39
122 46
122 53
122 60
122 67
122 74
122 81
122 88
122 95
122 102
122 109
122 116
122 123
122 129
122 130
122 136
122 137
122 143
122 144
122 150
122 151
122 157
122 158
122 164
122 165
122 171
122 172
122 178
122 179
122 185
122 186
122 192
122 193
122 199
129 4
129 11
129 18
129 25
129 32
129 39
129 46
129 53
129 60
129 67
129 74
129 81
129 88
129 95
129 102
129 109
129 116
129 123
129 130
129 136
129 137
129 143
129 144
129 150
129 151
129 157
129 158
129 164
129 165
129 171
129 172
129 178
129 179
129 185
129 186
129 192
129 193
129 199
136 4
136 11
136 18
136 25
136 32
136 39
136 46
136 53
136 60
136 67
136 74
136 81
136 88
136 95
136 102
136 109
136 116
136 123
136 130
136 137
136 143
136 144
136 150
136 151
136 157
136 158
136 164
136 165
136 171
136 172
136 178
136 179
136 185
136 186
136 192
136 193
136 199
143 4
143 11
143 18
143 25
143 32
143 39
143 46
143 53
143 60
143 67
143 74
143 81
143 88
143 95
143 102
143 109
143 116
143 123
143 130
143 137
143 144
143 150
143 151
143 157
143 158
143 164
143 165
143 171
143 172
143 178
143 179
143 185
143 186
143 192
143 193
143 199
150 4
150 11
150 18
150 25
150 32
150 39
150 46
150 53
150 60
150 67
150 74
150 81
150 88
150 95
150 102
150 109
150 116
150 123
150 130
150 137
150 144
150 151
150 157
150 158
150 164
150 165
150 171
150 172
150 178
150 179
150 185
150 186
150 192
150 193
150 199
157 4
157 11
157 18
157 25
157 32
157 39
157 46
157 53
157 60
157 67
157 74
157 81
157 88
157 95
157 102
157 109
157 116
157 123
157 130
157 137
157 144
157 151
157 158
157 164
157 165
157 171
157 172
157 178
157 179
157 185
157 186
157 192
157 193
157 199
164 4
164 11
164 18
164 25
164 32
164 39
164 46
164 53
164 60
164 67
164 74
164 81
164 88
164 95
164 102
164 109
164 116
164 123
164 130
164 137
164 144
164 151
164 158
164 165
164 171
164 172
164 178
164 179
164 185
164 186
164 192
164 193
164 199
171 4
171 11
171 18
171 25
171 32
171 39
171 46
171 53
171 60
171 67
171 74
171 81
171 88
171 95
171 102
171 109
171 116
171 123
171 130
171 137
171 144
171 151
171 158
171 165
171 172
171 178
171 179
171 185
171 186
171 192
171 193
171 199
178 4
178 11
178 18
178 25
178 32
178 39
178 46
178 53
178 60
178 67
178 74
178 81
178 88
178 95
178 102
178 109
178 116
178 123
178 130
178 137
178 144
178 151
178 158
178 165
178 172
178 179
178 185
178 186
178 192
178 193
178 199
185 4
185 11
185 18
185 25
185 32
185 39
185 46
185 53
185 60
185 67
185 74
185 81
185 88
185 95
185 102
185 109
185 116
185 123
185 130
185 137
185 144
185 151
185 158
185 165
185 172
185 179
185 186
185 192
185 193
185 199
192 4
192 11
192 18
192 25
192 32
192 39
192 46
192 53
192 60
192 67
192 74
192 81
192 88
192 95
192 102
192 109
192 116
192 123
192 130
192 137
192 144
192 151
192 158
192 165
192 172
192 179
192 186
192 193
192 199
199 4
199 11
199 18
199 25
199 32
199 39
199 46
199 53
199 60
199 67
199 74
199 81
199 88
199 95
199 102
199 109
199 116
199 123
199 130
199 137
199 144
199 151
199 158
199 165
199 172
199 179
199 186
199 193
4 5
4 11
4 12
4 18
4 19
4 25
4 26
4 32
4 33
4 39
4 40
4 46
4 47
4 53
4 54
4 60
4 61
4 67
4 68
4 74
4 75
4 81
4 82
4 88
4 89
4 95
4 96
4 102
4 103
4 109
4 110
4 116
4 117
4 123
4 124
4 130
4 131
4 137
4 138
4 144
4 145
4 151
4 152
4 158
4 159
4 165
4 166
4 172
4 173
4 179
4 180
4 186
4 187
4 193
4 194
11 5
11 12
11 18
11 19
11 25
11 26
11 32
11 33
11 39
11 40
11 46
11 47
11 53
11 54
11 60
11 61
11 67
11 68
11 74
11 75
11 81
11 82
11 88
11 89
11 95
11 96
11 102
11 103
11 109
11 110
11 116
11 117
11 123
11 124
11 130
11 131
11 137
11 138
11 144
11 145
11 151
11 152
11 158
11 159
11 165
11 166
11 172
11 173
11 179
11 180
11 186
11 187
11 193
11 194
18 5
18 12
18 19
18 25
18 26
18 32
18 33
18 39
18 40
18 46
18 47
18 53
18 54
18 60
18 61
18 67
18 68
18 74
18 75
18 81
18 82
18 88
18 89
18 95
18 96
18 102
18 103
18 109
18 110
18 116
18 117
18 123
18 124
18 130
18 131
18 137
18 138
18 144
18 145
18 151
18 152
18 158
18 159
18 165
18 166
18 172
18 173
18 179
18 180
18 186
18 187
18 193
18 194
25 5
25 12
25 19
25 26
25 32
25 33
25 39
25 40
25 46
25 47
25 53
25 54
25 60
25 61
25 67
25 68
25 74
25 75
25 81
25 82
25 88
25 89
25 95
25 96
25 102
25 103
25 109
25 110
25 116
25 117
25 123
25 124
25 130
25 131
25 137
25 138
25 144
25 145
25 151
25 152
25 158
25 159
25 165
25 166
25 172
25 173
25 179
25 180
25 186
25 187
25 193
25 194
32 5
32 12
32 19
32 26
32 33
32 39
32 40
32 46
32 47
32 53
32 54
32 60
32 61
32 67
32 68
32 74
32 75
32 81
32 82
32 88
32 89
32 95
32 96
32 102
32 103
32 109
32 110
32 116
32 117
32 123
32 124
32 130
32 131
32 137
32 138
32 144
32 145
32 151
32 152
32 158
32 159
32 165
32 166
32 172
32 173
32 179
32 180
32 186
32 187
32 193
32 194
39 5
39 12
39 19
39 26
39 33
39 40
39 46
39 47
39 53
39 54
39 60
39 61
39 67
39 68
39 74
39 75
39 81
39 82
39 88
39 89
39 95
39 96
39 102
39 103
39 109
39 110
39 116
39 117
39 123
39 124
39 130
39 131
39 137
39 138
39 144
39 145
39 151
39 152
39 158
39 159
39 165
39 166
39 172
39 173
39 179
39 180
39 186
39 187
39 193
39 194
46 5
46 12
46 19
46 26
46 33
46 40
46 47
46 53
46 54
46 60
46 61
46 67
46 68
46 74
46 75
46 81
46 82
46 88
46 89
46 95
46 96
46 102
46 103
46 109
46 110
46 116
46 117
46 123
46 124
46 130
46 131
46 137
46 138
46 144
46 145
46 151
46 152
46 158
46 159
46 165
46 166
46 172
46 173
46 179
46 180
46 186
46 187
46 193
46 194
53 5
53 12
53 19
53 26
53 33
53 40
53 47
53 54
53 60
53 61
53 67
53 68
53 74
53 75
53 81
53 82
53 88
53 89
53 95
53 96
53 102
53 103
53 109
53 110
53 116
53 117
53 123
53 124
53 130
53 131
53 137
53 138
53 144
53 145
53 151
53 152
53 158
53 159
53 165
53 166
53 172
53 173
53 179
53 180
53 186
53 187
53 193
53 194
60 5
60 12
60 19
60 26
60 33
60 40
60 47
60 54
60 61
60 67
60 68
60 74
60 75
60 81
60 82
60 88
60 89
60 95
60 96
60 102
60 103
60 109
60 110
60 116
60 117
60 123
60 124
60 130
60 131
60 137
60 138
60 144
60 145
60 151
60 152
60 158
60 159
60 165
60 166
60 172
60 173
60 179
60 180
60 186
60 187
60 193
60 194
67 5
67 12
67 19
67 26
67 33
67 40
67 47
67 54
67 61
67 68
67 74
67 75
67 81
67 82
67 88
67 89
67 95
67 96
67 102
67 103
67 109
67 110
67 116
67 117
67 123
67 124
67 130
67 131
67 137
67 138
67 144
67 145
67 151
67 152
67 158
67 159
67 165
67 166
67 172
67 173
67 179
67 180
67 186
67 187
67 193
67 194
74 5
74 12
74 19
74 26
74 33
74 40
74 47
74 54
74 61
74 68
74 75
74 81
74 82
74 88
74 89
74 95
74 96
74 102
74 103
74 109
74 110
74 116
74 117
74 123
74 124
74 130
74 131
74 137
74 138
74 144
74 145
74 151
74 152
74 158
74 159
74 165
74 166
74 172
74 173
74 179
74 180
74 186
74 187
74 193
74 194
81 5
81 12
81 19
81 26
81 33
81 40
81 47
81 54
81 61
81 68
81 75
81 82
81 88
81 89
81 95
81 96
81 102
81 103
81 109
81 110
81 116
81 117
81 123
81 124
81 130
81 131
81 137
81 138
81 144
81 145
81 151
81 152
81 158
81 159
81 165
81 166
81 172
81 173
81 179
81 180
81 186
81 187
81 193
81 194
88 5
88 12
88 19
88 26
88 33
88 40
88 47
88 54
88 61
88 68
88 75
88 82
88 89
88 95
88 96
88 102
88 103
88 109
88 110
88 116
88 117
88 123
88 124
88 130
88 131
88 137
88 138
88 144
88 145
88 151
88 152
88 158
88 159
88 165
88 166
88 172
88 173
88 179
88 180
88 186
88 187
88 193
88 194
95 5
95 12
95 19
95 26
95 33
95 40
95 47
95 54
95 61
95 68
95 75
95 82
95 89
95 96
95 102
95 103
95 109
95 110
95 116
95 117
95 123
95 124
95 130
95 131
95 137
95 138
95 144
95 145
95 151
95 152
95 158
95 159
95 165
95 166
95 172
95 173
95 179
95 180
95 186
95 187
95 193
95 194
102 5
102 12
102 19
102 26
102 33
102 40
102 47
102 54
102 61
102 68
102 75
102 82
102 89
102 96
102 103
102 109
102 110
102 116
102 117
102 123
102 124
102 130
102 131
102 137
102 138
102 144
102 145
102 151
102 152
102 158
102 159
102 165
102 166
102 172
102 173
102 179
102 180
102 186
102 187
102 193
102 194
109 5
109 12
109 19
109 26
109 33
109 40
109 47
109 54
109 61
109 68
109 75
109 82
109 89
109 96
109 103
109 110
109 116
109 117
109 123
109 124
109 130
109 131
109 137
109 138
109 144
109 145
109 151
109 152
109 158
109 159
109 165
109 166
109 172
109 173
109 179
109 180
109 186
109 187
109 193
109 194
116 5
116 12
116 19
116 26
116 33
116 40
116 47
116 54
116 61
116 68
116 75
116 82
116 89
116 96
116 103
116 110
116 117
116 123
116 124
116 130
116 131
116 137
116 138
116 144
116 145
116 151
116 152
116 158
116 159
116 165
116 166
116 172
116 173
116 179
116 180
116 186
116 187
116 193
116 194
123 5
123 12
123 19
123 26
123 33
123 40
123 47
123 54
123 61
123 68
123 75
123 82
123 89
123 96
123 103
123 110
123 117
123 124
123 130
123 131
123 137
123 138
123 144
123 145
123 151
123 152
123 158
123 159
123 165
123 166
123 172
123 173
123 179
123 180
123 186
123 187
123 193
123 194
130 5
130 12
130 19
130 26
130 33
130 40
130 47
130 54
130 61
130 68
130 75
130 82
130 89
130 96
130 103
130 110
130 117
130 124
130 131
130 137
130 138
130 144
130 145
130 151
130 152
130 158
130 159
130 165
130 166
130 172
130 173
130 179
130 180
130 186
130 187
130 193
130 194
137 5
137 12
137 19
137 26
137 33
137 40
137 47
137 54
137 61
137 68
137 75
137 82
137 89
137 96
137 103
137 110
137 117
137 124
137 131
137 138
137 144
137 145
137 151
137 152
137 158
137 159
137 165
137 166
137 172
137 173
137 179
137 180
137 186
137 187
137 193
137 194
144 5
144 12
144 19
144 26
144 33
144 40
144 47
144 54
144 61
144 68
144 75
144 82
144 89
144 96
144 103
144 110
144 117
144 124
144 131
144 138
144 145
144 151
144 152
144 158
144 159
144 165
144 166
144 172
144 173
144 179
144 180
144 186
144 187
144 193
144 194
151 5
151 12
151 19
151 26
151 33
151 40
151 47
151 54
151 61
151 68
151 75
151 82
151 89
151 96
151 103
151 110
151 117
151 124
151 131
151 138
151 145
151 152
151 158
151 159
151 165
151 166
151 172
151 173
151 179
151 180
151 186
151 187
151 193
151 194
158 5
158 12
158 19
158 26
158 33
158 40
158 47
158 54
158 61
158 68
158 75
158 82
158 89
158 96
158 103
158 110
158 117
158 124
158 131
158 138
158 145
158 152
158 159
158 165
158 166
158 172
158 173
158 179
158 180
158 186
158 187
158 193
158 194
165 5
165 12
165 19
165 26
165 33
165 40
165 47
165 54
165 61
165 68
165 75
165 82
165 89
165 96
165 103
165 110
165 117
165 124
165 131
165 138
165 145
165 152
165 159
165 166
165 172
165 173
165 179
165 180
165 186
165 187
165 193
165 194
172 5
172 12
172 19
172 26
172 33
172 40
172 47
172 54
172 61
172 68
172 75
172 82
172 89
172 96
172 103
172 110
172 117
172 124
172 131
172 138
172 145
172 152
172 159
172 166
172 173
172 179
172 180
172 186
172 187
172 193
172 194
179 5
179 12
179 19
179 26
179 33
179 40
179 47
179 54
179 61
179 68
179 75
179 82
179 89
179 96
179 103
179 110
179 117
179 124
179 131
179 138
179 145
179 152
179 159
179 166
179 173
179 180
179 186
179 187
179 193
179 194
186 5
186 12
186 19
186 26
186 33
186 40
186 47
186 54
186 61
186 68
186 75
186 82
186 89
186 96
186 103
186 110
186 117
186 124
186 131
186 138
186 145
186 152
186 159
186 166
186 173
186 180
186 187
186 193
186 194
193 5
193 12
193 19
193 26
193 33
193 40
193 47
193 54
193 61
193 68
193 75
193 82
193 89
193 96
193 103
193 110
193 117
193 124
193 131
193 138
193 145
193 152
193 159
193 166
193 173
193 180
193 187
193 194
5 12
5 19
5 26
5 33
5 40
5 47
5 54
5 61
5 68
5 75
5 82
5 89
5 96
5 103
5 110
5 117
5 124
5 131
5 138
5 145
5 152
5 159
5 166
5 173
5 180
5 187
5 194
12 19
12 26
12 33
12 40
12 47
12 54
12 61
12 68
12 75
12 82
12 89
12 96
12 103
12 110
12 117
12 124
12 131
12 138
12 145
12 152
12 159
12 166
12 173
12 180
12 187
12 194
19 26
19 33
19 40
19 47
19 54
19 61
19 68
19 75
19 82
19 89
19 96
19 103
19 110
19 117
19 124
19 131
19 138
19 145
19 152
19 159
19 166
19 173
19 180
19 187
19 194
26 33
26 40
26 47
26 54
26 61
26 68
26 75
26 82
26 89
26 96
26 103
26 110
26 117
26 124
26 131
26 138
26 145
26 152
26 159
26 166
26 173
26 180
26 187
26 194
33 40
33 47
33 54
33 61
33 68
33 75
33 82
33 89
33 96
33 103
33 110
33 117
33 124
33 131
33 138
33 145
33 152
33 159
33 166
33 173
33 180
33 187
33 194
40 47
40 54
40 61
40 68
40 75
40 82
40 89
40 96
40 103
40 110
40 117
40 124
40 131
40 138
40 145
40 152
40 159
40 166
40 173
40 180
40 187
40 194
47 54
47 61
47 68
47 75
47 82
47 89
47 96
47 103
47 110
47 117
47 124
47 131
47 138
47 145
47 152
47 159
47 166
47 173
47 180
47 187
47 194
54 61
54 68
54 75
54 82
54 89
54 96
54 103
54 110
54 117
54 124
54 131
54 138
54 145
54 152
54 159
54 166
54 173
54 180
54 187
54 194
61 68
61 75
61 82
61 89
61 96
61 103
61 110
61 117
61 124
61 131
61 138
61 145
61 152
61 159
61 166
61 173
61 180
61 187
61 194
68 75
68 82
68 89
68 96
68 103
68 110
68 117
68 124
68 131
68 138
68 145
68 152
68 159
68 166
68 173
68 180
68 187
68 194
75 82
75 89
75 96
75 103
75 110
75 117
75 124
75 131
75 138
75 145
75 152
75 159
75 166
75 173
75 180
75 187
75 194
82 89
82 96
82 103
82 110
82 117
82 124
82 131
82 138
82 145
82 152
82 159
82 166
82 173
82 180
82 187
82 194
89 96
89 103
89 110
89 117
89 124
89 131
89 138
89 145
89 152
89 159
89 166
89 173
89 180
89 187
89 194
96 103
96 110
96 117
96 124
96 131
96 138
96 145
96 152
96 159
96 166
96 173
96 180
96 187
96 194
103 110
103 117
103 124
103 131
103 138
103 145
103 152
103 159
103 166
103 173
103 180
103 187
103 194
110 117
110 124
110 131
110 138
110 145
110 152
110 159
110 166
110 173
110 180
110 187
110 194
117 124
117 131
117 138
117 145
117 152
117 159
117 166
117 173
117 180
117 187
117 194
124 131
124 138
124 145
124 152
124 159
124 166
124 173
124 180
124 187
124 194
131 138
131 145
131 152
131 159
131 166
131 173
131 180
131 187
131 194
138 145
138 152
138 159
138 166
138 173
138 180
138 187
138 194
145 152
145 159
145 166
145 173
145 180
145 187
145 194
152 159
152 166
152 173
152 180
152 187
152 194
159 166
159 173
159 180
159 187
159 194
166 173
166 180
166 187
166 194
173 180
173 187
173 194
180 187
180 194
187 194
