200 3235
0 1
0 17
0 18
0 19
0 35
0 36
0 37
0 53
0 54
0 55
0 71
0 72
0 73
0 89
0 90
0 91
0 107
0 108
0 109
0 125
0 126
0 127
0 143
0 144
0 145
0 161
0 162
0 163
0 179
0 180
0 181
0 197
0 198
0 199
1 2
1 18
1 19
1 20
1 36
1 37
1 38
1 54
1 55
1 56
1 72
1 73
1 74
1 90
1 91
1 92
1 108
1 109
1 110
1 126
1 127
1 128
1 144
1 145
1 146
1 162
1 163
1 164
1 180
1 181
1 182
1 198
1 199
17 16
17 18
17 34
17 35
17 36
17 52
17 53
17 54
17 70
17 71
17 72
17 88
17 89
17 90
17 106
17 107
17 108
17 124
17 125
17 126
17 142
17 143
17 144
17 160
17 161
17 162
17 178
17 179
17 180
17 196
17 197
17 198
18 19
18 35
18 36
18 37
18 53
18 54
18 55
18 71
18 72
18 73
18 89
18 90
18 91
18 107
18 108
18 109
18 125
18 126
18 127
18 143
18 144
18 145
18 161
18 162
18 163
18 179
18 180
18 181
18 197
18 198
18 199
19 2
19 20
19 36
19 37
19 38
19 54
19 55
19 56
19 72
19 73
19 74
19 90
19 91
19 92
19 108
19 109
19 110
19 126
19 127
19 128
19 144
19 145
19 146
19 162
19 163
19 164
19 180
19 181
19 182
19 198
19 199
35 16
35 34
35 36
35 52
35 53
35 54
35 70
35 71
35 72
35 88
35 89
35 90
35 106
35 107
35 108
35 124
35 125
35 126
35 142
35 143
35 144
35 160
35 161
35 162
35 178
35 179
35 180
35 196
35 197
35 198
36 37
36 53
36 54
36 55
36 71
36 72
36 73
36 89
36 90
36 91
36 107
36 108
36 109
36 125
36 126
36 127
36 143
36 144
36 145
36 161
36 162
36 163
36 179
36 180
36 181
36 197
36 198
36 199
37 2
37 20
37 38
37 54
37 55
37 56
37 72
37 73
37 74
37 90
37 91
37 92
37 108
37 109
37 110
37 126
37 127
37 128
37 144
37 145
37 146
37 162
37 163
37 164
37 180
37 181
37 182
37 198
37 199
53 16
53 34
53 52
53 54
53 70
53 71
53 72
53 88
53 89
53 90
53 106
53 107
53 108
53 124
53 125
53 126
53 142
53 143
53 144
53 160
53 161
53 162
53 178
53 179
53 180
53 196
53 197
53 198
54 55
54 71
54 72
54 73
54 89
54 90
54 91
54 107
54 108
54 109
54 125
54 126
54 127
54 143
54 144
54 145
54 161
54 162
54 163
54 179
54 180
54 181
54 197
54 198
54 199
55 2
55 20
55 38
55 56
55 72
55 73
55 74
55 90
55 91
55 92
55 108
55 109
55 110
55 126
55 127
55 128
55 144
55 145
55 146
55 162
55 163
55 164
55 180
55 181
55 182
55 198
55 199
71 16
71 34
71 52
71 70
71 72
71 88
71 89
71 90
71 106
71 107
71 108
71 124
71 125
71 126
71 142
71 143
71 144
71 160
71 161
71 162
71 178
71 179
71 180
71 196
71 197
71 198
72 73
72 89
72 90
72 91
72 107
72 108
72 109
72 125
72 126
72 127
72 143
72 144
72 145
72 161
72 162
72 163
72 179
72 180
72 181
72 197
72 198
72 199
73 2
73 20
73 38
73 56
73 74
73 90
73 91
73 92
73 108
73 109
73 110
73 126
73 127
73 128
73 144
73 145
73 146
73 162
73 163
73 164
73 180
73 181
73 182
73 198
73 199
89 16
89 34
89 52
89 70
89 88
89 90
89 106
89 107
89 108
89 124
89 125
89 126
89 142
89 143
89 144
89 160
89 161
89 162
89 178
89 179
89 180
89 196
89 197
89 198
90 91
90 107
90 108
90 109
90 125
90 126
90 127
90 143
90 144
90 145
90 161
90 162
90 163
90 179
90 180
90 181
90 197
90 198
90 199
91 2
91 20
91 38
91 56
91 74
91 92
91 108
91 109
91 110
91 126
91 127
91 128
91 144
91 145
91 146
91 162
91 163
91 164
91 180
91 181
91 182
91 198
91 199
107 16
107 34
107 52
107 70
107 88
107 106
107 108
107 124
107 125
107 126
107 142
107 143
107 144
107 160
107 161
107 162
107 178
107 179
107 180
107 196
107 197
107 198
108 109
108 125
108 126
108 127
108 143
108 144
108 145
108 161
108 162
108 163
108 179
108 180
108 181
108 197
108 198
108 199
109 2
109 20
109 38
109 56
109 74
109 92
109 110
109 126
109 127
109 128
109 144
109 145
109 146
109 162
109 163
109 164
109 180
109 181
109 182
109 198
109 199
125 16
125 34
125 52
125 70
125 88
125 106
125 124
125 126
125 142
125 143
125 144
125 160
125 161
125 162
125 178
125 179
125 180
125 196
125 197
125 198
126 127
126 143
126 144
126 145
126 161
126 162
126 163
126 179
126 180
126 181
126 197
126 198
126 199
127 2
127 20
127 38
127 56
127 74
127 92
127 110
127 128
127 144
127 145
127 146
127 162
127 163
127 164
127 180
127 181
127 182
127 198
127 199
143 16
143 34
143 52
143 70
143 88
143 106
143 124
143 142
143 144
143 160
143 161
143 162
143 178
143 179
143 180
143 196
143 197
143 198
144 145
144 161
144 162
144 163
144 179
144 180
144 181
144 197
144 198
144 199
145 2
145 20
145 38
145 56
145 74
145 92
145 110
145 128
145 146
145 162
145 163
145 164
145 180
145 181
145 182
145 198
145 199
161 16
161 34
161 52
161 70
161 88
161 106
161 124
161 142
161 160
161 162
161 178
161 179
161 180
161 196
161 197
161 198
162 163
162 179
162 180
162 181
162 197
162 198
162 199
163 2
163 20
163 38
163 56
163 74
163 92
163 110
163 128
163 146
163 164
163 180
163 181
163 182
163 198
163 199
179 16
179 34
179 52
179 70
179 88
179 106
179 124
179 142
179 160
179 178
179 180
179 196
179 197
179 198
180 181
180 197
180 198
180 199
181 2
181 20
181 38
181 56
181 74
181 92
181 110
181 128
181 146
181 164
181 182
181 198
181 199
197 16
197 34
197 52
197 70
197 88
197 106
197 124
197 142
197 160
197 178
197 196
197 198
198 199
199 2
199 20
199 38
199 56
199 74
199 92
199 110
199 128
199 146
199 164
199 182
2 3
2 20
2 21
2 38
2 39
2 56
2 57
2 74
2 75
2 92
2 93
2 110
2 111
2 128
2 129
2 146
2 147
2 164
2 165
2 182
2 183
20 3
20 21
20 38
20 39
20 56
20 57
20 74
20 75
20 92
20 93
20 110
20 111
20 128
20 129
20 146
20 147
20 164
20 165
20 182
20 183
38 3
38 21
38 39
38 56
38 57
38 74
38 75
38 92
38 93
38 110
38 111
38 128
38 129
38 146
38 147
38 164
38 165
38 182
38 183
56 3
56 21
56 39
56 57
56 74
56 75
56 92
56 93
56 110
56 111
56 128
56 129
56 146
56 147
56 164
56 165
56 182
56 183
74 3
74 21
74 39
74 57
74 75
74 92
74 93
74 110
74 111
74 128
74 129
74 146
74 147
74 164
74 165
74 182
74 183
92 3
92 21
92 39
92 57
92 75
92 93
92 110
92 111
92 128
92 129
92 146
92 147
92 164
92 165
92 182
92 183
110 3
110 21
110 39
110 57
110 75
110 93
110 111
110 128
110 129
110 146
110 147
110 164
110 165
110 182
110 183
128 3
128 21
128 39
128 57
128 75
128 93
128 111
128 129
128 146
128 147
128 164
128 165
128 182
128 183
146 3
146 21
146 39
146 57
146 75
146 93
146 111
146 129
146 147
146 164
146 165
146 182
146 183
164 3
164 21
164 39
164 57
164 75
164 93
164 111
164 129
164 147
164 165
164 182
164 183
182 3
182 21
182 39
182 57
182 75
182 93
182 111
182 129
182 147
182 165
182 183
3 4
3 21
3 22
3 39
3 40
3 57
3 58
3 75
3 76
3 93
3 94
3 111
3 112
3 129
3 130
3 147
3 148
3 165
3 166
3 183
3 184
21 4
21 22
21 39
21 40
21 57
21 58
21 75
21 76
21 93
21 94
21 111
21 112
21 129
21 130
21 147
21 148
21 165
21 166
21 183
21 184
39 4
39 22
39 40
39 57
39 58
39 75
39 76
39 93
39 94
39 111
39 112
39 129
39 130
39 147
39 148
39 165
39 166
39 183
39 184
57 4
57 22
57 40
57 58
57 75
57 76
57 93
57 94
57 111
57 112
57 129
57 130
57 147
57 148
57 165
57 166
57 183
57 184
75 4
75 22
75 40
75 58
75 76
75 93
75 94
75 111
75 112
75 129
75 130
75 147
75 148
75 165
75 166
75 183
75 184
93 4
93 22
93 40
93 58
93 76
93 94
93 111
93 112
93 129
93 130
93 147
93 148
93 165
93 166
93 183
93 184
111 4
111 22
111 40
111 58
111 76
111 94
111 112
111 129
111 130
111 147
111 148
111 165
111 166
111 183
111 184
129 4
129 22
129 40
129 58
129 76
129 94
129 112
129 130
129 147
129 148
129 165
129 166
129 183
129 184
147 4
147 22
147 40
147 58
147 76
147 94
147 112
147 130
147 148
147 165
147 166
147 183
147 184
165 4
165 22
165 40
165 58
165 76
165 94
165 112
165 130
165 148
165 166
165 183
165 184
183 4
183 22
183 40
183 58
183 76
183 94
183 112
183 130
183 148
183 166
183 184
4 5
4 22
4 23
4 40
4 41
4 58
4 59
4 76
4 77
4 94
4 95
4 112
4 113
4 130
4 131
4 148
4 149
4 166
4 167
4 184
4 185
22 5
22 23
22 40
22 41
22 58
22 59
22 76
22 77
22 94
22 95
22 112
22 113
22 130
22 131
22 148
22 149
22 166
22 167
22 184
22 185
40 5
40 23
40 41
40 58
40 59
40 76
40 77
40 94
40 95
40 112
40 113
40 130
40 131
40 148
40 149
40 166
40 167
40 184
40 185
58 5
58 23
58 41
58 59
58 76
58 77
58 94
58 95
58 112
58 113
58 130
58 131
58 148
58 149
58 166
58 167
58 184
58 185
76 5
76 23
76 41
76 59
76 77
76 94
76 95
76 112
76 113
76 130
76 131
76 148
76 149
76 166
76 167
76 184
76 185
94 5
94 23
94 41
94 59
94 77
94 95
94 112
94 113
94 130
94 131
94 148
94 149
94 166
94 167
94 184
94 185
112 5
112 23
112 41
112 59
112 77
112 95
112 113
112 130
112 131
112 148
112 149
112 166
112 167
112 184
112 185
130 5
130 23
130 41
130 59
130 77
130 95
130 113
130 131
130 148
130 149
130 166
130 167
130 184
130 185
148 5
148 23
148 41
148 59
148 77
148 95
148 113
148 131
148 149
148 166
148 167
148 184
148 185
166 5
166 23
166 41
166 59
166 77
166 95
166 113
166 131
166 149
166 167
166 184
166 185
184 5
184 23
184 41
184 59
184 77
184 95
184 113
184 131
184 149
184 167
184 185
5 6
5 23
5 24
5 41
5 42
5 59
5 60
5 77
5 78
5 95
5 96
5 113
5 114
5 131
5 132
5 149
5 150
5 167
5 168
5 185
5 186
23 6
23 24
23 41
23 42
23 59
23 60
23 77
23 78
23 95
23 96
23 113
23 114
23 131
23 132
23 149
23 150
23 167
23 168
23 185
23 186
41 6
41 24
41 42
41 59
41 60
41 77
41 78
41 95
41 96
41 113
41 114
41 131
41 132
41 149
41 150
41 167
41 168
41 185
41 186
59 6
59 24
59 42
59 60
59 77
59 78
59 95
59 96
59 113
59 114
59 131
59 132
59 149
59 150
59 167
59 168
59 185
59 186
77 6
77 24
77 42
77 60
77 78
77 95
77 96
77 113
77 114
77 131
77 132
77 149
77 150
77 167
77 168
77 185
77 186
95 6
95 24
95 42
95 60
95 78
95 96
95 113
95 114
95 131
95 132
95 149
95 150
95 167
95 168
95 185
95 186
113 6
113 24
113 42
113 60
113 78
113 96
113 114
113 131
113 132
113 149
113 150
113 167
113 168
113 185
113 186
131 6
131 24
131 42
131 60
131 78
131 96
131 114
131 132
131 149
131 150
131 167
131 168
131 185
131 186
149 6
149 24
149 42
149 60
149 78
149 96
149 114
149 132
149 150
149 167
149 168
149 185
149 186
167 6
167 24
167 42
167 60
167 78
167 96
167 114
167 132
167 150
167 168
167 185
167 186
185 6
185 24
185 42
185 60
185 78
185 96
185 114
185 132
185 150
185 168
185 186
6 7
6 24
6 25
6 42
6 43
6 60
6 61
6 78
6 79
6 96
6 97
6 114
6 115
6 132
6 133
6 150
6 151
6 168
6 169
6 186
6 187
24 7
24 25
24 42
24 43
24 60
24 61
24 78
24 79
24 96
24 97
24 114
24 115
24 132
24 133
24 150
24 151
24 168
24 169
24 186
24 187
42 7
42 25
42 43
42 60
42 61
42 78
42 79
42 96
42 97
42 114
42 115
42 132
42 133
42 150
42 151
42 168
42 169
42 186
42 187
60 7
60 25
60 43
60 61
60 78
60 79
60 96
60 97
60 114
60 115
60 132
60 133
60 150
60 151
60 168
60 169
60 186
60 187
78 7
78 25
78 43
78 61
78 79
78 96
78 97
78 114
78 115
78 132
78 133
78 150
78 151
78 168
78 169
78 186
78 187
96 7
96 25
96 43
96 61
96 79
96 97
96 114
96 115
96 132
96 133
96 150
96 151
96 168
96 169
96 186
96 187
114 7
114 25
114 43
114 61
114 79
114 97
114 115
114 132
114 133
114 150
114 151
114 168
114 169
114 186
114 187
132 7
132 25
132 43
132 61
132 79
132 97
132 115
132 133
132 150
132 151
132 168
132 169
132 186
132 187
150 7
150 25
150 43
150 61
150 79
150 97
150 115
150 133
150 151
150 168
150 169
150 186
150 187
168 7
168 25
168 43
168 61
168 79
168 97
168 115
168 133
168 151
168 169
168 186
168 187
186 7
186 25
186 43
186 61
186 79
186 97
186 115
186 133
186 151
186 169
186 187
7 8
7 25
7 26
7 43
7 44
7 61
7 62
7 79
7 80
7 97
7 98
7 115
7 116
7 133
7 134
7 151
7 152
7 169
7 170
7 187
7 188
25 8
25 26
25 43
25 44
25 61
25 62
25 79
25 80
25 97
25 98
25 115
25 116
25 133
25 134
25 151
25 152
25 169
25 170
25 187
25 188
43 8
43 26
43 44
43 61
43 62
43 79
43 80
43 97
43 98
43 115
43 116
43 133
43 134
43 151
43 152
43 169
43 170
43 187
43 188
61 8
61 26
61 44
61 62
61 79
61 80
61 97
61 98
61 115
61 116
61 133
61 134
61 151
61 152
61 169
61 170
61 187
61 188
79 8
79 26
79 44
79 62
79 80
79 97
79 98
79 115
79 116
79 133
79 134
79 151
79 152
79 169
79 170
79 187
79 188
97 8
97 26
97 44
97 62
97 80
97 98
97 115
97 116
97 133
97 134
97 151
97 152
97 169
97 170
97 187
97 188
115 8
115 26
115 44
115 62
115 80
115 98
115 116
115 133
115 134
115 151
115 152
115 169
115 170
115 187
115 188
133 8
133 26
133 44
133 62
133 80
133 98
133 116
133 134
133 151
133 152
133 169
133 170
133 187
133 188
151 8
151 26
151 44
151 62
151 80
151 98
151 116
151 134
151 152
151 169
151 170
151 187
151 188
169 8
169 26
169 44
169 62
169 80
169 98
169 116
169 134
169 152
169 170
169 187
169 188
187 8
187 26
187 44
187 62
187 80
187 98
187 116
187 134
187 152
187 170
187 188
8 9
8 26
8 27
8 44
8 45
8 62
8 63
8 80
8 81
8 98
8 99
8 116
8 117
8 134
8 135
8 152
8 153
8 170
8 171
8 188
8 189
26 9
26 27
26 44
26 45
26 62
26 63
26 80
26 81
26 98
26 99
26 116
26 117
26 134
26 135
26 152
26 153
26 170
26 171
26 188
26 189
44 9
44 27
44 45
44 62
44 63
44 80
44 81
44 98
44 99
44 116
44 117
44 134
44 135
44 152
44 153
44 170
44 171
44 188
44 189
62 9
62 27
62 45
62 63
62 80
62 81
62 98
62 99
62 116
62 117
62 134
62 135
62 152
62 153
62 170
62 171
62 188
62 189
80 9
80 27
80 45
80 63
80 81
80 98
80 99
80 116
80 117
80 134
80 135
80 152
80 153
80 170
80 171
80 188
80 189
98 9
98 27
98 45
98 63
98 81
98 99
98 116
98 117
98 134
98 135
98 152
98 153
98 170
98 171
98 188
98 189
116 9
116 27
116 45
116 63
116 81
116 99
116 117
116 134
116 135
116 152
116 153
116 170
116 171
116 188
116 189
134 9
134 27
134 45
134 63
134 81
134 99
134 117
134 135
134 152
134 153
134 170
134 171
134 188
134 189
152 9
152 27
152 45
152 63
152 81
152 99
152 117
152 135
152 153
152 170
152 171
152 188
152 189
170 9
170 27
170 45
170 63
170 81
170 99
170 117
170 135
170 153
170 171
170 188
170 189
188 9
188 27
188 45
188 63
188 81
188 99
188 117
188 135
188 153
188 171
188 189
9 10
9 27
9 28
9 45
9 46
9 63
9 64
9 81
9 82
9 99
9 100
9 117
9 118
9 135
9 136
9 153
9 154
9 171
9 172
9 189
9 190
27 10
27 28
27 45
27 46
27 63
27 64
27 81
27 82
27 99
27 100
27 117
27 118
27 135
27 136
27 153
27 154
27 171
27 172
27 189
27 190
45 10
45 28
45 46
45 63
45 64
45 81
45 82
45 99
45 100
45 117
45 118
45 135
45 136
45 153
45 154
45 171
45 172
45 189
45 190
63 10
63 28
63 46
63 64
63 81
63 82
63 99
63 100
63 117
63 118
63 135
63 136
63 153
63 154
63 171
63 172
63 189
63 190
81 10
81 28
81 46
81 64
81 82
81 99
81 100
81 117
81 118
81 135
81 136
81 153
81 154
81 171
81 172
81 189
81 190
99 10
99 28
99 46
99 64
99 82
99 100
99 117
99 118
99 135
99 136
99 153
99 154
99 171
99 172
99 189
99 190
117 10
117 28
117 46
117 64
117 82
117 100
117 118
117 135
117 136
117 153
117 154
117 171
117 172
117 189
117 190
135 10
135 28
135 46
135 64
135 82
135 100
135 118
135 136
135 153
135 154
135 171
135 172
135 189
135 190
153 10
153 28
153 46
153 64
153 82
153 100
153 118
153 136
153 154
153 171
153 172
153 189
153 190
171 10
171 28
171 46
171 64
171 82
171 100
171 118
171 136
171 154
171 172
171 189
171 190
189 10
189 28
189 46
189 64
189 82
189 100
189 118
189 136
189 154
189 172
189 190
10 11
10 28
10 29
10 46
10 47
10 64
10 65
10 82
10 83
10 100
10 101
10 118
10 119
10 136
10 137
10 154
10 155
10 172
10 173
10 190
10 191
28 11
28 29
28 46
28 47
28 64
28 65
28 82
28 83
28 100
28 101
28 118
28 119
28 136
28 137
28 154
28 155
28 172
28 173
28 190
28 191
46 11
46 29
46 47
46 64
46 65
46 82
46 83
46 100
46 101
46 118
46 119
46 136
46 137
46 154
46 155
46 172
46 173
46 190
46 191
64 11
64 29
64 47
64 65
64 82
64 83
64 100
64 101
64 118
64 119
64 136
64 137
64 154
64 155
64 172
64 173
64 190
64 191
82 11
82 29
82 47
82 65
82 83
82 100
82 101
82 118
82 119
82 136
82 137
82 154
82 155
82 172
82 173
82 190
82 191
100 11
100 29
100 47
100 65
100 83
100 101
100 118
100 119
100 136
100 137
100 154
100 155
100 172
100 173
100 190
100 191
118 11
118 29
118 47
118 65
118 83
118 101
118 119
118 136
118 137
118 154
118 155
118 172
118 173
118 190
118 191
136 11
136 29
136 47
136 65
136 83
136 101
136 119
136 137
136 154
136 155
136 172
136 173
136 190
136 191
154 11
154 29
154 47
154 65
154 83
154 101
154 119
154 137
154 155
154 172
154 173
154 190
154 191
172 11
172 29
172 47
172 65
172 83
172 101
172 119
172 137
172 155
172 173
172 190
172 191
190 11
190 29
190 47
190 65
190 83
190 101
190 119
190 137
190 155
190 173
190 191
11 12
11 29
11 30
11 47
11 48
11 65
11 66
11 83
11 84
11 101
11 102
11 119
11 120
11 137
11 138
11 155
11 156
11 173
11 174
11 191
11 192
29 12
29 30
29 47
29 48
29 65
29 66
29 83
29 84
29 101
29 102
29 119
29 120
29 137
29 138
29 155
29 156
29 173
29 174
29 191
29 192
47 12
47 30
47 48
47 65
47 66
47 83
47 84
47 101
47 102
47 119
47 120
47 137
47 138
47 155
47 156
47 173
47 174
47 191
47 192
65 12
65 30
65 48
65 66
65 83
65 84
65 101
65 102
65 119
65 120
65 137
65 138
65 155
65 156
65 173
65 174
65 191
65 192
83 12
83 30
83 48
83 66
83 84
83 101
83 102
83 119
83 120
83 137
83 138
83 155
83 156
83 173
83 174
83 191
83 192
101 12
101 30
101 48
101 66
101 84
101 102
101 119
101 120
101 137
101 138
101 155
101 156
101 173
101 174
101 191
101 192
119 12
119 30
119 48
119 66
119 84
119 102
119 120
119 137
119 138
119 155
119 156
119 173
119 174
119 191
119 192
137 12
137 30
137 48
137 66
137 84
137 102
137 120
137 138
137 155
137 156
137 173
137 174
137 191
137 192
155 12
155 30
155 48
155 66
155 84
155 102
155 120
155 138
155 156
155 173
155 174
155 191
155 192
173 12
173 30
173 48
173 66
173 84
173 102
173 120
173 138
173 156
173 174
173 191
173 192
191 12
191 30
191 48
191 66
191 84
191 102
191 120
191 138
191 156
191 174
191 192
12 13
12 30
12 31
12 48
12 49
12 66
12 67
12 84
12 85
12 102
12 103
12 120
12 121
12 138
12 139
12 156
12 157
12 174
12 175
12 192
12 193
30 13
30 31
30 48
30 49
30 66
30 67
30 84
30 85
30 102
30 103
30 120
30 121
30 138
30 139
30 156
30 157
30 174
30 175
30 192
30 193
48 13
48 31
48 49
48 66
48 67
48 84
48 85
48 102
48 103
48 120
48 121
48 138
48 139
48 156
48 157
48 174
48 175
48 192
48 193
66 13
66 31
66 49
66 67
66 84
66 85
66 102
66 103
66 120
66 121
66 138
66 139
66 156
66 157
66 174
66 175
66 192
66 193
84 13
84 31
84 49
84 67
84 85
84 102
84 103
84 120
84 121
84 138
84 139
84 156
84 157
84 174
84 175
84 192
84 193
102 13
102 31
102 49
102 67
102 85
102 103
102 120
102 121
102 138
102 139
102 156
102 157
102 174
102 175
102 192
102 193
120 13
120 31
120 49
120 67
120 85
120 103
120 121
120 138
120 139
120 156
120 157
120 174
120 175
120 192
120 193
138 13
138 31
138 49
138 67
138 85
138 103
138 121
138 139
138 156
138 157
138 174
138 175
138 192
138 193
156 13
156 31
156 49
156 67
156 85
156 103
156 121
156 139
156 157
156 174
156 175
156 192
156 193
174 13
174 31
174 49
174 67
174 85
174 103
174 121
174 139
174 157
174 175
174 192
174 193
192 13
192 31
192 49
192 67
192 85
192 103
192 121
192 139
192 157
192 175
192 193
13 14
13 31
13 32
13 49
13 50
13 67
13 68
13 85
13 86
13 103
13 104
13 121
13 122
13 139
13 140
13 157
13 158
13 175
13 176
13 193
13 194
31 14
31 32
31 49
31 50
31 67
31 68
31 85
31 86
31 103
31 104
31 121
31 122
31 139
31 140
31 157
31 158
31 175
31 176
31 193
31 194
49 14
49 32
49 50
49 67
49 68
49 85
49 86
49 103
49 104
49 121
49 122
49 139
49 140
49 157
49 158
49 175
49 176
49 193
49 194
67 14
67 32
67 50
67 68
67 85
67 86
67 103
67 104
67 121
67 122
67 139
67 140
67 157
67 158
67 175
67 176
67 193
67 194
85 14
85 32
85 50
85 68
85 86
85 103
85 104
85 121
85 122
85 139
85 140
85 157
85 158
85 175
85 176
85 193
85 194
103 14
103 32
103 50
103 68
103 86
103 104
103 121
103 122
103 139
103 140
103 157
103 158
103 175
103 176
103 193
103 194
121 14
121 32
121 50
121 68
121 86
121 104
121 122
121 139
121 140
121 157
121 158
121 175
121 176
121 193
121 194
139 14
139 32
139 50
139 68
139 86
139 104
139 122
139 140
139 157
139 158
139 175
139 176
139 193
139 194
157 14
157 32
157 50
157 68
157 86
157 104
157 122
157 140
157 158
157 175
157 176
157 193
157 194
175 14
175 32
175 50
175 68
175 86
175 104
175 122
175 140
175 158
175 176
175 193
175 194
193 14
193 32
193 50
193 68
193 86
193 104
193 122
193 140
193 158
193 176
193 194
14 15
14 32
14 33
14 50
14 51
14 68
14 69
14 86
14 87
14 104
14 105
14 122
14 123
14 140
14 141
14 158
14 159
14 176
14 177
14 194
14 195
32 15
32 33
32 50
32 51
32 68
32 69
32 86
32 87
32 104
32 105
32 122
32 123
32 140
32 141
32 158
32 159
32 176
32 177
32 194
32 195
50 15
50 33
50 51
50 68
50 69
50 86
50 87
50 104
50 105
50 122
50 123
50 140
50 141
50 158
50 159
50 176
50 177
50 194
50 195
68 15
68 33
68 51
68 69
68 86
68 87
68 104
68 105
68 122
68 123
68 140
68 141
68 158
68 159
68 176
68 177
68 194
68 195
86 15
86 33
86 51
86 69
86 87
86 104
86 105
86 122
86 123
86 140
86 141
86 158
86 159
86 176
86 177
86 194
86 195
104 15
104 33
104 51
104 69
104 87
104 105
104 122
104 123
104 140
104 141
104 158
104 159
104 176
104 177
104 194
104 195
122 15
122 33
122 51
122 69
122 87
122 105
122 123
122 140
122 141
122 158
122 159
122 176
122 177
122 194
122 195
140 15
140 33
140 51
140 69
140 87
140 105
140 123
140 141
140 158
140 159
140 176
140 177
140 194
140 195
158 15
158 33
158 51
158 69
158 87
158 105
158 123
158 141
158 159
158 176
158 177
158 194
158 195
176 15
176 33
176 51
176 69
176 87
176 105
176 123
176 141
176 159
176 177
176 194
176 195
194 15
194 33
194 51
194 69
194 87
194 105
194 123
194 141
194 159
194 177
194 195
15 16
15 33
15 34
15 51
15 52
15 69
15 70
15 87
15 88
15 105
15 106
15 123
15 124
15 141
15 142
15 159
15 160
15 177
15 178
15 195
15 196
33 16
33 34
33 51
33 52
33 69
33 70
33 87
33 88
33 105
33 106
33 123
33 124
33 141
33 142
33 159
33 160
33 177
33 178
33 195
33 196
51 16
51 34
51 52
51 69
51 70
51 87
51 88
51 105
51 106
51 123
51 124
51 141
51 142
51 159
51 160
51 177
51 178
51 195
51 196
69 16
69 34
69 52
69 70
69 87
69 88
69 105
69 106
69 123
69 124
69 141
69 142
69 159
69 160
69 177
69 178
69 195
69 196
87 16
87 34
87 52
87 70
87 88
87 105
87 106
87 123
87 124
87 141
87 142
87 159
87 160
87 177
87 178
87 195
87 196
105 16
105 34
105 52
105 70
105 88
105 106
105 123
105 124
105 141
105 142
105 159
105 160
105 177
105 178
105 195
105 196
123 16
123 34
123 52
123 70
123 88
123 106
123 124
123 141
123 142
123 159
123 160
123 177
123 178
123 195
123 196
141 16
141 34
141 52
141 70
141 88
141 106
141 124
141 142
141 159
141 160
141 177
141 178
141 195
141 196
159 16
159 34
159 52
159 70
159 88
159 106
159 124
159 142
159 160
159 177
159 178
159 195
159 196
177 16
177 34
177 52
177 70
177 88
177 106
177 124
177 142
177 160
177 178
177 195
177 196
195 16
195 34
195 52
195 70
195 88
195 106
195 124
195 142
195 160
195 178
195 196
16 34
16 52
16 70
16 88
16 106
16 124
16 142
16 160
16 178
16 196
34 52
34 70
34 88
34 106
34 124
34 142
34 160
34 178
34 196
52 70
52 88
52 106
52 124
52 142
52 160
52 178
52 196
70 88
70 106
70 124
70 142
70 160
70 178
70 196
88 106
88 124
88 142
88 160
88 178
88 196
106 124
106 142
106 160
106 178
106 196
124 142
124 160
124 178
124 196
142 160
142 178
142 196
160 178
160 196
178 196
