200 1534
0 1
0 36
0 37
0 38
0 73
0 74
0 75
0 110
0 111
0 112
0 147
0 148
0 149
0 184
0 185
0 186
1 2
1 37
1 38
1 39
1 74
1 75
1 76
1 111
1 112
1 113
1 148
1 149
1 150
1 185
1 186
1 187
36 35
36 37
36 72
36 73
36 74
36 109
36 110
36 111
36 146
36 147
36 148
36 183
36 184
36 185
37 38
37 73
37 74
37 75
37 110
37 111
37 112
37 147
37 148
37 149
37 184
37 185
37 186
38 2
38 39
38 74
38 75
38 76
38 111
38 112
38 113
38 148
38 149
38 150
38 185
38 186
38 187
73 35
73 72
73 74
73 109
73 110
73 111
73 146
73 147
73 148
73 183
73 184
73 185
74 75
74 110
74 111
74 112
74 147
74 148
74 149
74 184
74 185
74 186
75 2
75 39
75 76
75 111
75 112
75 113
75 148
75 149
75 150
75 185
75 186
75 187
110 35
110 72
110 109
110 111
110 146
110 147
110 148
110 183
110 184
110 185
111 112
111 147
111 148
111 149
111 184
111 185
111 186
112 2
112 39
112 76
112 113
112 148
112 149
112 150
112 185
112 186
112 187
147 35
147 72
147 109
147 146
147 148
147 183
147 184
147 185
148 149
148 184
148 185
148 186
149 2
149 39
149 76
149 113
149 150
149 185
149 186
149 187
184 35
184 72
184 109
184 146
184 183
184 185
185 186
186 2
186 39
186 76
186 113
186 150
186 187
2 3
2 39
2 40
2 76
2 77
2 113
2 114
2 150
2 151
2 187
2 188
39 3
39 40
39 76
39 77
39 113
39 114
39 150
39 151
39 187
39 188
76 3
76 40
76 77
76 113
76 114
76 150
76 151
76 187
76 188
113 3
113 40
113 77
113 114
113 150
113 151
113 187
113 188
150 3
150 40
150 77
150 114
150 151
150 187
150 188
187 3
187 40
187 77
187 114
187 151
187 188
3 4
3 40
3 41
3 77
3 78
3 114
3 115
3 151
3 152
3 188
3 189
40 4
40 41
40 77
40 78
40 114
40 115
40 151
40 152
40 188
40 189
77 4
77 41
77 78
77 114
77 115
77 151
77 152
77 188
77 189
114 4
114 41
114 78
114 115
114 151
114 152
114 188
114 189
151 4
151 41
151 78
151 115
151 152
151 188
151 189
188 4
188 41
188 78
188 115
188 152
188 189
4 5
4 41
4 42
4 78
4 79
4 115
4 116
4 152
4 153
4 189
4 190
41 5
41 42
41 78
41 79
41 115
41 116
41 152
41 153
41 189
41 190
78 5
78 42
78 79
78 115
78 116
78 152
78 153
78 189
78 190
115 5
115 42
115 79
115 116
115 152
115 153
115 189
115 190
152 5
152 42
152 79
152 116
152 153
152 189
152 190
189 5
189 42
189 79
189 116
189 153
189 190
5 6
5 42
5 43
5 79
5 80
5 116
5 117
5 153
5 154
5 190
5 191
42 6
42 43
42 79
42 80
42 116
42 117
42 153
42 154
42 190
42 191
79 6
79 43
79 80
79 116
79 117
79 153
79 154
79 190
79 191
116 6
116 43
116 80
116 117
116 153
116 154
116 190
116 191
153 6
153 43
153 80
153 117
153 154
153 190
153 191
190 6
190 43
190 80
190 117
190 154
190 191
6 7
6 43
6 44
6 80
6 81
6 117
6 118
6 154
6 155
6 191
6 192
43 7
43 44
43 80
43 81
43 117
43 118
43 154
43 155
43 191
43 192
80 7
80 44
80 81
80 117
80 118
80 154
80 155
80 191
80 192
117 7
117 44
117 81
117 118
117 154
117 155
117 191
117 192
154 7
154 44
154 81
154 118
154 155
154 191
154 192
191 7
191 44
191 81
191 118
191 155
191 192
7 8
7 44
7 45
7 81
7 82
7 118
7 119
7 155
7 156
7 192
7 193
44 8
44 45
44 81
44 82
44 118
44 119
44 155
44 156
44 192
44 193
81 8
81 45
81 82
81 118
81 119
81 155
81 156
81 192
81 193
118 8
118 45
118 82
118 119
118 155
118 156
118 192
118 193
155 8
155 45
155 82
155 119
155 156
155 192
155 193
192 8
192 45
192 82
192 119
192 156
192 193
8 9
8 45
8 46
8 82
8 83
8 119
8 120
8 156
8 157
8 193
8 194
45 9
45 46
45 82
45 83
45 119
45 120
45 156
45 157
45 193
45 194
82 9
82 46
82 83
82 119
82 120
82 156
82 157
82 193
82 194
119 9
119 46
119 83
119 120
119 156
119 157
119 193
119 194
156 9
156 46
156 83
156 120
156 157
156 193
156 194
193 9
193 46
193 83
193 120
193 157
193 194
9 10
9 46
9 47
9 83
9 84
9 120
9 121
9 157
9 158
9 194
9 195
46 10
46 47
46 83
46 84
46 120
46 121
46 157
46 158
46 194
46 195
83 10
83 47
83 84
83 120
83 121
83 157
83 158
83 194
83 195
120 10
120 47
120 84
120 121
120 157
120 158
120 194
120 195
157 10
157 47
157 84
157 121
157 158
157 194
157 195
194 10
194 47
194 84
194 121
194 158
194 195
10 11
10 47
10 48
10 84
10 85
10 121
10 122
10 158
10 159
10 195
10 196
47 11
47 48
47 84
47 85
47 121
47 122
47 158
47 159
47 195
47 196
84 11
84 48
84 85
84 121
84 122
84 158
84 159
84 195
84 196
121 11
121 48
121 85
121 122
121 158
121 159
121 195
121 196
158 11
158 48
158 85
158 122
158 159
158 195
158 196
195 11
195 48
195 85
195 122
195 159
195 196
11 12
11 48
11 49
11 85
11 86
11 122
11 123
11 159
11 160
11 196
11 197
48 12
48 49
48 85
48 86
48 122
48 123
48 159
48 160
48 196
48 197
85 12
85 49
85 86
85 122
85 123
85 159
85 160
85 196
85 197
122 12
122 49
122 86
122 123
122 159
122 160
122 196
122 197
159 12
159 49
159 86
159 123
159 160
159 196
159 197
196 12
196 49
196 86
196 123
196 160
196 197
12 13
12 49
12 50
12 86
12 87
12 123
12 124
12 160
12 161
12 197
12 198
49 13
49 50
49 86
49 87
49 123
49 124
49 160
49 161
49 197
49 198
86 13
86 50
86 87
86 123
86 124
86 160
86 161
86 197
86 198
123 13
123 50
123 87
123 124
123 160
123 161
123 197
123 198
160 13
160 50
160 87
160 124
160 161
160 197
160 198
197 13
197 50
197 87
197 124
197 161
197 198
13 14
13 50
13 51
13 87
13 88
13 124
13 125
13 161
13 162
13 198
13 199
50 14
50 51
50 87
50 88
50 124
50 125
50 161
50 162
50 198
50 199
87 14
87 51
87 88
87 124
87 125
87 161
87 162
87 198
87 199
124 14
124 51
124 88
124 125
124 161
124 162
124 198
124 199
161 14
161 51
161 88
161 125
161 162
161 198
161 199
198 14
198 51
198 88
198 125
198 162
198 199
14 15
14 51
14 52
14 88
14 89
14 125
14 126
14 162
14 163
14 199
51 15
51 52
51 88
51 89
51 125
51 126
51 162
51 163
51 199
88 15
88 52
88 89
88 125
88 126
88 162
88 163
88 199
125 15
125 52
125 89
125 126
125 162
125 163
125 199
162 15
162 52
162 89
162 126
162 163
162 199
199 15
199 52
199 89
199 126
199 163
15 16
15 52
15 53
15 89
15 90
15 126
15 127
15 163
15 164
52 16
52 53
52 89
52 90
52 126
52 127
52 163
52 164
89 16
89 53
89 90
89 126
89 127
89 163
89 164
126 16
126 53
126 90
126 127
126 163
126 164
163 16
163 53
163 90
163 127
163 164
16 17
16 53
16 54
16 90
16 91
16 127
16 128
16 164
16 165
53 17
53 54
53 90
53 91
53 127
53 128
53 164
53 165
90 17
90 54
90 91
90 127
90 128
90 164
90 165
127 17
127 54
127 91
127 128
127 164
127 165
164 17
164 54
164 91
164 128
164 165
17 18
17 54
17 55
17 91
17 92
17 128
17 129
17 165
17 166
54 18
54 55
54 91
54 92
54 128
54 129
54 165
54 166
91 18
91 55
91 92
91 128
91 129
91 165
91 166
128 18
128 55
128 92
128 129
128 165
128 166
165 18
165 55
165 92
165 129
165 166
18 19
18 55
18 56
18 92
18 93
18 129
18 130
18 166
18 167
55 19
55 56
55 92
55 93
55 129
55 130
55 166
55 167
92 19
92 56
92 93
92 129
92 130
92 166
92 167
129 19
129 56
129 93
129 130
129 166
129 167
166 19
166 56
166 93
166 130
166 167
19 20
19 56
19 57
19 93
19 94
19 130
19 131
19 167
19 168
56 20
56 57
56 93
56 94
56 130
56 131
56 167
56 168
93 20
93 57
93 94
93 130
93 131
93 167
93 168
130 20
130 57
130 94
130 131
130 167
130 168
167 20
167 57
167 94
167 131
167 168
20 21
20 57
20 58
20 94
20 95
20 131
20 132
20 168
20 169
57 21
57 58
57 94
57 95
57 131
57 132
57 168
57 169
94 21
94 58
94 95
94 131
94 132
94 168
94 169
131 21
131 58
131 95
131 132
131 168
131 169
168 21
168 58
168 95
168 132
168 169
21 22
21 58
21 59
21 95
21 96
21 132
21 133
21 169
21 170
58 22
58 59
58 95
58 96
58 132
58 133
58 169
58 170
95 22
95 59
95 96
95 132
95 133
95 169
95 170
132 22
132 59
132 96
132 133
132 169
132 170
169 22
169 59
169 96
169 133
169 170
22 23
22 59
22 60
22 96
22 97
22 133
22 134
22 170
22 171
59 23
59 60
59 96
59 97
59 133
59 134
59 170
59 171
96 23
96 60
96 97
96 133
96 134
96 170
96 171
133 23
133 60
133 97
133 134
133 170
133 171
170 23
170 60
170 97
170 134
170 171
23 24
23 60
23 61
23 97
23 98
23 134
23 135
23 171
23 172
60 24
60 61
60 97
60 98
60 134
60 135
60 171
60 172
97 24
97 61
97 98
97 134
97 135
97 171
97 172
134 24
134 61
134 98
134 135
134 171
134 172
171 24
171 61
171 98
171 135
171 172
24 25
24 61
24 62
24 98
24 99
24 135
24 136
24 172
24 173
61 25
61 62
61 98
61 99
61 135
61 136
61 172
61 173
98 25
98 62
98 99
98 135
98 136
98 172
98 173
135 25
135 62
135 99
135 136
135 172
135 173
172 25
172 62
172 99
172 136
172 173
25 26
25 62
25 63
25 99
25 100
25 136
25 137
25 173
25 174
62 26
62 63
62 99
62 100
62 136
62 137
62 173
62 174
99 26
99 63
99 100
99 136
99 137
99 173
99 174
136 26
136 63
136 100
136 137
136 173
136 174
173 26
173 63
173 100
173 137
173 174
26 27
26 63
26 64
26 100
26 101
26 137
26 138
26 174
26 175
63 27
63 64
63 100
63 101
63 137
63 138
63 174
63 175
100 27
100 64
100 101
100 137
100 138
100 174
100 175
137 27
137 64
137 101
137 138
137 174
137 175
174 27
174 64
174 101
174 138
174 175
27 28
27 64
27 65
27 101
27 102
27 138
27 139
27 175
27 176
64 28
64 65
64 101
64 102
64 138
64 139
64 175
64 176
101 28
101 65
101 102
101 138
101 139
101 175
101 176
138 28
138 65
138 102
138 139
138 175
138 176
175 28
175 65
175 102
175 139
175 176
28 29
28 65
28 66
28 102
28 103
28 139
28 140
28 176
28 177
65 29
65 66
65 102
65 103
65 139
65 140
65 176
65 177
102 29
102 66
102 103
102 139
102 140
102 176
102 177
139 29
139 66
139 103
139 140
139 176
139 177
176 29
176 66
176 103
176 140
176 177
29 30
29 66
29 67
29 103
29 104
29 140
29 141
29 177
29 178
66 30
66 67
66 103
66 104
66 140
66 141
66 177
66 178
103 30
103 67
103 104
103 140
103 141
103 177
103 178
140 30
140 67
140 104
140 141
140 177
140 178
177 30
177 67
177 104
177 141
177 178
30 31
30 67
30 68
30 104
30 105
30 141
30 142
30 178
30 179
67 31
67 68
67 104
67 105
67 141
67 142
67 178
67 179
104 31
104 68
104 105
104 141
104 142
104 178
104 179
141 31
141 68
141 105
141 142
141 178
141 179
178 31
178 68
178 105
178 142
178 179
31 32
31 68
31 69
31 105
31 106
31 142
31 143
31 179
31 180
68 32
68 69
68 105
68 106
68 142
68 143
68 179
68 180
105 32
105 69
105 106
105 142
105 143
105 179
105 180
142 32
142 69
142 106
142 143
142 179
142 180
179 32
179 69
179 106
179 143
179 180
32 33
32 69
32 70
32 106
32 107
32 143
32 144
32 180
32 181
69 33
69 70
69 106
69 107
69 143
69 144
69 180
69 181
106 33
106 70
106 107
106 143
106 144
106 180
106 181
143 33
143 70
143 107
143 144
143 180
143 181
180 33
180 70
180 107
180 144
180 181
33 34
33 70
33 71
33 107
33 108
33 144
33 145
33 181
33 182
70 34
70 71
70 107
70 108
70 144
70 145
70 181
70 182
107 34
107 71
107 108
107 144
107 145
107 181
107 182
144 34
144 71
144 108
144 145
144 181
144 182
181 34
181 71
181 108
181 145
181 182
34 35
34 71
34 72
34 108
34 109
34 145
34 146
34 182
34 183
71 35
71 72
71 108
71 109
71 145
71 146
71 182
71 183
108 35
108 72
108 109
108 145
108 146
108 182
108 183
145 35
145 72
145 109
145 146
145 182
145 183
182 35
182 72
182 109
182 146
182 183
35 72
35 109
35 146
35 183
72 109
72 146
72 183
109 146
109 183
146 183
