64 704
0 15
0 23
0 27
0 29
0 30
0 31
0 39
0 43
0 45
0 46
0 47
0 51
0 53
0 54
0 55
0 57
0 58
0 59
0 60
0 61
0 62
0 63
15 16
15 17
15 18
15 20
15 24
15 32
15 33
15 34
15 36
15 40
15 48
15 49
15 50
15 51
15 52
15 53
15 54
15 56
15 57
15 58
15 60
23 8
23 9
23 10
23 12
23 24
23 32
23 33
23 34
23 36
23 40
23 41
23 42
23 43
23 44
23 45
23 46
23 48
23 56
23 57
23 58
23 60
27 4
27 5
27 6
27 12
27 20
27 32
27 33
27 34
27 36
27 37
27 38
27 39
27 40
27 44
27 45
27 46
27 48
27 52
27 53
27 54
27 60
29 2
29 3
29 6
29 10
29 18
29 32
29 33
29 34
29 35
29 36
29 38
29 39
29 40
29 42
29 43
29 46
29 48
29 50
29 51
29 54
29 58
30 1
30 3
30 5
30 9
30 17
30 32
30 33
30 34
30 35
30 36
30 37
30 39
30 40
30 41
30 43
30 45
30 48
30 49
30 51
30 53
30 57
31 1
31 2
31 4
31 8
31 16
31 32
31 33
31 34
31 35
31 36
31 37
31 38
31 40
31 41
31 42
31 44
31 48
31 49
31 50
31 52
31 56
39 8
39 9
39 10
39 12
39 16
39 17
39 18
39 20
39 24
39 25
39 26
39 28
39 40
39 48
39 56
39 57
39 58
39 60
43 4
43 5
43 6
43 12
43 16
43 17
43 18
43 20
43 21
43 22
43 24
43 28
43 36
43 48
43 52
43 53
43 54
43 60
45 2
45 3
45 6
45 10
45 16
45 17
45 18
45 19
45 20
45 22
45 24
45 26
45 34
45 48
45 50
45 51
45 54
45 58
46 1
46 3
46 5
46 9
46 16
46 17
46 18
46 19
46 20
46 21
46 24
46 25
46 33
46 48
46 49
46 51
46 53
46 57
47 1
47 2
47 4
47 8
47 16
47 17
47 18
47 19
47 20
47 21
47 22
47 24
47 25
47 26
47 28
47 32
47 48
47 49
47 50
47 52
47 56
51 4
51 5
51 6
51 8
51 9
51 10
51 12
51 13
51 14
51 20
51 24
51 28
51 36
51 40
51 44
51 60
53 2
53 3
53 6
53 8
53 9
53 10
53 11
53 12
53 14
53 18
53 24
53 26
53 34
53 40
53 42
53 58
54 1
54 3
54 5
54 8
54 9
54 10
54 11
54 12
54 13
54 17
54 24
54 25
54 33
54 40
54 41
54 57
55 1
55 2
55 4
55 8
55 9
55 10
55 11
55 12
55 13
55 14
55 16
55 24
55 25
55 26
55 28
55 32
55 40
55 41
55 42
55 44
55 56
57 2
57 3
57 4
57 5
57 6
57 7
57 10
57 12
57 14
57 18
57 20
57 22
57 34
57 36
57 38
58 1
58 3
58 4
58 5
58 6
58 7
58 9
58 12
58 13
58 17
58 20
58 21
58 33
58 36
58 37
59 1
59 2
59 4
59 5
59 6
59 7
59 8
59 12
59 13
59 14
59 16
59 20
59 21
59 22
59 28
59 32
59 36
59 37
59 38
59 44
59 52
60 1
60 2
60 3
60 5
60 6
60 7
60 9
60 10
60 11
60 17
60 18
60 19
60 33
60 34
60 35
61 1
61 2
61 3
61 4
61 6
61 7
61 8
61 10
61 11
61 14
61 16
61 18
61 19
61 22
61 26
61 32
61 34
61 35
61 38
61 42
61 50
62 1
62 2
62 3
62 4
62 5
62 7
62 8
62 9
62 11
62 13
62 16
62 17
62 19
62 21
62 25
62 32
62 33
62 35
62 37
62 41
62 49
63 1
63 2
63 3
63 4
63 5
63 6
63 8
63 9
63 10
63 12
63 16
63 17
63 18
63 20
63 24
63 32
63 33
63 34
63 36
63 40
63 48
1 14
1 22
1 26
1 28
1 38
1 42
1 44
1 50
1 52
1 56
14 16
14 17
14 19
14 21
14 25
14 32
14 33
14 35
14 37
14 41
14 48
14 49
14 50
14 52
14 56
22 8
22 9
22 11
22 13
22 25
22 32
22 33
22 35
22 37
22 40
22 41
22 42
22 44
22 49
22 56
26 4
26 5
26 7
26 13
26 21
26 32
26 33
26 35
26 36
26 37
26 38
26 41
26 44
26 49
26 52
28 2
28 3
28 7
28 11
28 19
28 32
28 33
28 34
28 35
28 37
28 38
28 41
28 42
28 49
28 50
38 8
38 9
38 11
38 13
38 16
38 17
38 19
38 21
38 24
38 25
38 41
38 49
38 56
42 4
42 5
42 7
42 13
42 16
42 17
42 19
42 20
42 21
42 25
42 37
42 49
42 52
44 2
44 3
44 7
44 11
44 16
44 17
44 18
44 19
44 21
44 25
44 35
44 49
44 50
50 4
50 5
50 7
50 8
50 9
50 11
50 12
50 13
50 21
50 25
50 37
50 41
52 2
52 3
52 7
52 8
52 9
52 10
52 11
52 13
52 19
52 25
52 35
52 41
56 2
56 3
56 4
56 5
56 6
56 7
56 11
56 13
56 19
56 21
56 35
56 37
2 13
2 21
2 25
2 37
2 41
2 49
13 16
13 18
13 19
13 32
13 34
13 35
13 48
13 49
21 8
21 10
21 11
21 32
21 34
21 35
21 40
21 41
25 4
25 6
25 7
25 32
25 34
25 35
25 36
25 37
37 8
37 10
37 11
37 16
37 18
37 19
37 24
41 4
41 6
41 7
41 16
41 18
41 19
41 20
49 4
49 6
49 7
49 8
49 10
49 11
49 12
3 12
3 20
3 24
3 36
3 40
3 48
12 17
12 18
12 19
12 33
12 34
12 35
12 48
20 9
20 10
20 11
20 33
20 34
20 35
20 40
24 5
24 6
24 7
24 33
24 34
24 35
24 36
36 9
36 10
36 11
36 17
36 18
36 19
40 5
40 6
40 7
40 17
40 18
40 19
48 5
48 6
48 7
48 9
48 10
48 11
4 11
4 19
4 35
11 16
11 32
19 8
19 32
35 8
35 16
5 10
5 18
5 34
10 17
10 33
18 9
18 33
34 9
34 17
6 9
6 17
6 33
7 8
7 16
7 32
