28 210
0 5
0 8
0 9
0 12
0 13
0 14
0 17
0 18
0 19
0 20
0 23
0 24
0 25
0 26
0 27
5 6
5 7
5 10
5 11
5 14
5 15
5 16
5 19
5 20
5 21
5 22
5 25
5 26
5 27
8 3
8 4
8 10
8 11
8 13
8 15
8 16
8 18
8 20
8 21
8 22
8 24
8 26
8 27
9 1
9 2
9 10
9 11
9 12
9 15
9 16
9 17
9 20
9 21
9 22
9 23
9 26
9 27
12 3
12 4
12 6
12 7
12 15
12 16
12 18
12 19
12 21
12 22
12 24
12 25
12 27
13 1
13 2
13 6
13 7
13 15
13 16
13 17
13 19
13 21
13 22
13 23
13 25
13 27
14 1
14 2
14 3
14 4
14 15
14 16
14 17
14 18
14 21
14 22
14 23
14 24
14 27
17 3
17 4
17 6
17 7
17 10
17 11
17 21
17 22
17 24
17 25
17 26
18 1
18 2
18 6
18 7
18 10
18 11
18 21
18 22
18 23
18 25
18 26
19 1
19 2
19 3
19 4
19 10
19 11
19 21
19 22
19 23
19 24
19 26
20 1
20 2
20 3
20 4
20 6
20 7
20 21
20 22
20 23
20 24
20 25
23 3
23 4
23 6
23 7
23 10
23 11
23 15
23 16
24 1
24 2
24 6
24 7
24 10
24 11
24 15
24 16
25 1
25 2
25 3
25 4
25 10
25 11
25 15
25 16
26 1
26 2
26 3
26 4
26 6
26 7
26 15
26 16
27 1
27 2
27 3
27 4
27 6
27 7
27 10
27 11
1 4
1 7
1 11
1 16
1 22
4 6
4 10
4 15
4 21
7 3
7 10
7 15
7 21
11 3
11 6
11 15
11 21
16 3
16 6
16 10
16 21
22 3
22 6
22 10
22 15
2 3
2 6
2 10
2 15
2 21
