70 1855
0 9
0 10
0 11
0 12
0 13
0 14
0 19
0 20
0 21
0 22
0 23
0 24
0 25
0 26
0 27
0 28
0 29
0 30
0 31
0 32
0 33
0 34
0 39
0 40
0 41
0 42
0 43
0 44
0 45
0 46
0 47
0 48
0 49
0 50
0 51
0 52
0 53
0 54
0 55
0 56
0 57
0 58
0 59
0 60
0 61
0 62
0 63
0 64
0 65
0 66
0 67
0 68
0 69
9 3
9 4
9 7
9 8
9 14
9 15
9 16
9 17
9 18
9 20
9 21
9 22
9 23
9 24
9 26
9 27
9 28
9 29
9 30
9 33
9 34
9 35
9 36
9 37
9 38
9 40
9 41
9 42
9 43
9 44
9 46
9 47
9 48
9 49
9 50
9 53
9 54
9 55
9 56
9 57
9 58
9 59
9 60
9 61
9 62
9 63
9 64
9 65
9 66
9 67
9 68
9 69
10 2
10 4
10 6
10 8
10 13
10 15
10 16
10 17
10 18
10 19
10 21
10 22
10 23
10 24
10 25
10 27
10 28
10 29
10 30
10 32
10 34
10 35
10 36
10 37
10 38
10 39
10 41
10 42
10 43
10 44
10 45
10 47
10 48
10 49
10 50
10 52
10 54
10 55
10 56
10 57
10 58
10 59
10 60
10 61
10 62
10 63
10 64
10 65
10 66
10 67
10 68
10 69
11 2
11 3
11 6
11 7
11 12
11 15
11 16
11 17
11 18
11 19
11 20
11 22
11 23
11 24
11 25
11 26
11 28
11 29
11 30
11 31
11 34
11 35
11 36
11 37
11 38
11 39
11 40
11 42
11 43
11 44
11 45
11 46
11 48
11 49
11 50
11 51
11 54
11 55
11 56
11 57
11 58
11 59
11 60
11 61
11 62
11 63
11 64
11 65
11 66
11 67
11 68
11 69
12 1
12 4
12 5
12 8
12 15
12 16
12 17
12 18
12 19
12 20
12 21
12 23
12 24
12 25
12 26
12 27
12 29
12 30
12 32
12 33
12 35
12 36
12 37
12 38
12 39
12 40
12 41
12 43
12 44
12 45
12 46
12 47
12 49
12 50
12 52
12 53
12 55
12 56
12 57
12 58
12 59
12 60
12 61
12 62
12 63
12 64
12 65
12 66
12 67
12 68
12 69
13 1
13 3
13 5
13 7
13 15
13 16
13 17
13 18
13 19
13 20
13 21
13 22
13 24
13 25
13 26
13 27
13 28
13 30
13 31
13 33
13 35
13 36
13 37
13 38
13 39
13 40
13 41
13 42
13 44
13 45
13 46
13 47
13 48
13 50
13 51
13 53
13 55
13 56
13 57
13 58
13 59
13 60
13 61
13 62
13 63
13 64
13 65
13 66
13 67
13 68
13 69
14 1
14 2
14 5
14 6
14 15
14 16
14 17
14 18
14 19
14 20
14 21
14 22
14 23
14 25
14 26
14 27
14 28
14 29
14 31
14 32
14 35
14 36
14 37
14 38
14 39
14 40
14 41
14 42
14 43
14 45
14 46
14 47
14 48
14 49
14 51
14 52
14 55
14 56
14 57
14 58
14 59
14 60
14 61
14 62
14 63
14 64
14 65
14 66
14 67
14 68
14 69
19 3
19 4
19 5
19 6
19 7
19 8
19 17
19 18
19 24
19 26
19 27
19 28
19 29
19 30
19 33
19 34
19 35
19 36
19 37
19 38
19 40
19 41
19 42
19 43
19 44
19 45
19 46
19 47
19 48
19 49
19 50
19 51
19 52
19 53
19 54
19 56
19 57
19 58
19 59
19 60
19 63
19 64
19 65
19 66
19 67
19 68
19 69
20 2
20 4
20 5
20 6
20 7
20 8
20 16
20 18
20 23
20 25
20 27
20 28
20 29
20 30
20 32
20 34
20 35
20 36
20 37
20 38
20 39
20 41
20 42
20 43
20 44
20 45
20 46
20 47
20 48
20 49
20 50
20 51
20 52
20 53
20 54
20 55
20 57
20 58
20 59
20 60
20 62
20 64
20 65
20 66
20 67
20 68
20 69
21 2
21 3
21 5
21 6
21 7
21 8
21 16
21 17
21 22
21 25
21 26
21 28
21 29
21 30
21 31
21 34
21 35
21 36
21 37
21 38
21 39
21 40
21 42
21 43
21 44
21 45
21 46
21 47
21 48
21 49
21 50
21 51
21 52
21 53
21 54
21 55
21 56
21 58
21 59
21 60
21 61
21 64
21 65
21 66
21 67
21 68
21 69
22 1
22 4
22 5
22 6
22 7
22 8
22 15
22 18
22 25
22 26
22 27
22 29
22 30
22 32
22 33
22 35
22 36
22 37
22 38
22 39
22 40
22 41
22 43
22 44
22 45
22 46
22 47
22 48
22 49
22 50
22 51
22 52
22 53
22 54
22 55
22 56
22 57
22 59
22 60
22 62
22 63
22 65
22 66
22 67
22 68
22 69
23 1
23 3
23 5
23 6
23 7
23 8
23 15
23 17
23 25
23 26
23 27
23 28
23 30
23 31
23 33
23 35
23 36
23 37
23 38
23 39
23 40
23 41
23 42
23 44
23 45
23 46
23 47
23 48
23 49
23 50
23 51
23 52
23 53
23 54
23 55
23 56
23 57
23 58
23 60
23 61
23 63
23 65
23 66
23 67
23 68
23 69
24 1
24 2
24 5
24 6
24 7
24 8
24 15
24 16
24 25
24 26
24 27
24 28
24 29
24 31
24 32
24 35
24 36
24 37
24 38
24 39
24 40
24 41
24 42
24 43
24 45
24 46
24 47
24 48
24 49
24 50
24 51
24 52
24 53
24 54
24 55
24 56
24 57
24 58
24 59
24 61
24 62
24 65
24 66
24 67
24 68
24 69
25 1
25 2
25 3
25 4
25 7
25 8
25 17
25 18
25 30
25 33
25 34
25 35
25 36
25 37
25 38
25 39
25 40
25 41
25 42
25 43
25 44
25 46
25 47
25 48
25 49
25 50
25 51
25 52
25 53
25 54
25 56
25 57
25 58
25 59
25 60
25 61
25 62
25 63
25 64
25 67
25 68
25 69
26 1
26 2
26 3
26 4
26 6
26 8
26 16
26 18
26 29
26 32
26 34
26 35
26 36
26 37
26 38
26 39
26 40
26 41
26 42
26 43
26 44
26 45
26 47
26 48
26 49
26 50
26 51
26 52
26 53
26 54
26 55
26 57
26 58
26 59
26 60
26 61
26 62
26 63
26 64
26 66
26 68
26 69
27 1
27 2
27 3
27 4
27 6
27 7
27 16
27 17
27 28
27 31
27 34
27 35
27 36
27 37
27 38
27 39
27 40
27 41
27 42
27 43
27 44
27 45
27 46
27 48
27 49
27 50
27 51
27 52
27 53
27 54
27 55
27 56
27 58
27 59
27 60
27 61
27 62
27 63
27 64
27 65
27 68
27 69
28 1
28 2
28 3
28 4
28 5
28 8
28 15
28 18
28 32
28 33
28 35
28 36
28 37
28 38
28 39
28 40
28 41
28 42
28 43
28 44
28 45
28 46
28 47
28 49
28 50
28 51
28 52
28 53
28 54
28 55
28 56
28 57
28 59
28 60
28 61
28 62
28 63
28 64
28 66
28 67
28 69
29 1
29 2
29 3
29 4
29 5
29 7
29 15
29 17
29 31
29 33
29 35
29 36
29 37
29 38
29 39
29 40
29 41
29 42
29 43
29 44
29 45
29 46
29 47
29 48
29 50
29 51
29 52
29 53
29 54
29 55
29 56
29 57
29 58
29 60
29 61
29 62
29 63
29 64
29 65
29 67
29 69
30 1
30 2
30 3
30 4
30 5
30 6
30 15
30 16
30 31
30 32
30 35
30 36
30 37
30 38
30 39
30 40
30 41
30 42
30 43
30 44
30 45
30 46
30 47
30 48
30 49
30 51
30 52
30 53
30 54
30 55
30 56
30 57
30 58
30 59
30 61
30 62
30 63
30 64
30 65
30 66
30 69
31 1
31 2
31 3
31 4
31 5
31 6
31 7
31 8
31 15
31 16
31 17
31 18
31 35
31 36
31 37
31 38
31 39
31 40
31 41
31 42
31 43
31 44
31 45
31 46
31 47
31 48
31 49
31 50
31 52
31 53
31 54
31 55
31 56
31 57
31 58
31 59
31 60
31 62
31 63
31 64
31 66
31 67
31 68
32 1
32 2
32 3
32 4
32 5
32 6
32 7
32 8
32 15
32 16
32 17
32 18
32 35
32 36
32 37
32 38
32 39
32 40
32 41
32 42
32 43
32 44
32 45
32 46
32 47
32 48
32 49
32 50
32 51
32 53
32 54
32 55
32 56
32 57
32 58
32 59
32 60
32 61
32 63
32 64
32 65
32 67
32 68
33 1
33 2
33 3
33 4
33 5
33 6
33 7
33 8
33 15
33 16
33 17
33 18
33 35
33 36
33 37
33 38
33 39
33 40
33 41
33 42
33 43
33 44
33 45
33 46
33 47
33 48
33 49
33 50
33 51
33 52
33 54
33 55
33 56
33 57
33 58
33 59
33 60
33 61
33 62
33 64
33 65
33 66
33 68
34 1
34 2
34 3
34 4
34 5
34 6
34 7
34 8
34 15
34 16
34 17
34 18
34 35
34 36
34 37
34 38
34 39
34 40
34 41
34 42
34 43
34 44
34 45
34 46
34 47
34 48
34 49
34 50
34 51
34 52
34 53
34 55
34 56
34 57
34 58
34 59
34 60
34 61
34 62
34 63
34 65
34 66
34 67
39 3
39 4
39 5
39 6
39 7
39 8
39 15
39 16
39 17
39 18
39 37
39 38
39 44
39 46
39 47
39 48
39 49
39 50
39 53
39 54
39 56
39 57
39 58
39 59
39 60
39 63
39 64
39 65
39 66
39 67
39 68
39 69
40 2
40 4
40 5
40 6
40 7
40 8
40 15
40 16
40 17
40 18
40 36
40 38
40 43
40 45
40 47
40 48
40 49
40 50
40 52
40 54
40 55
40 57
40 58
40 59
40 60
40 62
40 64
40 65
40 66
40 67
40 68
40 69
41 2
41 3
41 5
41 6
41 7
41 8
41 15
41 16
41 17
41 18
41 36
41 37
41 42
41 45
41 46
41 48
41 49
41 50
41 51
41 54
41 55
41 56
41 58
41 59
41 60
41 61
41 64
41 65
41 66
41 67
41 68
41 69
42 1
42 4
42 5
42 6
42 7
42 8
42 15
42 16
42 17
42 18
42 35
42 38
42 45
42 46
42 47
42 49
42 50
42 52
42 53
42 55
42 56
42 57
42 59
42 60
42 62
42 63
42 65
42 66
42 67
42 68
42 69
43 1
43 3
43 5
43 6
43 7
43 8
43 15
43 16
43 17
43 18
43 35
43 37
43 45
43 46
43 47
43 48
43 50
43 51
43 53
43 55
43 56
43 57
43 58
43 60
43 61
43 63
43 65
43 66
43 67
43 68
43 69
44 1
44 2
44 5
44 6
44 7
44 8
44 15
44 16
44 17
44 18
44 35
44 36
44 45
44 46
44 47
44 48
44 49
44 51
44 52
44 55
44 56
44 57
44 58
44 59
44 61
44 62
44 65
44 66
44 67
44 68
44 69
45 1
45 2
45 3
45 4
45 7
45 8
45 15
45 16
45 17
45 18
45 37
45 38
45 50
45 53
45 54
45 56
45 57
45 58
45 59
45 60
45 61
45 62
45 63
45 64
45 67
45 68
45 69
46 1
46 2
46 3
46 4
46 6
46 8
46 15
46 16
46 17
46 18
46 36
46 38
46 49
46 52
46 54
46 55
46 57
46 58
46 59
46 60
46 61
46 62
46 63
46 64
46 66
46 68
46 69
47 1
47 2
47 3
47 4
47 6
47 7
47 15
47 16
47 17
47 18
47 36
47 37
47 48
47 51
47 54
47 55
47 56
47 58
47 59
47 60
47 61
47 62
47 63
47 64
47 65
47 68
47 69
48 1
48 2
48 3
48 4
48 5
48 8
48 15
48 16
48 17
48 18
48 35
48 38
48 52
48 53
48 55
48 56
48 57
48 59
48 60
48 61
48 62
48 63
48 64
48 66
48 67
48 69
49 1
49 2
49 3
49 4
49 5
49 7
49 15
49 16
49 17
49 18
49 35
49 37
49 51
49 53
49 55
49 56
49 57
49 58
49 60
49 61
49 62
49 63
49 64
49 65
49 67
49 69
50 1
50 2
50 3
50 4
50 5
50 6
50 15
50 16
50 17
50 18
50 35
50 36
50 51
50 52
50 55
50 56
50 57
50 58
50 59
50 61
50 62
50 63
50 64
50 65
50 66
50 69
51 1
51 2
51 3
51 4
51 5
51 6
51 7
51 8
51 15
51 16
51 17
51 18
51 35
51 36
51 37
51 38
51 55
51 56
51 57
51 58
51 59
51 60
51 62
51 63
51 64
51 66
51 67
51 68
52 1
52 2
52 3
52 4
52 5
52 6
52 7
52 8
52 15
52 16
52 17
52 18
52 35
52 36
52 37
52 38
52 55
52 56
52 57
52 58
52 59
52 60
52 61
52 63
52 64
52 65
52 67
52 68
53 1
53 2
53 3
53 4
53 5
53 6
53 7
53 8
53 15
53 16
53 17
53 18
53 35
53 36
53 37
53 38
53 55
53 56
53 57
53 58
53 59
53 60
53 61
53 62
53 64
53 65
53 66
53 68
54 1
54 2
54 3
54 4
54 5
54 6
54 7
54 8
54 15
54 16
54 17
54 18
54 35
54 36
54 37
54 38
54 55
54 56
54 57
54 58
54 59
54 60
54 61
54 62
54 63
54 65
54 66
54 67
55 1
55 2
55 3
55 4
55 5
55 6
55 7
55 8
55 17
55 18
55 37
55 38
55 60
55 63
55 64
55 67
55 68
55 69
56 1
56 2
56 3
56 4
56 5
56 6
56 7
56 8
56 16
56 18
56 36
56 38
56 59
56 62
56 64
56 66
56 68
56 69
57 1
57 2
57 3
57 4
57 5
57 6
57 7
57 8
57 16
57 17
57 36
57 37
57 58
57 61
57 64
57 65
57 68
57 69
58 1
58 2
58 3
58 4
58 5
58 6
58 7
58 8
58 15
58 18
58 35
58 38
58 62
58 63
58 66
58 67
58 69
59 1
59 2
59 3
59 4
59 5
59 6
59 7
59 8
59 15
59 17
59 35
59 37
59 61
59 63
59 65
59 67
59 69
60 1
60 2
60 3
60 4
60 5
60 6
60 7
60 8
60 15
60 16
60 35
60 36
60 61
60 62
60 65
60 66
60 69
61 1
61 2
61 3
61 4
61 5
61 6
61 7
61 8
61 15
61 16
61 17
61 18
61 35
61 36
61 37
61 38
61 66
61 67
61 68
62 1
62 2
62 3
62 4
62 5
62 6
62 7
62 8
62 15
62 16
62 17
62 18
62 35
62 36
62 37
62 38
62 65
62 67
62 68
63 1
63 2
63 3
63 4
63 5
63 6
63 7
63 8
63 15
63 16
63 17
63 18
63 35
63 36
63 37
63 38
63 65
63 66
63 68
64 1
64 2
64 3
64 4
64 5
64 6
64 7
64 8
64 15
64 16
64 17
64 18
64 35
64 36
64 37
64 38
64 65
64 66
64 67
65 1
65 2
65 3
65 4
65 5
65 6
65 7
65 8
65 15
65 16
65 17
65 18
65 35
65 36
65 37
65 38
66 1
66 2
66 3
66 4
66 5
66 6
66 7
66 8
66 15
66 16
66 17
66 18
66 35
66 36
66 37
66 38
67 1
67 2
67 3
67 4
67 5
67 6
67 7
67 8
67 15
67 16
67 17
67 18
67 35
67 36
67 37
67 38
68 1
68 2
68 3
68 4
68 5
68 6
68 7
68 8
68 15
68 16
68 17
68 18
68 35
68 36
68 37
68 38
69 1
69 2
69 3
69 4
69 5
69 6
69 7
69 8
69 15
69 16
69 17
69 18
69 35
69 36
69 37
69 38
1 6
1 7
1 8
1 16
1 17
1 18
1 36
1 37
1 38
6 3
6 4
6 15
6 17
6 18
6 35
6 37
6 38
7 2
7 4
7 15
7 16
7 18
7 35
7 36
7 38
8 2
8 3
8 15
8 16
8 17
8 35
8 36
8 37
16 3
16 4
16 5
16 35
16 37
16 38
17 2
17 4
17 5
17 35
17 36
17 38
18 2
18 3
18 5
18 35
18 36
18 37
36 3
36 4
36 5
36 15
37 2
37 4
37 5
37 15
38 2
38 3
38 5
38 15
2 5
2 15
2 35
5 3
5 4
15 3
15 4
35 3
35 4
