171 9435
0 7
0 11
0 12
0 13
0 14
0 15
0 16
0 18
0 19
0 20
0 21
0 22
0 23
0 24
0 25
0 26
0 29
0 33
0 36
0 40
0 43
0 47
0 48
0 49
0 50
0 51
0 52
0 53
0 54
0 55
0 56
0 57
0 58
0 59
0 60
0 61
0 62
0 63
0 66
0 70
0 71
0 72
0 73
0 74
0 75
0 77
0 78
0 79
0 80
0 81
0 82
0 83
0 84
0 85
0 86
0 87
0 88
0 89
0 90
0 91
0 92
0 93
0 94
0 95
0 96
0 97
0 98
0 99
0 100
0 101
0 102
0 103
0 104
0 105
0 106
0 107
0 108
0 109
0 110
0 111
0 112
0 113
0 114
0 115
0 116
0 117
0 118
0 119
0 120
0 121
0 122
0 123
0 124
0 125
0 126
0 127
0 128
0 129
0 130
0 131
0 132
0 133
0 136
0 140
0 143
0 147
0 148
0 149
0 150
0 151
0 152
0 153
0 154
0 155
0 156
0 157
0 158
0 159
0 160
0 161
0 162
0 163
0 166
0 170
7 2
7 4
7 5
7 6
7 11
7 12
7 13
7 14
7 17
7 21
7 25
7 27
7 28
7 30
7 31
7 32
7 33
7 34
7 35
7 38
7 40
7 41
7 42
7 45
7 47
7 48
7 49
7 50
7 51
7 54
7 58
7 62
7 64
7 65
7 66
7 67
7 68
7 69
7 70
7 71
7 72
7 73
7 74
7 75
7 76
7 77
7 78
7 79
7 80
7 81
7 82
7 83
7 84
7 85
7 86
7 87
7 88
7 89
7 90
7 91
7 92
7 93
7 95
7 96
7 97
7 98
7 99
7 100
7 101
7 102
7 103
7 104
7 105
7 106
7 107
7 108
7 109
7 110
7 111
7 112
7 113
7 114
7 115
7 116
7 117
7 118
7 119
7 120
7 121
7 122
7 123
7 124
7 125
7 126
7 127
7 128
7 129
7 130
7 131
7 132
7 133
7 134
7 135
7 138
7 140
7 141
7 142
7 145
7 147
7 148
7 149
7 150
7 151
7 154
7 158
7 162
7 164
7 165
7 166
7 167
7 168
7 169
7 170
11 15
11 16
11 17
11 18
11 19
11 23
11 27
11 28
11 29
11 30
11 31
11 32
11 35
11 36
11 42
11 43
11 48
11 52
11 53
11 54
11 55
11 56
11 60
11 64
11 65
11 66
11 67
11 68
11 69
11 70
11 71
11 72
11 73
11 74
11 75
11 76
11 77
11 78
11 79
11 80
11 81
11 82
11 83
11 84
11 85
11 86
11 87
11 88
11 89
11 90
11 91
11 92
11 93
11 94
11 95
11 96
11 97
11 98
11 99
11 101
11 102
11 103
11 104
11 105
11 106
11 107
11 108
11 109
11 110
11 111
11 112
11 113
11 114
11 115
11 116
11 117
11 118
11 119
11 120
11 121
11 122
11 123
11 124
11 125
11 126
11 127
11 128
11 129
11 130
11 131
11 132
11 133
11 135
11 136
11 142
11 143
11 148
11 152
11 153
11 154
11 155
11 156
11 160
11 164
11 165
11 166
11 167
11 168
11 169
11 170
12 1
12 2
12 3
12 4
12 8
12 9
12 10
12 18
12 19
12 21
12 22
12 26
12 29
12 30
12 31
12 32
12 34
12 35
12 36
12 37
12 38
12 39
12 40
12 43
12 44
12 45
12 46
12 51
12 55
12 56
12 57
12 58
12 59
12 63
12 66
12 67
12 68
12 69
12 71
12 72
12 73
12 74
12 75
12 76
12 77
12 78
12 79
12 80
12 81
12 82
12 83
12 84
12 85
12 86
12 87
12 88
12 89
12 90
12 91
12 92
12 93
12 94
12 95
12 96
12 97
12 98
12 99
12 100
12 101
12 102
12 104
12 105
12 106
12 107
12 108
12 109
12 110
12 111
12 112
12 113
12 114
12 115
12 116
12 117
12 118
12 119
12 120
12 121
12 122
12 123
12 124
12 125
12 126
12 127
12 128
12 129
12 130
12 131
12 132
12 133
12 134
12 135
12 136
12 137
12 138
12 139
12 140
12 143
12 144
12 145
12 146
12 151
12 155
12 156
12 157
12 158
12 159
12 163
12 166
12 167
12 168
12 169
13 1
13 2
13 3
13 4
13 8
13 9
13 10
13 15
13 19
13 20
13 22
13 23
13 29
13 30
13 31
13 32
13 34
13 35
13 36
13 37
13 38
13 39
13 40
13 43
13 44
13 45
13 46
13 48
13 52
13 56
13 57
13 58
13 59
13 60
13 66
13 67
13 68
13 69
13 71
13 72
13 73
13 74
13 75
13 76
13 77
13 78
13 79
13 80
13 81
13 82
13 83
13 84
13 85
13 86
13 87
13 88
13 89
13 90
13 91
13 92
13 93
13 94
13 95
13 96
13 97
13 98
13 99
13 100
13 101
13 102
13 103
13 105
13 106
13 107
13 108
13 109
13 110
13 111
13 112
13 113
13 114
13 115
13 116
13 117
13 118
13 119
13 120
13 121
13 122
13 123
13 124
13 125
13 126
13 127
13 128
13 129
13 130
13 131
13 132
13 133
13 134
13 135
13 136
13 137
13 138
13 139
13 140
13 143
13 144
13 145
13 146
13 148
13 152
13 156
13 157
13 158
13 159
13 160
13 166
13 167
13 168
13 169
14 1
14 2
14 3
14 4
14 8
14 9
14 10
14 16
14 19
14 20
14 21
14 24
14 29
14 30
14 31
14 32
14 34
14 35
14 36
14 37
14 38
14 39
14 40
14 43
14 44
14 45
14 46
14 49
14 53
14 56
14 57
14 58
14 59
14 61
14 66
14 67
14 68
14 69
14 71
14 72
14 73
14 74
14 75
14 76
14 77
14 78
14 79
14 80
14 81
14 82
14 83
14 84
14 85
14 86
14 87
14 88
14 89
14 90
14 91
14 92
14 93
14 94
14 95
14 96
14 97
14 98
14 99
14 100
14 101
14 102
14 103
14 104
14 106
14 107
14 108
14 109
14 110
14 111
14 112
14 113
14 114
14 115
14 116
14 117
14 118
14 119
14 120
14 121
14 122
14 123
14 124
14 125
14 126
14 127
14 128
14 129
14 130
14 131
14 132
14 133
14 134
14 135
14 136
14 137
14 138
14 139
14 140
14 143
14 144
14 145
14 146
14 149
14 153
14 156
14 157
14 158
14 159
14 161
14 166
14 167
14 168
14 169
15 1
15 2
15 3
15 4
15 5
15 6
15 9
15 21
15 24
15 25
15 26
15 27
15 28
15 31
15 33
15 34
15 35
15 36
15 37
15 38
15 39
15 40
15 41
15 42
15 45
15 47
15 50
15 54
15 58
15 60
15 61
15 62
15 63
15 64
15 65
15 68
15 70
15 71
15 72
15 73
15 74
15 75
15 76
15 77
15 78
15 79
15 80
15 81
15 82
15 83
15 84
15 85
15 86
15 87
15 88
15 89
15 90
15 91
15 92
15 93
15 94
15 95
15 96
15 97
15 98
15 99
15 100
15 101
15 102
15 103
15 104
15 105
15 107
15 108
15 109
15 110
15 111
15 112
15 113
15 114
15 115
15 116
15 117
15 118
15 119
15 120
15 121
15 122
15 123
15 124
15 125
15 126
15 127
15 128
15 129
15 130
15 131
15 132
15 133
15 134
15 135
15 136
15 137
15 138
15 139
15 140
15 141
15 142
15 145
15 147
15 150
15 154
15 158
15 160
15 161
15 162
15 163
15 164
15 165
15 168
15 170
16 1
16 2
16 3
16 4
16 10
16 22
16 23
16 25
16 26
16 32
16 33
16 34
16 35
16 36
16 37
16 38
16 39
16 40
16 46
16 47
16 51
16 55
16 59
16 60
16 61
16 62
16 63
16 69
16 70
16 71
16 72
16 73
16 74
16 75
16 76
16 77
16 78
16 79
16 80
16 81
16 82
16 83
16 84
16 85
16 86
16 87
16 88
16 89
16 90
16 91
16 92
16 93
16 94
16 95
16 96
16 97
16 98
16 99
16 100
16 101
16 102
16 103
16 104
16 105
16 106
16 108
16 109
16 110
16 111
16 112
16 113
16 114
16 115
16 116
16 117
16 118
16 119
16 120
16 121
16 122
16 123
16 124
16 125
16 126
16 127
16 128
16 129
16 130
16 131
16 132
16 133
16 134
16 135
16 136
16 137
16 138
16 139
16 140
16 146
16 147
16 151
16 155
16 159
16 160
16 161
16 162
16 163
16 169
16 170
18 1
18 2
18 3
18 4
18 8
18 20
18 23
18 24
18 25
18 30
18 33
18 34
18 35
18 36
18 37
18 38
18 39
18 40
18 44
18 47
18 49
18 53
18 57
18 60
18 61
18 62
18 63
18 67
18 70
18 71
18 72
18 73
18 74
18 75
18 76
18 77
18 78
18 79
18 80
18 81
18 82
18 83
18 84
18 85
18 86
18 87
18 88
18 89
18 90
18 91
18 92
18 93
18 94
18 95
18 96
18 97
18 98
18 99
18 100
18 101
18 102
18 103
18 104
18 105
18 106
18 107
18 108
18 110
18 111
18 112
18 113
18 114
18 115
18 116
18 117
18 118
18 119
18 120
18 121
18 122
18 123
18 124
18 125
18 126
18 127
18 128
18 129
18 130
18 131
18 132
18 133
18 134
18 135
18 136
18 137
18 138
18 139
18 140
18 144
18 147
18 149
18 153
18 157
18 160
18 161
18 162
18 163
18 167
18 170
19 1
19 2
19 3
19 4
19 5
19 6
19 9
19 17
19 25
19 27
19 28
19 31
19 33
19 34
19 35
19 36
19 37
19 38
19 39
19 40
19 41
19 42
19 45
19 47
19 48
19 49
19 50
19 51
19 54
19 58
19 62
19 64
19 65
19 68
19 70
19 71
19 72
19 73
19 74
19 75
19 76
19 77
19 78
19 79
19 80
19 81
19 82
19 83
19 84
19 85
19 86
19 87
19 88
19 89
19 90
19 91
19 92
19 93
19 94
19 95
19 96
19 97
19 98
19 99
19 100
19 101
19 102
19 103
19 104
19 105
19 106
19 107
19 108
19 109
19 111
19 112
19 113
19 114
19 115
19 116
19 117
19 118
19 119
19 120
19 121
19 122
19 123
19 124
19 125
19 126
19 127
19 128
19 129
19 130
19 131
19 132
19 133
19 134
19 135
19 136
19 137
19 138
19 139
19 140
19 141
19 142
19 145
19 147
19 148
19 149
19 150
19 151
19 154
19 158
19 162
19 164
19 165
19 168
19 170
20 2
20 3
20 4
20 5
20 10
20 26
20 27
20 32
20 34
20 35
20 36
20 37
20 38
20 39
20 40
20 41
20 46
20 48
20 49
20 50
20 51
20 55
20 59
20 63
20 64
20 69
20 71
20 72
20 73
20 74
20 75
20 76
20 77
20 78
20 79
20 80
20 81
20 82
20 83
20 84
20 85
20 86
20 87
20 88
20 89
20 90
20 91
20 92
20 93
20 94
20 95
20 96
20 97
20 98
20 99
20 100
20 101
20 102
20 103
20 104
20 105
20 106
20 107
20 108
20 109
20 110
20 112
20 113
20 114
20 115
20 116
20 117
20 118
20 119
20 120
20 121
20 122
20 123
20 124
20 125
20 126
20 127
20 128
20 129
20 130
20 131
20 132
20 133
20 134
20 135
20 136
20 137
20 138
20 139
20 140
20 141
20 146
20 148
20 149
20 150
20 151
20 155
20 159
20 163
20 164
20 169
21 1
21 3
21 4
21 5
21 23
21 27
21 29
21 34
21 35
21 36
21 37
21 38
21 39
21 40
21 41
21 43
21 48
21 49
21 50
21 51
21 52
21 56
21 60
21 64
21 66
21 71
21 72
21 73
21 74
21 75
21 76
21 77
21 78
21 79
21 80
21 81
21 82
21 83
21 84
21 85
21 86
21 87
21 88
21 89
21 90
21 91
21 92
21 93
21 94
21 95
21 96
21 97
21 98
21 99
21 100
21 101
21 102
21 103
21 104
21 105
21 106
21 107
21 108
21 109
21 110
21 111
21 113
21 114
21 115
21 116
21 117
21 118
21 119
21 120
21 121
21 122
21 123
21 124
21 125
21 126
21 127
21 128
21 129
21 130
21 131
21 132
21 133
21 134
21 135
21 136
21 137
21 138
21 139
21 140
21 141
21 143
21 148
21 149
21 150
21 151
21 152
21 156
21 160
21 164
21 166
22 1
22 2
22 4
22 5
22 8
22 24
22 27
22 30
22 34
22 35
22 36
22 37
22 38
22 39
22 40
22 41
22 44
22 48
22 49
22 50
22 51
22 53
22 57
22 61
22 64
22 67
22 71
22 72
22 73
22 74
22 75
22 76
22 77
22 78
22 79
22 80
22 81
22 82
22 83
22 84
22 85
22 86
22 87
22 88
22 89
22 90
22 91
22 92
22 93
22 94
22 95
22 96
22 97
22 98
22 99
22 100
22 101
22 102
22 103
22 104
22 105
22 106
22 107
22 108
22 109
22 110
22 111
22 112
22 114
22 115
22 116
22 117
22 118
22 119
22 120
22 121
22 122
22 123
22 124
22 125
22 126
22 127
22 128
22 129
22 130
22 131
22 132
22 133
22 134
22 135
22 136
22 137
22 138
22 139
22 140
22 141
22 144
22 148
22 149
22 150
22 151
22 153
22 157
22 161
22 164
22 167
23 1
23 2
23 3
23 4
23 5
23 6
23 9
23 17
23 27
23 28
23 31
23 33
23 34
23 35
23 36
23 37
23 38
23 39
23 40
23 41
23 42
23 45
23 47
23 50
23 52
23 53
23 54
23 55
23 58
23 62
23 64
23 65
23 68
23 70
23 71
23 72
23 73
23 74
23 75
23 76
23 77
23 78
23 79
23 80
23 81
23 82
23 83
23 84
23 85
23 86
23 87
23 88
23 89
23 90
23 91
23 92
23 93
23 94
23 95
23 96
23 97
23 98
23 99
23 100
23 101
23 102
23 103
23 104
23 105
23 106
23 107
23 108
23 109
23 110
23 111
23 112
23 113
23 115
23 116
23 117
23 118
23 119
23 120
23 121
23 122
23 123
23 124
23 125
23 126
23 127
23 128
23 129
23 130
23 131
23 132
23 133
23 134
23 135
23 136
23 137
23 138
23 139
23 140
23 141
23 142
23 145
23 147
23 150
23 152
23 153
23 154
23 155
23 158
23 162
23 164
23 165
23 168
23 170
24 1
24 2
24 3
24 4
24 6
24 10
24 17
24 28
24 32
24 34
24 35
24 36
24 37
24 38
24 39
24 40
24 42
24 46
24 51
24 52
24 53
24 54
24 55
24 59
24 63
24 65
24 69
24 71
24 72
24 73
24 74
24 75
24 76
24 77
24 78
24 79
24 80
24 81
24 82
24 83
24 84
24 85
24 86
24 87
24 88
24 89
24 90
24 91
24 92
24 93
24 94
24 95
24 96
24 97
24 98
24 99
24 100
24 101
24 102
24 103
24 104
24 105
24 106
24 107
24 108
24 109
24 110
24 111
24 112
24 113
24 114
24 116
24 117
24 118
24 119
24 120
24 121
24 122
24 123
24 124
24 125
24 126
24 127
24 128
24 129
24 130
24 131
24 132
24 133
24 134
24 135
24 136
24 137
24 138
24 139
24 140
24 142
24 146
24 151
24 152
24 153
24 154
24 155
24 159
24 163
24 165
24 169
25 1
25 2
25 3
25 6
25 28
25 29
25 34
25 35
25 36
25 37
25 38
25 39
25 40
25 42
25 43
25 48
25 52
25 53
25 54
25 55
25 56
25 60
25 65
25 66
25 71
25 72
25 73
25 74
25 75
25 76
25 77
25 78
25 79
25 80
25 81
25 82
25 83
25 84
25 85
25 86
25 87
25 88
25 89
25 90
25 91
25 92
25 93
25 94
25 95
25 96
25 97
25 98
25 99
25 100
25 101
25 102
25 103
25 104
25 105
25 106
25 107
25 108
25 109
25 110
25 111
25 112
25 113
25 114
25 115
25 117
25 118
25 119
25 120
25 121
25 122
25 123
25 124
25 125
25 126
25 127
25 128
25 129
25 130
25 131
25 132
25 133
25 134
25 135
25 136
25 137
25 138
25 139
25 140
25 142
25 143
25 148
25 152
25 153
25 154
25 155
25 156
25 160
25 165
25 166
26 1
26 2
26 3
26 4
26 6
26 8
26 17
26 28
26 30
26 34
26 35
26 36
26 37
26 38
26 39
26 40
26 42
26 44
26 49
26 52
26 53
26 54
26 55
26 57
26 61
26 65
26 67
26 71
26 72
26 73
26 74
26 75
26 76
26 77
26 78
26 79
26 80
26 81
26 82
26 83
26 84
26 85
26 86
26 87
26 88
26 89
26 90
26 91
26 92
26 93
26 94
26 95
26 96
26 97
26 98
26 99
26 100
26 101
26 102
26 103
26 104
26 105
26 106
26 107
26 108
26 109
26 110
26 111
26 112
26 113
26 114
26 115
26 116
26 118
26 119
26 120
26 121
26 122
26 123
26 124
26 125
26 126
26 127
26 128
26 129
26 130
26 131
26 132
26 133
26 134
26 135
26 136
26 137
26 138
26 139
26 140
26 142
26 144
26 149
26 152
26 153
26 154
26 155
26 157
26 161
26 165
26 167
29 2
29 4
29 5
29 6
29 8
29 9
29 10
29 17
29 27
29 28
29 33
29 34
29 35
29 38
29 40
29 41
29 42
29 43
29 44
29 45
29 46
29 47
29 48
29 49
29 50
29 51
29 54
29 58
29 62
29 64
29 65
29 68
29 70
29 71
29 72
29 73
29 74
29 75
29 76
29 77
29 78
29 79
29 80
29 81
29 82
29 83
29 84
29 85
29 86
29 87
29 88
29 89
29 90
29 91
29 92
29 93
29 94
29 95
29 96
29 97
29 98
29 99
29 100
29 101
29 102
29 103
29 104
29 105
29 106
29 107
29 108
29 109
29 110
29 111
29 112
29 113
29 114
29 115
29 116
29 117
29 118
29 119
29 120
29 121
29 122
29 123
29 124
29 125
29 127
29 128
29 129
29 130
29 131
29 132
29 133
29 134
29 135
29 138
29 140
29 141
29 142
29 143
29 144
29 145
29 146
29 147
29 148
29 149
29 150
29 151
29 154
29 158
29 162
29 164
29 165
29 168
29 170
33 5
33 6
33 8
33 9
33 10
33 17
33 35
33 36
33 41
33 42
33 43
33 44
33 45
33 46
33 47
33 48
33 52
33 53
33 54
33 55
33 56
33 60
33 65
33 66
33 71
33 72
33 73
33 74
33 75
33 76
33 77
33 78
33 79
33 80
33 81
33 82
33 83
33 84
33 85
33 86
33 87
33 88
33 89
33 90
33 91
33 92
33 93
33 94
33 95
33 96
33 97
33 98
33 99
33 100
33 101
33 102
33 103
33 104
33 105
33 106
33 107
33 108
33 109
33 110
33 111
33 112
33 113
33 114
33 115
33 116
33 117
33 118
33 119
33 120
33 121
33 122
33 123
33 124
33 125
33 126
33 127
33 128
33 129
33 130
33 131
33 133
33 135
33 136
33 141
33 142
33 143
33 144
33 145
33 146
33 147
33 148
33 152
33 153
33 154
33 155
33 156
33 160
33 165
33 166
36 2
36 4
36 5
36 6
36 9
36 17
36 27
36 28
36 31
36 34
36 35
36 40
36 41
36 42
36 45
36 47
36 48
36 49
36 50
36 51
36 52
36 53
36 54
36 55
36 57
36 58
36 59
36 60
36 61
36 62
36 63
36 64
36 65
36 68
36 70
36 71
36 72
36 73
36 76
36 80
36 84
36 86
36 87
36 88
36 89
36 92
36 96
36 100
36 102
36 103
36 104
36 105
36 106
36 107
36 108
36 109
36 110
36 111
36 112
36 113
36 114
36 115
36 116
36 117
36 118
36 119
36 120
36 121
36 124
36 128
36 132
36 134
36 135
36 137
36 138
36 139
36 140
36 141
36 142
36 143
36 144
36 145
36 146
36 147
36 148
36 149
36 150
36 151
36 152
36 153
36 154
36 155
36 156
36 157
36 158
36 159
36 160
36 161
36 162
36 163
36 164
36 165
36 166
36 167
36 168
36 169
36 170
40 6
40 17
40 28
40 42
40 43
40 48
40 49
40 50
40 51
40 52
40 53
40 54
40 55
40 56
40 57
40 58
40 59
40 60
40 61
40 63
40 65
40 66
40 74
40 75
40 76
40 77
40 78
40 82
40 86
40 90
40 91
40 92
40 93
40 94
40 98
40 102
40 103
40 104
40 105
40 106
40 107
40 108
40 109
40 110
40 111
40 112
40 113
40 114
40 115
40 116
40 117
40 118
40 122
40 123
40 124
40 125
40 126
40 130
40 134
40 135
40 136
40 137
40 138
40 139
40 141
40 142
40 143
40 144
40 145
40 146
40 147
40 148
40 149
40 150
40 151
40 152
40 153
40 154
40 155
40 156
40 157
40 158
40 159
40 160
40 161
40 162
40 163
40 164
40 165
40 166
40 167
40 168
40 169
40 170
43 2
43 4
43 5
43 6
43 9
43 17
43 27
43 28
43 30
43 31
43 32
43 34
43 35
43 38
43 41
43 42
43 47
43 48
43 49
43 50
43 51
43 54
43 58
43 62
43 64
43 65
43 67
43 68
43 69
43 70
43 71
43 72
43 73
43 76
43 80
43 84
43 86
43 87
43 88
43 89
43 92
43 96
43 100
43 102
43 103
43 104
43 105
43 108
43 112
43 116
43 118
43 119
43 120
43 121
43 122
43 123
43 124
43 125
43 126
43 127
43 128
43 129
43 130
43 131
43 132
43 133
43 134
43 135
43 136
43 137
43 138
43 139
43 140
43 141
43 142
43 144
43 145
43 146
43 147
43 148
43 149
43 150
43 151
43 152
43 153
43 154
43 155
43 156
43 157
43 158
43 159
43 160
43 161
43 162
43 163
43 164
43 165
43 166
43 167
43 168
43 169
43 170
47 6
47 17
47 27
47 28
47 30
47 31
47 32
47 35
47 48
47 52
47 53
47 54
47 55
47 56
47 60
47 64
47 65
47 66
47 67
47 68
47 69
47 74
47 75
47 76
47 77
47 78
47 82
47 86
47 90
47 91
47 92
47 93
47 94
47 98
47 102
47 106
47 107
47 108
47 109
47 110
47 114
47 118
47 119
47 120
47 121
47 122
47 123
47 124
47 125
47 126
47 127
47 128
47 129
47 130
47 131
47 132
47 133
47 134
47 135
47 136
47 137
47 138
47 139
47 140
47 141
47 142
47 143
47 144
47 145
47 146
47 148
47 149
47 150
47 151
47 152
47 153
47 154
47 155
47 156
47 157
47 158
47 159
47 160
47 161
47 162
47 163
47 164
47 165
47 166
47 167
47 168
47 169
47 170
48 1
48 2
48 3
48 4
48 5
48 6
48 8
48 9
48 10
48 17
48 27
48 28
48 30
48 31
48 32
48 34
48 35
48 37
48 38
48 39
48 41
48 42
48 44
48 45
48 46
48 54
48 57
48 58
48 59
48 62
48 64
48 65
48 66
48 67
48 68
48 69
48 70
48 71
48 72
48 73
48 74
48 75
48 76
48 77
48 78
48 79
48 80
48 81
48 82
48 83
48 84
48 85
48 88
48 92
48 94
48 95
48 96
48 97
48 100
48 104
48 108
48 110
48 111
48 112
48 113
48 116
48 120
48 124
48 126
48 127
48 128
48 129
48 132
48 134
48 135
48 136
48 137
48 138
48 139
48 140
48 141
48 142
48 143
48 144
48 145
48 146
48 147
48 149
48 150
48 151
48 152
48 153
48 154
48 155
48 156
48 157
48 158
48 159
48 160
48 161
48 162
48 163
48 164
48 165
48 166
48 167
48 168
48 169
48 170
49 1
49 2
49 3
49 4
49 8
49 9
49 10
49 30
49 31
49 32
49 34
49 35
49 37
49 38
49 39
49 44
49 45
49 46
49 55
49 56
49 58
49 59
49 63
49 66
49 67
49 68
49 69
49 71
49 72
49 73
49 74
49 75
49 76
49 77
49 78
49 79
49 80
49 81
49 82
49 83
49 84
49 85
49 89
49 93
49 94
49 95
49 96
49 97
49 101
49 105
49 109
49 110
49 111
49 112
49 113
49 117
49 121
49 125
49 126
49 127
49 128
49 129
49 133
49 134
49 135
49 136
49 137
49 138
49 139
49 140
49 141
49 142
49 143
49 144
49 145
49 146
49 147
49 148
49 150
49 151
49 152
49 153
49 154
49 155
49 156
49 157
49 158
49 159
49 160
49 161
49 162
49 163
49 164
49 165
49 166
49 167
49 168
49 169
49 170
50 1
50 2
50 3
50 4
50 8
50 9
50 10
50 30
50 31
50 32
50 35
50 37
50 38
50 39
50 44
50 45
50 46
50 52
50 56
50 57
50 59
50 60
50 66
50 67
50 68
50 69
50 71
50 72
50 73
50 74
50 75
50 76
50 77
50 78
50 79
50 80
50 81
50 82
50 83
50 84
50 85
50 86
50 90
50 94
50 95
50 96
50 97
50 98
50 102
50 106
50 110
50 111
50 112
50 113
50 114
50 118
50 122
50 126
50 127
50 128
50 129
50 130
50 134
50 135
50 136
50 137
50 138
50 139
50 140
50 141
50 142
50 143
50 144
50 145
50 146
50 147
50 148
50 149
50 151
50 152
50 153
50 154
50 155
50 156
50 157
50 158
50 159
50 160
50 161
50 162
50 163
50 164
50 165
50 166
50 167
50 168
50 169
50 170
51 1
51 2
51 3
51 4
51 8
51 9
51 10
51 30
51 31
51 32
51 34
51 35
51 37
51 38
51 39
51 44
51 45
51 46
51 53
51 56
51 57
51 58
51 61
51 66
51 67
51 68
51 69
51 71
51 72
51 73
51 74
51 75
51 76
51 77
51 78
51 79
51 80
51 81
51 82
51 83
51 84
51 85
51 87
51 91
51 94
51 95
51 96
51 97
51 99
51 103
51 107
51 110
51 111
51 112
51 113
51 115
51 119
51 123
51 126
51 127
51 128
51 129
51 131
51 134
51 135
51 136
51 137
51 138
51 139
51 140
51 141
51 142
51 143
51 144
51 145
51 146
51 147
51 148
51 149
51 150
51 152
51 153
51 154
51 155
51 156
51 157
51 158
51 159
51 160
51 161
51 162
51 163
51 164
51 165
51 166
51 167
51 168
51 169
51 170
52 1
52 2
52 3
52 4
52 5
52 6
52 9
52 17
52 27
52 28
52 31
52 34
52 35
52 37
52 38
52 39
52 41
52 42
52 45
52 58
52 61
52 62
52 63
52 64
52 65
52 68
52 70
52 71
52 72
52 73
52 74
52 75
52 76
52 77
52 78
52 79
52 80
52 81
52 82
52 83
52 84
52 85
52 88
52 92
52 96
52 98
52 99
52 100
52 101
52 104
52 108
52 112
52 114
52 115
52 116
52 117
52 120
52 124
52 128
52 130
52 131
52 132
52 133
52 134
52 135
52 136
52 137
52 138
52 139
52 140
52 141
52 142
52 143
52 144
52 145
52 146
52 147
52 148
52 149
52 150
52 151
52 153
52 154
52 155
52 156
52 157
52 158
52 159
52 160
52 161
52 162
52 163
52 164
52 165
52 166
52 167
52 168
52 169
52 170
53 1
53 2
53 3
53 4
53 10
53 32
53 34
53 35
53 37
53 38
53 39
53 46
53 59
53 60
53 62
53 63
53 69
53 70
53 71
53 72
53 73
53 74
53 75
53 76
53 77
53 78
53 79
53 80
53 81
53 82
53 83
53 84
53 85
53 89
53 93
53 97
53 98
53 99
53 100
53 101
53 105
53 109
53 113
53 114
53 115
53 116
53 117
53 121
53 125
53 129
53 130
53 131
53 132
53 133
53 134
53 135
53 136
53 137
53 138
53 139
53 140
53 141
53 142
53 143
53 144
53 145
53 146
53 147
53 148
53 149
53 150
53 151
53 152
53 154
53 155
53 156
53 157
53 158
53 159
53 160
53 161
53 162
53 163
53 164
53 165
53 166
53 167
53 168
53 169
53 170
54 1
54 2
54 3
54 4
54 34
54 37
54 38
54 39
54 56
54 60
54 61
54 63
54 66
54 70
54 71
54 72
54 73
54 74
54 75
54 76
54 77
54 78
54 79
54 80
54 81
54 82
54 83
54 84
54 85
54 86
54 90
54 94
54 98
54 99
54 100
54 101
54 102
54 106
54 110
54 114
54 115
54 116
54 117
54 118
54 122
54 126
54 130
54 131
54 132
54 133
54 134
54 135
54 136
54 137
54 138
54 139
54 140
54 141
54 142
54 143
54 144
54 145
54 146
54 147
54 148
54 149
54 150
54 151
54 152
54 153
54 155
54 156
54 157
54 158
54 159
54 160
54 161
54 162
54 163
54 164
54 165
54 166
54 167
54 168
54 169
54 170
55 1
55 2
55 3
55 4
55 8
55 30
55 34
55 35
55 37
55 38
55 39
55 44
55 57
55 60
55 61
55 62
55 67
55 70
55 71
55 72
55 73
55 74
55 75
55 76
55 77
55 78
55 79
55 80
55 81
55 82
55 83
55 84
55 85
55 87
55 91
55 95
55 98
55 99
55 100
55 101
55 103
55 107
55 111
55 114
55 115
55 116
55 117
55 119
55 123
55 127
55 130
55 131
55 132
55 133
55 134
55 135
55 136
55 137
55 138
55 139
55 140
55 141
55 142
55 143
55 144
55 145
55 146
55 147
55 148
55 149
55 150
55 151
55 152
55 153
55 154
55 156
55 157
55 158
55 159
55 160
55 161
55 162
55 163
55 164
55 165
55 166
55 167
55 168
55 169
55 170
56 1
56 2
56 3
56 4
56 5
56 6
56 9
56 17
56 27
56 28
56 31
56 34
56 35
56 37
56 38
56 39
56 41
56 42
56 45
56 62
56 64
56 65
56 68
56 70
56 71
56 72
56 73
56 74
56 75
56 76
56 77
56 78
56 79
56 80
56 81
56 82
56 83
56 84
56 85
56 86
56 87
56 88
56 89
56 92
56 96
56 100
56 102
56 103
56 104
56 105
56 108
56 112
56 116
56 118
56 119
56 120
56 121
56 124
56 128
56 132
56 134
56 135
56 136
56 137
56 138
56 139
56 140
56 141
56 142
56 143
56 144
56 145
56 146
56 147
56 148
56 149
56 150
56 151
56 152
56 153
56 154
56 155
56 157
56 158
56 159
56 160
56 161
56 162
56 163
56 164
56 165
56 166
56 167
56 168
56 169
56 170
57 1
57 2
57 3
57 4
57 5
57 10
57 27
57 32
57 34
57 35
57 38
57 39
57 41
57 46
57 63
57 64
57 69
57 71
57 72
57 73
57 74
57 75
57 76
57 77
57 78
57 79
57 80
57 81
57 82
57 83
57 84
57 85
57 86
57 87
57 88
57 89
57 93
57 97
57 101
57 102
57 103
57 104
57 105
57 109
57 113
57 117
57 118
57 119
57 120
57 121
57 125
57 129
57 133
57 134
57 135
57 136
57 137
57 138
57 139
57 140
57 141
57 142
57 143
57 144
57 145
57 146
57 147
57 148
57 149
57 150
57 151
57 152
57 153
57 154
57 155
57 156
57 158
57 159
57 160
57 161
57 162
57 163
57 164
57 165
57 166
57 167
57 168
57 169
57 170
58 1
58 2
58 3
58 4
58 5
58 27
58 34
58 35
58 37
58 39
58 41
58 60
58 64
58 66
58 71
58 72
58 73
58 74
58 75
58 76
58 77
58 78
58 79
58 80
58 81
58 82
58 83
58 84
58 85
58 86
58 87
58 88
58 89
58 90
58 94
58 98
58 102
58 103
58 104
58 105
58 106
58 110
58 114
58 118
58 119
58 120
58 121
58 122
58 126
58 130
58 134
58 135
58 136
58 137
58 138
58 139
58 140
58 141
58 142
58 143
58 144
58 145
58 146
58 147
58 148
58 149
58 150
58 151
58 152
58 153
58 154
58 155
58 156
58 157
58 159
58 160
58 161
58 162
58 163
58 164
58 165
58 166
58 167
58 168
58 169
58 170
59 1
59 2
59 3
59 4
59 5
59 8
59 27
59 30
59 34
59 35
59 37
59 38
59 41
59 44
59 61
59 64
59 67
59 71
59 72
59 73
59 74
59 75
59 76
59 77
59 78
59 79
59 80
59 81
59 82
59 83
59 84
59 85
59 86
59 87
59 88
59 89
59 91
59 95
59 99
59 102
59 103
59 104
59 105
59 107
59 111
59 115
59 118
59 119
59 120
59 121
59 123
59 127
59 131
59 134
59 135
59 136
59 137
59 138
59 139
59 140
59 141
59 142
59 143
59 144
59 145
59 146
59 147
59 148
59 149
59 150
59 151
59 152
59 153
59 154
59 155
59 156
59 157
59 158
59 160
59 161
59 162
59 163
59 164
59 165
59 166
59 167
59 168
59 169
59 170
60 1
60 2
60 3
60 4
60 5
60 6
60 9
60 17
60 27
60 28
60 31
60 34
60 35
60 37
60 38
60 39
60 41
60 42
60 45
60 64
60 65
60 68
60 70
60 71
60 72
60 73
60 74
60 75
60 76
60 77
60 78
60 79
60 80
60 81
60 82
60 83
60 84
60 85
60 88
60 90
60 91
60 92
60 93
60 96
60 100
60 104
60 106
60 107
60 108
60 109
60 112
60 116
60 120
60 122
60 123
60 124
60 125
60 128
60 132
60 134
60 135
60 136
60 137
60 138
60 139
60 140
60 141
60 142
60 143
60 144
60 145
60 146
60 147
60 148
60 149
60 150
60 151
60 152
60 153
60 154
60 155
60 156
60 157
60 158
60 159
60 161
60 162
60 163
60 164
60 165
60 166
60 167
60 168
60 169
60 170
61 1
61 2
61 3
61 4
61 6
61 10
61 17
61 28
61 32
61 34
61 35
61 37
61 38
61 39
61 42
61 46
61 65
61 69
61 71
61 72
61 73
61 74
61 75
61 76
61 77
61 78
61 79
61 80
61 81
61 82
61 83
61 84
61 85
61 89
61 90
61 91
61 92
61 93
61 97
61 101
61 105
61 106
61 107
61 108
61 109
61 113
61 117
61 121
61 122
61 123
61 124
61 125
61 129
61 133
61 134
61 135
61 136
61 137
61 138
61 139
61 140
61 141
61 142
61 143
61 144
61 145
61 146
61 147
61 148
61 149
61 150
61 151
61 152
61 153
61 154
61 155
61 156
61 157
61 158
61 159
61 160
61 162
61 163
61 164
61 165
61 166
61 167
61 168
61 169
61 170
62 1
62 2
62 3
62 4
62 6
62 17
62 28
62 34
62 35
62 37
62 38
62 39
62 42
62 65
62 66
62 71
62 72
62 73
62 74
62 75
62 76
62 77
62 78
62 79
62 80
62 81
62 82
62 83
62 84
62 85
62 86
62 90
62 91
62 92
62 93
62 94
62 98
62 102
62 106
62 107
62 108
62 109
62 110
62 114
62 118
62 122
62 123
62 124
62 125
62 126
62 130
62 134
62 135
62 136
62 137
62 138
62 139
62 140
62 141
62 142
62 143
62 144
62 145
62 146
62 147
62 148
62 149
62 150
62 151
62 152
62 153
62 154
62 155
62 156
62 157
62 158
62 159
62 160
62 161
62 163
62 164
62 165
62 166
62 167
62 168
62 169
62 170
63 1
63 2
63 3
63 4
63 6
63 8
63 17
63 28
63 30
63 34
63 35
63 37
63 38
63 39
63 42
63 44
63 65
63 67
63 71
63 72
63 73
63 74
63 75
63 76
63 77
63 78
63 79
63 80
63 81
63 82
63 83
63 84
63 85
63 87
63 90
63 91
63 92
63 93
63 95
63 99
63 103
63 106
63 107
63 108
63 109
63 111
63 115
63 119
63 122
63 123
63 124
63 125
63 127
63 131
63 134
63 135
63 136
63 137
63 138
63 139
63 140
63 141
63 142
63 143
63 144
63 145
63 146
63 147
63 148
63 149
63 150
63 151
63 152
63 153
63 154
63 155
63 156
63 157
63 158
63 159
63 160
63 161
63 162
63 164
63 165
63 166
63 167
63 168
63 169
63 170
66 2
66 4
66 5
66 6
66 8
66 9
66 10
66 17
66 27
66 28
66 31
66 34
66 35
66 38
66 41
66 42
66 44
66 45
66 46
66 64
66 65
66 70
66 71
66 72
66 73
66 76
66 80
66 84
66 86
66 87
66 88
66 89
66 90
66 91
66 92
66 93
66 94
66 95
66 96
66 97
66 98
66 99
66 100
66 101
66 102
66 103
66 104
66 105
66 108
66 112
66 116
66 118
66 119
66 120
66 121
66 124
66 128
66 132
66 134
66 135
66 136
66 137
66 138
66 139
66 140
66 141
66 142
66 143
66 144
66 145
66 146
66 147
66 148
66 149
66 150
66 151
66 152
66 153
66 154
66 155
66 156
66 157
66 158
66 159
66 160
66 161
66 162
66 163
66 164
66 165
66 167
66 168
66 169
66 170
70 5
70 6
70 8
70 9
70 10
70 17
70 28
70 35
70 41
70 42
70 44
70 45
70 46
70 74
70 75
70 76
70 77
70 78
70 82
70 86
70 87
70 88
70 89
70 90
70 91
70 92
70 93
70 94
70 95
70 96
70 97
70 98
70 99
70 100
70 101
70 102
70 106
70 107
70 108
70 109
70 110
70 114
70 118
70 122
70 123
70 124
70 125
70 126
70 130
70 134
70 135
70 136
70 137
70 138
70 139
70 140
70 141
70 142
70 143
70 144
70 145
70 146
70 147
70 148
70 149
70 150
70 151
70 152
70 153
70 154
70 155
70 156
70 157
70 158
70 159
70 160
70 161
70 162
70 163
70 164
70 165
70 166
70 167
70 168
70 169
71 1
71 2
71 3
71 4
71 5
71 6
71 8
71 9
71 10
71 17
71 27
71 28
71 30
71 31
71 32
71 37
71 38
71 39
71 44
71 45
71 46
71 67
71 68
71 69
71 77
71 78
71 80
71 81
71 85
71 89
71 93
71 94
71 95
71 96
71 97
71 101
71 102
71 104
71 105
71 106
71 107
71 108
71 109
71 110
71 111
71 112
71 113
71 114
71 115
71 116
71 117
71 121
71 125
71 126
71 127
71 128
71 129
71 133
71 136
71 137
71 138
71 139
71 143
71 144
71 145
71 146
71 148
71 149
71 150
71 151
71 152
71 153
71 154
71 155
71 156
71 157
71 158
71 159
71 160
71 161
71 162
71 163
71 166
71 167
71 168
71 169
72 1
72 2
72 3
72 4
72 5
72 6
72 8
72 9
72 10
72 17
72 27
72 28
72 30
72 31
72 32
72 37
72 38
72 39
72 44
72 45
72 46
72 67
72 68
72 69
72 74
72 78
72 79
72 81
72 82
72 86
72 90
72 94
72 95
72 96
72 97
72 98
72 102
72 103
72 105
72 106
72 107
72 108
72 109
72 110
72 111
72 112
72 113
72 114
72 115
72 116
72 117
72 118
72 122
72 126
72 127
72 128
72 129
72 130
72 136
72 137
72 138
72 139
72 143
72 144
72 145
72 146
72 148
72 149
72 150
72 151
72 152
72 153
72 154
72 155
72 156
72 157
72 158
72 159
72 160
72 161
72 162
72 163
72 166
72 167
72 168
72 169
73 1
73 2
73 3
73 4
73 5
73 6
73 8
73 9
73 10
73 17
73 27
73 28
73 30
73 31
73 32
73 37
73 38
73 39
73 44
73 45
73 46
73 67
73 68
73 69
73 75
73 78
73 79
73 80
73 83
73 87
73 91
73 94
73 95
73 96
73 97
73 99
73 102
73 103
73 104
73 106
73 107
73 108
73 109
73 110
73 111
73 112
73 113
73 114
73 115
73 116
73 117
73 119
73 123
73 126
73 127
73 128
73 129
73 131
73 136
73 137
73 138
73 139
73 143
73 144
73 145
73 146
73 148
73 149
73 150
73 151
73 152
73 153
73 154
73 155
73 156
73 157
73 158
73 159
73 160
73 161
73 162
73 163
73 166
73 167
73 168
73 169
74 1
74 2
74 3
74 4
74 5
74 6
74 8
74 9
74 10
74 17
74 27
74 28
74 30
74 31
74 32
74 34
74 35
74 38
74 41
74 42
74 45
74 64
74 65
74 68
74 80
74 83
74 84
74 85
74 88
74 92
74 96
74 98
74 99
74 100
74 101
74 102
74 103
74 104
74 105
74 107
74 108
74 109
74 110
74 111
74 112
74 113
74 114
74 115
74 116
74 117
74 120
74 124
74 128
74 130
74 131
74 132
74 133
74 134
74 135
74 138
74 140
74 141
74 142
74 145
74 147
74 148
74 149
74 150
74 151
74 152
74 153
74 154
74 155
74 156
74 157
74 158
74 159
74 160
74 161
74 162
74 163
74 164
74 165
74 168
74 170
75 1
75 2
75 3
75 4
75 5
75 6
75 8
75 9
75 10
75 17
75 27
75 28
75 30
75 31
75 32
75 39
75 46
75 69
75 81
75 82
75 84
75 85
75 89
75 93
75 97
75 98
75 99
75 100
75 101
75 102
75 103
75 104
75 105
75 106
75 108
75 109
75 110
75 111
75 112
75 113
75 114
75 115
75 116
75 117
75 121
75 125
75 129
75 130
75 131
75 132
75 133
75 139
75 140
75 146
75 147
75 148
75 149
75 150
75 151
75 152
75 153
75 154
75 155
75 156
75 157
75 158
75 159
75 160
75 161
75 162
75 163
75 169
75 170
77 1
77 2
77 3
77 4
77 5
77 6
77 8
77 9
77 10
77 17
77 27
77 28
77 30
77 31
77 32
77 37
77 44
77 67
77 79
77 82
77 83
77 84
77 87
77 91
77 95
77 98
77 99
77 100
77 101
77 102
77 103
77 104
77 105
77 106
77 107
77 108
77 110
77 111
77 112
77 113
77 114
77 115
77 116
77 117
77 119
77 123
77 127
77 130
77 131
77 132
77 133
77 137
77 140
77 144
77 147
77 148
77 149
77 150
77 151
77 152
77 153
77 154
77 155
77 156
77 157
77 158
77 159
77 160
77 161
77 162
77 163
77 167
77 170
78 1
78 2
78 3
78 4
78 5
78 6
78 8
78 9
78 10
78 17
78 27
78 28
78 30
78 31
78 32
78 34
78 35
78 38
78 41
78 42
78 45
78 64
78 65
78 68
78 76
78 84
78 86
78 87
78 88
78 89
78 92
78 96
78 100
78 102
78 103
78 104
78 105
78 106
78 107
78 108
78 109
78 111
78 112
78 113
78 114
78 115
78 116
78 117
78 118
78 119
78 120
78 121
78 124
78 128
78 132
78 134
78 135
78 138
78 140
78 141
78 142
78 145
78 147
78 148
78 149
78 150
78 151
78 152
78 153
78 154
78 155
78 156
78 157
78 158
78 159
78 160
78 161
78 162
78 163
78 164
78 165
78 168
78 170
79 2
79 3
79 4
79 5
79 6
79 8
79 9
79 10
79 17
79 27
79 28
79 30
79 31
79 32
79 34
79 39
79 41
79 46
79 64
79 69
79 85
79 86
79 87
79 88
79 89
79 93
79 97
79 101
79 102
79 103
79 104
79 105
79 106
79 107
79 108
79 109
79 110
79 112
79 113
79 114
79 115
79 116
79 117
79 118
79 119
79 120
79 121
79 125
79 129
79 133
79 134
79 139
79 141
79 146
79 148
79 149
79 150
79 151
79 152
79 153
79 154
79 155
79 156
79 157
79 158
79 159
79 160
79 161
79 162
79 163
79 164
79 169
80 1
80 3
80 4
80 5
80 6
80 8
80 9
80 10
80 17
80 27
80 28
80 30
80 31
80 32
80 34
80 41
80 64
80 82
80 86
80 87
80 88
80 89
80 90
80 94
80 98
80 102
80 103
80 104
80 105
80 106
80 107
80 108
80 109
80 110
80 111
80 113
80 114
80 115
80 116
80 117
80 118
80 119
80 120
80 121
80 122
80 126
80 130
80 134
80 136
80 141
80 143
80 148
80 149
80 150
80 151
80 152
80 153
80 154
80 155
80 156
80 157
80 158
80 159
80 160
80 161
80 162
80 163
80 164
80 166
81 1
81 2
81 4
81 5
81 6
81 8
81 9
81 10
81 17
81 27
81 28
81 30
81 31
81 32
81 34
81 37
81 41
81 44
81 64
81 67
81 83
81 86
81 87
81 88
81 89
81 91
81 95
81 99
81 102
81 103
81 104
81 105
81 106
81 107
81 108
81 109
81 110
81 111
81 112
81 114
81 115
81 116
81 117
81 118
81 119
81 120
81 121
81 123
81 127
81 131
81 134
81 137
81 141
81 144
81 148
81 149
81 150
81 151
81 152
81 153
81 154
81 155
81 156
81 157
81 158
81 159
81 160
81 161
81 162
81 163
81 164
81 167
82 1
82 2
82 3
82 4
82 5
82 6
82 8
82 9
82 10
82 17
82 27
82 28
82 30
82 31
82 32
82 34
82 35
82 38
82 41
82 42
82 45
82 64
82 65
82 68
82 76
82 88
82 90
82 91
82 92
82 93
82 96
82 100
82 102
82 103
82 104
82 105
82 106
82 107
82 108
82 109
82 110
82 111
82 112
82 113
82 115
82 116
82 117
82 120
82 122
82 123
82 124
82 125
82 128
82 132
82 134
82 135
82 138
82 140
82 141
82 142
82 145
82 147
82 148
82 149
82 150
82 151
82 152
82 153
82 154
82 155
82 156
82 157
82 158
82 159
82 160
82 161
82 162
82 163
82 164
82 165
82 168
82 170
83 1
83 2
83 3
83 4
83 5
83 6
83 8
83 9
83 10
83 17
83 27
83 28
83 30
83 31
83 32
83 35
83 39
83 42
83 46
83 65
83 69
83 76
83 89
83 90
83 91
83 92
83 93
83 97
83 101
83 102
83 103
83 104
83 105
83 106
83 107
83 108
83 109
83 110
83 111
83 112
83 113
83 114
83 116
83 117
83 121
83 122
83 123
83 124
83 125
83 129
83 133
83 135
83 139
83 142
83 146
83 148
83 149
83 150
83 151
83 152
83 153
83 154
83 155
83 156
83 157
83 158
83 159
83 160
83 161
83 162
83 163
83 165
83 169
84 1
84 2
84 3
84 5
84 6
84 8
84 9
84 10
84 17
84 27
84 28
84 30
84 31
84 32
84 35
84 42
84 65
84 86
84 90
84 91
84 92
84 93
84 94
84 98
84 102
84 103
84 104
84 105
84 106
84 107
84 108
84 109
84 110
84 111
84 112
84 113
84 114
84 115
84 117
84 118
84 122
84 123
84 124
84 125
84 126
84 130
84 135
84 136
84 142
84 143
84 148
84 149
84 150
84 151
84 152
84 153
84 154
84 155
84 156
84 157
84 158
84 159
84 160
84 161
84 162
84 163
84 165
84 166
85 1
85 2
85 3
85 4
85 5
85 6
85 8
85 9
85 10
85 17
85 27
85 28
85 30
85 31
85 32
85 35
85 37
85 42
85 44
85 65
85 67
85 76
85 87
85 90
85 91
85 92
85 93
85 95
85 99
85 102
85 103
85 104
85 105
85 106
85 107
85 108
85 109
85 110
85 111
85 112
85 113
85 114
85 115
85 116
85 119
85 122
85 123
85 124
85 125
85 127
85 131
85 135
85 137
85 142
85 144
85 148
85 149
85 150
85 151
85 152
85 153
85 154
85 155
85 156
85 157
85 158
85 159
85 160
85 161
85 162
85 163
85 165
85 167
86 1
86 2
86 3
86 4
86 5
86 6
86 8
86 9
86 10
86 17
86 27
86 28
86 30
86 31
86 32
86 34
86 35
86 37
86 38
86 39
86 41
86 42
86 44
86 45
86 46
86 64
86 65
86 67
86 68
86 69
86 76
86 92
86 95
86 96
86 97
86 100
86 104
86 108
86 110
86 111
86 112
86 113
86 116
86 119
86 120
86 121
86 122
86 123
86 124
86 125
86 126
86 127
86 128
86 129
86 130
86 131
86 132
86 133
86 134
86 135
86 136
86 137
86 138
86 139
86 140
86 141
86 142
86 143
86 144
86 145
86 146
86 147
86 150
86 154
86 156
86 157
86 158
86 159
86 162
86 164
86 165
86 166
86 167
86 168
86 169
86 170
87 1
87 2
87 3
87 4
87 5
87 6
87 8
87 9
87 10
87 17
87 27
87 28
87 30
87 31
87 32
87 37
87 38
87 39
87 44
87 45
87 46
87 64
87 65
87 67
87 68
87 69
87 93
87 94
87 96
87 97
87 101
87 105
87 109
87 110
87 111
87 112
87 113
87 117
87 118
87 120
87 121
87 122
87 123
87 124
87 125
87 126
87 127
87 128
87 129
87 130
87 131
87 132
87 133
87 136
87 137
87 138
87 139
87 143
87 144
87 145
87 146
87 151
87 155
87 156
87 157
87 158
87 159
87 163
87 164
87 165
87 166
87 167
87 168
87 169
87 170
88 1
88 2
88 3
88 4
88 6
88 8
88 9
88 10
88 17
88 27
88 28
88 30
88 31
88 32
88 37
88 38
88 39
88 44
88 45
88 46
88 64
88 65
88 67
88 68
88 69
88 90
88 94
88 95
88 97
88 98
88 102
88 106
88 110
88 111
88 112
88 113
88 114
88 118
88 119
88 121
88 122
88 123
88 124
88 125
88 126
88 127
88 128
88 129
88 130
88 131
88 132
88 133
88 136
88 137
88 138
88 139
88 143
88 144
88 145
88 146
88 148
88 152
88 156
88 157
88 158
88 159
88 160
88 164
88 165
88 166
88 167
88 168
88 169
88 170
89 1
89 2
89 3
89 4
89 5
89 6
89 8
89 9
89 10
89 17
89 27
89 28
89 30
89 31
89 32
89 37
89 38
89 39
89 44
89 45
89 46
89 64
89 65
89 67
89 68
89 69
89 91
89 94
89 95
89 96
89 99
89 103
89 107
89 110
89 111
89 112
89 113
89 115
89 118
89 119
89 120
89 122
89 123
89 124
89 125
89 126
89 127
89 128
89 129
89 130
89 131
89 132
89 133
89 136
89 137
89 138
89 139
89 143
89 144
89 145
89 146
89 149
89 153
89 156
89 157
89 158
89 159
89 161
89 164
89 165
89 166
89 167
89 168
89 169
89 170
90 1
90 2
90 3
90 4
90 5
90 6
90 8
90 9
90 10
90 17
90 27
90 28
90 30
90 31
90 32
90 34
90 35
90 38
90 41
90 42
90 45
90 64
90 65
90 67
90 68
90 69
90 76
90 96
90 99
90 100
90 101
90 104
90 108
90 112
90 114
90 115
90 116
90 117
90 118
90 119
90 120
90 121
90 123
90 124
90 125
90 126
90 127
90 128
90 129
90 130
90 131
90 132
90 133
90 134
90 135
90 138
90 140
90 141
90 142
90 145
90 147
90 150
90 154
90 158
90 160
90 161
90 162
90 163
90 164
90 165
90 166
90 167
90 168
90 169
90 170
91 1
91 2
91 3
91 4
91 5
91 6
91 8
91 9
91 10
91 17
91 27
91 28
91 30
91 31
91 32
91 39
91 46
91 64
91 65
91 67
91 68
91 69
91 97
91 98
91 100
91 101
91 105
91 109
91 113
91 114
91 115
91 116
91 117
91 118
91 119
91 120
91 121
91 122
91 124
91 125
91 126
91 127
91 128
91 129
91 130
91 131
91 132
91 133
91 139
91 140
91 146
91 147
91 151
91 155
91 159
91 160
91 161
91 162
91 163
91 164
91 165
91 166
91 167
91 168
91 169
91 170
92 1
92 2
92 3
92 4
92 5
92 8
92 9
92 10
92 17
92 27
92 28
92 30
92 31
92 32
92 64
92 65
92 67
92 68
92 69
92 94
92 98
92 99
92 101
92 102
92 106
92 110
92 114
92 115
92 116
92 117
92 118
92 119
92 120
92 121
92 122
92 123
92 125
92 126
92 127
92 128
92 129
92 130
92 131
92 132
92 133
92 136
92 140
92 143
92 147
92 148
92 152
92 156
92 160
92 161
92 162
92 163
92 164
92 165
92 166
92 167
92 168
92 169
92 170
93 1
93 2
93 3
93 4
93 5
93 6
93 8
93 9
93 10
93 17
93 27
93 28
93 30
93 31
93 32
93 37
93 44
93 64
93 65
93 67
93 68
93 69
93 95
93 98
93 99
93 100
93 103
93 107
93 111
93 114
93 115
93 116
93 117
93 118
93 119
93 120
93 121
93 122
93 123
93 124
93 126
93 127
93 128
93 129
93 130
93 131
93 132
93 133
93 137
93 140
93 144
93 147
93 149
93 153
93 157
93 160
93 161
93 162
93 163
93 164
93 165
93 166
93 167
93 168
93 169
93 170
94 1
94 2
94 3
94 4
94 5
94 6
94 8
94 9
94 10
94 17
94 27
94 28
94 30
94 31
94 32
94 34
94 35
94 38
94 41
94 42
94 45
94 64
94 65
94 67
94 68
94 69
94 76
94 100
94 102
94 103
94 104
94 105
94 108
94 112
94 116
94 118
94 119
94 120
94 121
94 122
94 123
94 124
94 125
94 127
94 128
94 129
94 130
94 131
94 132
94 133
94 134
94 135
94 138
94 140
94 141
94 142
94 145
94 147
94 148
94 149
94 150
94 151
94 154
94 158
94 162
94 164
94 165
94 166
94 167
94 168
94 169
94 170
95 1
95 2
95 3
95 4
95 5
95 6
95 9
95 10
95 17
95 27
95 28
95 30
95 31
95 32
95 34
95 39
95 41
95 46
95 64
95 65
95 67
95 68
95 69
95 101
95 102
95 103
95 104
95 105
95 109
95 113
95 117
95 118
95 119
95 120
95 121
95 122
95 123
95 124
95 125
95 126
95 128
95 129
95 130
95 131
95 132
95 133
95 134
95 139
95 141
95 146
95 148
95 149
95 150
95 151
95 155
95 159
95 163
95 164
95 165
95 166
95 167
95 168
95 169
95 170
96 1
96 2
96 3
96 4
96 5
96 6
96 8
96 10
96 17
96 27
96 28
96 30
96 31
96 32
96 34
96 41
96 64
96 65
96 67
96 68
96 69
96 98
96 102
96 103
96 104
96 105
96 106
96 110
96 114
96 118
96 119
96 120
96 121
96 122
96 123
96 124
96 125
96 126
96 127
96 129
96 130
96 131
96 132
96 133
96 134
96 136
96 141
96 143
96 148
96 149
96 150
96 151
96 152
96 156
96 160
96 164
96 165
96 166
96 167
96 168
96 169
96 170
97 1
97 2
97 3
97 4
97 5
97 6
97 8
97 9
97 17
97 27
97 28
97 30
97 31
97 32
97 34
97 37
97 41
97 44
97 64
97 65
97 67
97 68
97 69
97 99
97 102
97 103
97 104
97 105
97 107
97 111
97 115
97 118
97 119
97 120
97 121
97 122
97 123
97 124
97 125
97 126
97 127
97 128
97 130
97 131
97 132
97 133
97 134
97 137
97 141
97 144
97 148
97 149
97 150
97 151
97 153
97 157
97 161
97 164
97 165
97 166
97 167
97 168
97 169
97 170
98 1
98 2
98 3
98 4
98 5
98 6
98 8
98 9
98 10
98 17
98 27
98 28
98 30
98 31
98 32
98 34
98 35
98 38
98 41
98 42
98 45
98 64
98 65
98 67
98 68
98 69
98 76
98 104
98 106
98 107
98 108
98 109
98 112
98 116
98 118
98 119
98 120
98 121
98 122
98 123
98 124
98 125
98 126
98 127
98 128
98 129
98 131
98 132
98 133
98 134
98 135
98 138
98 140
98 141
98 142
98 145
98 147
98 150
98 152
98 153
98 154
98 155
98 158
98 162
98 164
98 165
98 166
98 167
98 168
98 169
98 170
99 1
99 2
99 3
99 4
99 5
99 6
99 8
99 9
99 10
99 17
99 27
99 28
99 30
99 31
99 32
99 35
99 39
99 42
99 46
99 64
99 65
99 67
99 68
99 69
99 76
99 105
99 106
99 107
99 108
99 109
99 113
99 117
99 118
99 119
99 120
99 121
99 122
99 123
99 124
99 125
99 126
99 127
99 128
99 129
99 130
99 132
99 133
99 135
99 139
99 142
99 146
99 151
99 152
99 153
99 154
99 155
99 159
99 163
99 164
99 165
99 166
99 167
99 168
99 169
99 170
100 1
100 2
100 3
100 4
100 5
100 6
100 8
100 9
100 10
100 17
100 27
100 28
100 30
100 31
100 32
100 35
100 42
100 64
100 65
100 67
100 68
100 69
100 76
100 102
100 106
100 107
100 108
100 109
100 110
100 114
100 118
100 119
100 120
100 121
100 122
100 123
100 124
100 125
100 126
100 127
100 128
100 129
100 130
100 131
100 133
100 135
100 136
100 142
100 143
100 148
100 152
100 153
100 154
100 155
100 156
100 160
100 164
100 165
100 166
100 167
100 168
100 169
100 170
101 1
101 2
101 3
101 4
101 5
101 6
101 8
101 9
101 10
101 17
101 27
101 28
101 30
101 31
101 32
101 35
101 37
101 42
101 44
101 64
101 65
101 67
101 68
101 69
101 76
101 103
101 106
101 107
101 108
101 109
101 111
101 115
101 118
101 119
101 120
101 121
101 122
101 123
101 124
101 125
101 126
101 127
101 128
101 129
101 130
101 131
101 132
101 135
101 137
101 142
101 144
101 149
101 152
101 153
101 154
101 155
101 157
101 161
101 164
101 165
101 166
101 167
101 168
101 169
101 170
102 1
102 2
102 3
102 4
102 5
102 6
102 8
102 9
102 10
102 17
102 27
102 28
102 30
102 31
102 32
102 34
102 35
102 37
102 38
102 39
102 41
102 42
102 44
102 45
102 46
102 64
102 65
102 67
102 68
102 69
102 76
102 108
102 111
102 112
102 113
102 116
102 120
102 124
102 126
102 127
102 128
102 129
102 132
102 134
102 135
102 136
102 137
102 138
102 139
102 140
102 141
102 142
102 143
102 144
102 145
102 146
102 147
102 150
102 154
102 156
102 157
102 158
102 159
102 162
102 164
102 165
102 166
102 167
102 168
102 169
102 170
103 1
103 2
103 3
103 4
103 5
103 6
103 8
103 9
103 10
103 17
103 27
103 28
103 30
103 31
103 32
103 34
103 35
103 37
103 38
103 39
103 44
103 45
103 46
103 67
103 68
103 69
103 76
103 109
103 110
103 112
103 113
103 117
103 121
103 125
103 126
103 127
103 128
103 129
103 133
103 134
103 135
103 136
103 137
103 138
103 139
103 140
103 143
103 144
103 145
103 146
103 151
103 155
103 156
103 157
103 158
103 159
103 163
103 166
103 167
103 168
103 169
104 1
104 2
104 3
104 4
104 5
104 6
104 8
104 9
104 10
104 17
104 27
104 28
104 30
104 31
104 32
104 34
104 35
104 37
104 38
104 39
104 44
104 45
104 46
104 67
104 68
104 69
104 76
104 106
104 110
104 111
104 113
104 114
104 118
104 122
104 126
104 127
104 128
104 129
104 130
104 134
104 135
104 136
104 137
104 138
104 139
104 140
104 143
104 144
104 145
104 146
104 148
104 152
104 156
104 157
104 158
104 159
104 160
104 166
104 167
104 168
104 169
105 1
105 2
105 3
105 4
105 5
105 6
105 8
105 9
105 10
105 17
105 27
105 28
105 30
105 31
105 32
105 34
105 35
105 37
105 38
105 39
105 44
105 45
105 46
105 67
105 68
105 69
105 76
105 107
105 110
105 111
105 112
105 115
105 119
105 123
105 126
105 127
105 128
105 129
105 131
105 134
105 135
105 136
105 137
105 138
105 139
105 140
105 143
105 144
105 145
105 146
105 149
105 153
105 156
105 157
105 158
105 159
105 161
105 166
105 167
105 168
105 169
106 1
106 2
106 3
106 4
106 5
106 6
106 8
106 9
106 10
106 17
106 27
106 28
106 30
106 31
106 32
106 34
106 35
106 37
106 38
106 39
106 41
106 42
106 45
106 64
106 65
106 68
106 76
106 112
106 115
106 116
106 117
106 120
106 124
106 128
106 130
106 131
106 132
106 133
106 134
106 135
106 136
106 137
106 138
106 139
106 140
106 141
106 142
106 145
106 147
106 150
106 154
106 158
106 160
106 161
106 162
106 163
106 164
106 165
106 168
106 170
107 1
107 2
107 3
107 4
107 5
107 6
107 8
107 9
107 10
107 17
107 27
107 28
107 30
107 31
107 32
107 34
107 35
107 37
107 38
107 39
107 46
107 69
107 76
107 113
107 114
107 116
107 117
107 121
107 125
107 129
107 130
107 131
107 132
107 133
107 134
107 135
107 136
107 137
107 138
107 139
107 140
107 146
107 147
107 151
107 155
107 159
107 160
107 161
107 162
107 163
107 169
107 170
108 1
108 2
108 3
108 4
108 5
108 6
108 8
108 9
108 10
108 27
108 28
108 30
108 31
108 32
108 34
108 35
108 37
108 38
108 39
108 110
108 114
108 115
108 117
108 118
108 122
108 126
108 130
108 131
108 132
108 133
108 134
108 135
108 136
108 137
108 138
108 139
108 140
108 143
108 147
108 148
108 152
108 156
108 160
108 161
108 162
108 163
108 166
108 170
109 1
109 2
109 3
109 4
109 5
109 6
109 8
109 9
109 10
109 17
109 27
109 28
109 30
109 31
109 32
109 34
109 35
109 37
109 38
109 39
109 44
109 67
109 76
109 111
109 114
109 115
109 116
109 119
109 123
109 127
109 130
109 131
109 132
109 133
109 134
109 135
109 136
109 137
109 138
109 139
109 140
109 144
109 147
109 149
109 153
109 157
109 160
109 161
109 162
109 163
109 167
109 170
110 1
110 2
110 3
110 4
110 5
110 6
110 8
110 9
110 10
110 17
110 27
110 28
110 30
110 31
110 32
110 34
110 35
110 37
110 38
110 39
110 41
110 42
110 45
110 64
110 65
110 68
110 76
110 116
110 118
110 119
110 120
110 121
110 124
110 128
110 132
110 134
110 135
110 136
110 137
110 138
110 139
110 140
110 141
110 142
110 145
110 147
110 148
110 149
110 150
110 151
110 154
110 158
110 162
110 164
110 165
110 168
110 170
111 1
111 2
111 3
111 4
111 5
111 6
111 8
111 9
111 10
111 17
111 27
111 28
111 30
111 31
111 32
111 34
111 35
111 37
111 38
111 39
111 41
111 46
111 64
111 69
111 76
111 117
111 118
111 119
111 120
111 121
111 125
111 129
111 133
111 134
111 135
111 136
111 137
111 138
111 139
111 140
111 141
111 146
111 148
111 149
111 150
111 151
111 155
111 159
111 163
111 164
111 169
112 1
112 2
112 3
112 4
112 5
112 6
112 8
112 9
112 10
112 17
112 27
112 28
112 30
112 31
112 32
112 34
112 35
112 37
112 38
112 39
112 41
112 64
112 76
112 114
112 118
112 119
112 120
112 121
112 122
112 126
112 130
112 134
112 135
112 136
112 137
112 138
112 139
112 140
112 141
112 143
112 148
112 149
112 150
112 151
112 152
112 156
112 160
112 164
112 166
113 1
113 2
113 3
113 4
113 5
113 6
113 8
113 9
113 10
113 17
113 27
113 28
113 30
113 31
113 32
113 34
113 35
113 37
113 38
113 39
113 41
113 44
113 64
113 67
113 76
113 115
113 118
113 119
113 120
113 121
113 123
113 127
113 131
113 134
113 135
113 136
113 137
113 138
113 139
113 140
113 141
113 144
113 148
113 149
113 150
113 151
113 153
113 157
113 161
113 164
113 167
114 1
114 2
114 3
114 4
114 5
114 6
114 8
114 9
114 10
114 17
114 27
114 28
114 30
114 31
114 32
114 34
114 35
114 37
114 38
114 39
114 41
114 42
114 45
114 64
114 65
114 68
114 76
114 120
114 122
114 123
114 124
114 125
114 128
114 132
114 134
114 135
114 136
114 137
114 138
114 139
114 140
114 141
114 142
114 145
114 147
114 150
114 152
114 153
114 154
114 155
114 158
114 162
114 164
114 165
114 168
114 170
115 1
115 2
115 3
115 4
115 5
115 6
115 8
115 9
115 10
115 17
115 27
115 28
115 30
115 31
115 32
115 34
115 35
115 37
115 38
115 39
115 42
115 46
115 65
115 69
115 76
115 121
115 122
115 123
115 124
115 125
115 129
115 133
115 134
115 135
115 136
115 137
115 138
115 139
115 140
115 142
115 146
115 151
115 152
115 153
115 154
115 155
115 159
115 163
115 165
115 169
116 1
116 2
116 3
116 4
116 5
116 6
116 8
116 9
116 10
116 17
116 27
116 28
116 30
116 31
116 32
116 34
116 35
116 37
116 38
116 39
116 42
116 65
116 76
116 118
116 122
116 123
116 124
116 125
116 126
116 130
116 134
116 135
116 136
116 137
116 138
116 139
116 140
116 142
116 143
116 148
116 152
116 153
116 154
116 155
116 156
116 160
116 165
116 166
117 1
117 2
117 3
117 4
117 5
117 6
117 8
117 9
117 10
117 17
117 27
117 28
117 30
117 31
117 32
117 34
117 35
117 37
117 38
117 39
117 42
117 44
117 65
117 67
117 76
117 119
117 122
117 123
117 124
117 125
117 127
117 131
117 134
117 135
117 136
117 137
117 138
117 139
117 140
117 142
117 144
117 149
117 152
117 153
117 154
117 155
117 157
117 161
117 165
117 167
118 1
118 2
118 3
118 4
118 5
118 6
118 8
118 9
118 10
118 17
118 27
118 28
118 30
118 31
118 32
118 34
118 35
118 37
118 38
118 39
118 41
118 42
118 44
118 45
118 46
118 64
118 65
118 67
118 68
118 69
118 76
118 124
118 127
118 128
118 129
118 132
118 134
118 135
118 136
118 137
118 138
118 139
118 140
118 141
118 142
118 143
118 144
118 145
118 146
118 147
118 150
118 154
118 156
118 157
118 158
118 159
118 162
118 164
118 165
118 166
118 167
118 168
118 169
118 170
119 1
119 2
119 3
119 4
119 5
119 6
119 8
119 9
119 10
119 17
119 27
119 28
119 30
119 31
119 32
119 37
119 38
119 39
119 41
119 42
119 44
119 45
119 46
119 67
119 68
119 69
119 125
119 126
119 128
119 129
119 133
119 136
119 137
119 138
119 139
119 141
119 142
119 143
119 144
119 145
119 146
119 147
119 151
119 155
119 156
119 157
119 158
119 159
119 163
119 166
119 167
119 168
119 169
120 1
120 2
120 3
120 4
120 5
120 6
120 8
120 9
120 10
120 17
120 28
120 30
120 31
120 32
120 37
120 38
120 39
120 41
120 42
120 44
120 45
120 46
120 67
120 68
120 69
120 122
120 126
120 127
120 129
120 130
120 136
120 137
120 138
120 139
120 141
120 142
120 143
120 144
120 145
120 146
120 147
120 148
120 152
120 156
120 157
120 158
120 159
120 160
120 166
120 167
120 168
120 169
121 1
121 2
121 3
121 4
121 5
121 6
121 8
121 9
121 10
121 17
121 27
121 28
121 30
121 31
121 32
121 37
121 38
121 39
121 41
121 42
121 44
121 45
121 46
121 67
121 68
121 69
121 123
121 126
121 127
121 128
121 131
121 136
121 137
121 138
121 139
121 141
121 142
121 143
121 144
121 145
121 146
121 147
121 149
121 153
121 156
121 157
121 158
121 159
121 161
121 166
121 167
121 168
121 169
122 1
122 2
122 3
122 4
122 5
122 6
122 8
122 9
122 10
122 17
122 27
122 28
122 30
122 31
122 32
122 34
122 35
122 38
122 41
122 42
122 44
122 45
122 46
122 64
122 65
122 68
122 76
122 128
122 131
122 132
122 133
122 134
122 135
122 138
122 140
122 141
122 142
122 143
122 144
122 145
122 146
122 147
122 150
122 154
122 158
122 160
122 161
122 162
122 163
122 164
122 165
122 168
122 170
123 1
123 2
123 3
123 4
123 5
123 6
123 8
123 9
123 10
123 17
123 27
123 28
123 30
123 31
123 32
123 39
123 41
123 42
123 44
123 45
123 46
123 69
123 129
123 130
123 132
123 133
123 139
123 140
123 141
123 142
123 143
123 144
123 145
123 146
123 147
123 151
123 155
123 159
123 160
123 161
123 162
123 163
123 169
123 170
124 1
124 2
124 3
124 4
124 5
124 6
124 8
124 9
124 10
124 17
124 27
124 30
124 31
124 32
124 41
124 42
124 44
124 45
124 46
124 126
124 130
124 131
124 133
124 136
124 140
124 141
124 142
124 143
124 144
124 145
124 146
124 147
124 148
124 152
124 156
124 160
124 161
124 162
124 163
124 166
124 170
125 1
125 2
125 3
125 4
125 5
125 6
125 8
125 9
125 10
125 17
125 27
125 28
125 30
125 31
125 32
125 37
125 41
125 42
125 44
125 45
125 46
125 67
125 127
125 130
125 131
125 132
125 137
125 140
125 141
125 142
125 143
125 144
125 145
125 146
125 147
125 149
125 153
125 157
125 160
125 161
125 162
125 163
125 167
125 170
126 1
126 2
126 3
126 4
126 5
126 6
126 8
126 9
126 10
126 17
126 27
126 28
126 30
126 31
126 32
126 34
126 35
126 38
126 41
126 42
126 44
126 45
126 46
126 64
126 65
126 68
126 76
126 132
126 134
126 135
126 138
126 140
126 141
126 142
126 143
126 144
126 145
126 146
126 147
126 148
126 149
126 150
126 151
126 154
126 158
126 162
126 164
126 165
126 168
126 170
127 1
127 2
127 3
127 4
127 5
127 6
127 8
127 9
127 10
127 17
127 27
127 28
127 31
127 32
127 34
127 39
127 41
127 42
127 44
127 45
127 46
127 64
127 69
127 133
127 134
127 139
127 141
127 142
127 143
127 144
127 145
127 146
127 147
127 148
127 149
127 150
127 151
127 155
127 159
127 163
127 164
127 169
128 1
128 2
128 3
128 4
128 5
128 6
128 8
128 9
128 10
128 17
128 27
128 28
128 30
128 32
128 34
128 41
128 42
128 44
128 45
128 46
128 64
128 130
128 134
128 136
128 141
128 142
128 143
128 144
128 145
128 146
128 147
128 148
128 149
128 150
128 151
128 152
128 156
128 160
128 164
128 166
129 1
129 2
129 3
129 4
129 5
129 6
129 8
129 9
129 10
129 17
129 27
129 28
129 30
129 31
129 34
129 37
129 41
129 42
129 44
129 45
129 46
129 64
129 67
129 131
129 134
129 137
129 141
129 142
129 143
129 144
129 145
129 146
129 147
129 148
129 149
129 150
129 151
129 153
129 157
129 161
129 164
129 167
130 1
130 2
130 3
130 4
130 5
130 6
130 8
130 9
130 10
130 17
130 27
130 28
130 30
130 31
130 32
130 34
130 35
130 38
130 41
130 42
130 44
130 45
130 46
130 64
130 65
130 68
130 76
130 134
130 135
130 138
130 140
130 141
130 142
130 143
130 144
130 145
130 146
130 147
130 150
130 152
130 153
130 154
130 155
130 158
130 162
130 164
130 165
130 168
130 170
131 1
131 2
131 3
131 4
131 5
131 6
131 8
131 9
131 10
131 17
131 27
131 28
131 30
131 31
131 32
131 35
131 39
131 41
131 42
131 44
131 45
131 46
131 65
131 69
131 76
131 135
131 139
131 141
131 142
131 143
131 144
131 145
131 146
131 147
131 151
131 152
131 153
131 154
131 155
131 159
131 163
131 165
131 169
132 1
132 2
132 3
132 4
132 5
132 6
132 8
132 9
132 10
132 17
132 27
132 28
132 30
132 31
132 32
132 35
132 41
132 42
132 44
132 45
132 46
132 65
132 76
132 135
132 136
132 141
132 142
132 143
132 144
132 145
132 146
132 147
132 148
132 152
132 153
132 154
132 155
132 156
132 160
132 165
132 166
133 1
133 2
133 3
133 4
133 5
133 6
133 8
133 9
133 10
133 17
133 27
133 28
133 30
133 31
133 32
133 35
133 37
133 41
133 42
133 44
133 45
133 46
133 65
133 67
133 76
133 135
133 137
133 141
133 142
133 143
133 144
133 145
133 146
133 147
133 149
133 152
133 153
133 154
133 155
133 157
133 161
133 165
133 167
136 2
136 4
136 5
136 6
136 9
136 17
136 27
136 28
136 31
136 34
136 35
136 37
136 38
136 39
136 41
136 42
136 44
136 45
136 46
136 64
136 65
136 67
136 68
136 69
136 76
136 134
136 135
136 140
136 141
136 142
136 145
136 147
136 148
136 149
136 150
136 151
136 152
136 153
136 154
136 155
136 157
136 158
136 159
136 160
136 161
136 162
136 163
136 164
136 165
136 168
136 170
140 6
140 17
140 28
140 34
140 35
140 37
140 38
140 39
140 41
140 42
140 44
140 45
140 46
140 64
140 65
140 67
140 68
140 69
140 76
140 142
140 143
140 148
140 149
140 150
140 151
140 152
140 153
140 154
140 155
140 156
140 157
140 158
140 159
140 160
140 161
140 163
140 165
140 166
143 2
143 4
143 5
143 6
143 9
143 17
143 27
143 28
143 30
143 31
143 32
143 34
143 35
143 37
143 38
143 39
143 41
143 42
143 44
143 45
143 46
143 64
143 65
143 67
143 68
143 69
143 76
143 134
143 135
143 138
143 141
143 142
143 147
143 148
143 149
143 150
143 151
143 154
143 158
143 162
143 164
143 165
143 167
143 168
143 169
143 170
147 6
147 17
147 27
147 28
147 30
147 31
147 32
147 34
147 35
147 37
147 38
147 39
147 41
147 42
147 44
147 45
147 46
147 64
147 65
147 67
147 68
147 69
147 76
147 135
147 148
147 152
147 153
147 154
147 155
147 156
147 160
147 164
147 165
147 166
147 167
147 168
147 169
148 1
148 2
148 3
148 4
148 5
148 6
148 8
148 9
148 10
148 17
148 27
148 28
148 30
148 31
148 32
148 34
148 35
148 37
148 38
148 39
148 41
148 42
148 44
148 45
148 46
148 64
148 65
148 67
148 68
148 69
148 76
148 134
148 135
148 137
148 138
148 139
148 141
148 142
148 144
148 145
148 146
148 154
148 157
148 158
148 159
148 162
148 164
148 165
148 166
148 167
148 168
148 169
148 170
149 1
149 2
149 3
149 4
149 8
149 9
149 10
149 30
149 31
149 32
149 34
149 35
149 37
149 38
149 39
149 41
149 42
149 44
149 45
149 46
149 64
149 65
149 67
149 68
149 69
149 76
149 134
149 135
149 137
149 138
149 139
149 144
149 145
149 146
149 155
149 156
149 158
149 159
149 163
149 166
149 167
149 168
149 169
150 1
150 2
150 3
150 4
150 8
150 9
150 10
150 30
150 31
150 32
150 34
150 35
150 37
150 38
150 39
150 41
150 42
150 44
150 45
150 46
150 64
150 65
150 67
150 68
150 69
150 76
150 135
150 137
150 138
150 139
150 144
150 145
150 146
150 152
150 156
150 157
150 159
150 160
150 166
150 167
150 168
150 169
151 1
151 2
151 3
151 4
151 8
151 9
151 10
151 30
151 31
151 32
151 34
151 35
151 37
151 38
151 39
151 41
151 42
151 44
151 45
151 46
151 64
151 65
151 67
151 68
151 69
151 76
151 134
151 135
151 137
151 138
151 139
151 144
151 145
151 146
151 153
151 156
151 157
151 158
151 161
151 166
151 167
151 168
151 169
152 1
152 2
152 3
152 4
152 5
152 6
152 9
152 17
152 27
152 28
152 31
152 34
152 35
152 37
152 38
152 39
152 41
152 42
152 44
152 45
152 46
152 64
152 65
152 67
152 68
152 69
152 76
152 134
152 135
152 137
152 138
152 139
152 141
152 142
152 145
152 158
152 161
152 162
152 163
152 164
152 165
152 168
152 170
153 1
153 2
153 3
153 4
153 10
153 32
153 34
153 35
153 37
153 38
153 39
153 41
153 42
153 44
153 45
153 46
153 64
153 65
153 67
153 68
153 69
153 76
153 134
153 135
153 137
153 138
153 139
153 146
153 159
153 160
153 162
153 163
153 169
153 170
154 1
154 2
154 3
154 4
154 34
154 35
154 37
154 38
154 39
154 41
154 42
154 44
154 45
154 46
154 64
154 65
154 67
154 68
154 69
154 76
154 134
154 137
154 138
154 139
154 156
154 160
154 161
154 163
154 166
154 170
155 1
155 2
155 3
155 4
155 8
155 30
155 34
155 35
155 37
155 38
155 39
155 41
155 42
155 44
155 45
155 46
155 64
155 65
155 67
155 68
155 69
155 76
155 134
155 135
155 137
155 138
155 139
155 144
155 157
155 160
155 161
155 162
155 167
155 170
156 1
156 2
156 3
156 4
156 5
156 6
156 9
156 17
156 27
156 28
156 31
156 34
156 35
156 37
156 38
156 39
156 41
156 42
156 44
156 45
156 46
156 64
156 65
156 67
156 68
156 69
156 76
156 134
156 135
156 137
156 138
156 139
156 141
156 142
156 145
156 162
156 164
156 165
156 168
156 170
157 1
157 2
157 3
157 4
157 5
157 10
157 27
157 32
157 34
157 35
157 37
157 38
157 39
157 41
157 42
157 44
157 45
157 46
157 64
157 65
157 67
157 68
157 69
157 76
157 134
157 135
157 138
157 139
157 141
157 146
157 163
157 164
157 169
158 1
158 2
158 3
158 4
158 5
158 27
158 34
158 35
158 37
158 38
158 39
158 41
158 42
158 44
158 45
158 46
158 64
158 65
158 67
158 68
158 69
158 76
158 134
158 135
158 137
158 139
158 141
158 160
158 164
158 166
159 1
159 2
159 3
159 4
159 5
159 8
159 27
159 30
159 34
159 35
159 37
159 38
159 39
159 41
159 42
159 44
159 45
159 46
159 64
159 65
159 67
159 68
159 69
159 76
159 134
159 135
159 137
159 138
159 141
159 144
159 161
159 164
159 167
160 1
160 2
160 3
160 4
160 5
160 6
160 9
160 17
160 27
160 28
160 31
160 34
160 35
160 37
160 38
160 39
160 41
160 42
160 44
160 45
160 46
160 64
160 65
160 67
160 68
160 69
160 76
160 134
160 135
160 137
160 138
160 139
160 141
160 142
160 145
160 164
160 165
160 168
160 170
161 1
161 2
161 3
161 4
161 6
161 10
161 17
161 28
161 32
161 34
161 35
161 37
161 38
161 39
161 41
161 42
161 44
161 45
161 46
161 64
161 65
161 67
161 68
161 69
161 76
161 134
161 135
161 137
161 138
161 139
161 142
161 146
161 165
161 169
162 1
162 2
162 3
162 4
162 6
162 17
162 28
162 34
162 35
162 37
162 38
162 39
162 41
162 42
162 44
162 45
162 46
162 64
162 65
162 67
162 68
162 69
162 76
162 134
162 135
162 137
162 138
162 139
162 142
162 165
162 166
163 1
163 2
163 3
163 4
163 6
163 8
163 17
163 28
163 30
163 34
163 35
163 37
163 38
163 39
163 41
163 42
163 44
163 45
163 46
163 64
163 65
163 67
163 68
163 69
163 76
163 134
163 135
163 137
163 138
163 139
163 142
163 144
163 165
163 167
166 2
166 4
166 5
166 6
166 8
166 9
166 10
166 17
166 27
166 28
166 31
166 34
166 35
166 37
166 38
166 39
166 41
166 42
166 44
166 45
166 46
166 64
166 65
166 67
166 68
166 69
166 76
166 134
166 135
166 138
166 141
166 142
166 144
166 145
166 146
166 164
166 165
166 170
170 5
170 6
170 8
170 9
170 10
170 17
170 28
170 34
170 35
170 37
170 38
170 39
170 41
170 42
170 44
170 45
170 46
170 64
170 65
170 67
170 68
170 69
170 76
170 135
170 141
170 142
170 144
170 145
170 146
1 5
1 10
1 17
1 27
1 32
1 34
1 39
1 41
1 46
1 64
1 69
1 76
1 134
1 139
1 141
1 146
1 164
1 169
5 2
5 3
5 8
5 10
5 28
5 30
5 31
5 32
5 37
5 38
5 39
5 44
5 45
5 46
5 64
5 65
5 67
5 68
5 69
5 76
5 137
5 138
5 139
5 144
5 145
5 146
5 164
5 165
5 167
5 168
5 169
10 27
10 28
10 30
10 31
10 34
10 37
10 41
10 44
10 64
10 65
10 67
10 68
10 69
10 76
10 134
10 137
10 141
10 144
10 164
10 165
10 167
10 168
10 169
17 2
17 3
17 4
17 34
17 35
17 37
17 38
17 39
17 76
17 134
17 135
17 137
17 138
17 139
27 2
27 3
27 6
27 8
27 9
27 30
27 32
27 37
27 38
27 39
27 41
27 42
27 44
27 45
27 46
27 67
27 68
27 69
27 76
27 137
27 138
27 139
27 141
27 142
27 144
27 145
27 146
27 167
27 168
27 169
32 6
32 8
32 9
32 34
32 37
32 41
32 42
32 44
32 45
32 46
32 64
32 67
32 76
32 134
32 137
32 141
32 142
32 144
32 145
32 146
32 164
32 167
34 2
34 3
34 8
34 9
34 30
34 31
34 37
34 39
34 44
34 45
34 46
34 67
34 68
34 69
34 135
34 137
34 138
34 139
34 141
34 142
34 144
34 145
34 146
34 164
34 165
34 167
34 168
34 169
39 8
39 30
39 41
39 44
39 64
39 67
39 134
39 135
39 137
39 138
39 141
39 142
39 144
39 145
39 146
39 164
39 165
39 167
39 168
39 169
41 2
41 3
41 8
41 9
41 28
41 30
41 31
41 37
41 38
41 44
41 46
41 65
41 67
41 68
41 69
41 134
41 135
41 137
41 138
41 139
41 142
41 144
41 145
41 146
41 164
41 165
41 167
41 168
41 169
46 8
46 28
46 30
46 31
46 37
46 64
46 65
46 67
46 68
46 134
46 135
46 137
46 138
46 139
46 141
46 142
46 144
46 145
46 164
46 165
46 167
46 168
46 169
64 2
64 3
64 6
64 8
64 9
64 30
64 31
64 37
64 38
64 42
64 44
64 45
64 67
64 69
64 134
64 135
64 137
64 138
64 139
64 141
64 142
64 144
64 145
64 146
64 165
64 167
64 168
64 169
69 6
69 8
69 9
69 30
69 37
69 42
69 44
69 45
69 134
69 135
69 137
69 138
69 139
69 141
69 142
69 144
69 145
69 146
69 164
69 165
69 167
69 168
76 2
76 3
76 4
76 6
76 8
76 9
76 28
76 30
76 31
134 2
134 3
134 8
134 9
134 30
134 31
134 35
134 37
134 38
134 42
134 44
134 45
134 65
134 67
134 68
134 137
134 139
134 144
134 145
134 146
134 167
134 168
134 169
139 8
139 30
139 35
139 37
139 38
139 42
139 44
139 45
139 65
139 67
139 68
139 141
139 144
139 164
139 167
141 2
141 3
141 8
141 9
141 28
141 30
141 31
141 35
141 37
141 38
141 42
141 44
141 45
141 65
141 67
141 68
141 137
141 138
141 144
141 146
141 165
141 167
141 168
141 169
146 8
146 28
146 30
146 31
146 35
146 37
146 38
146 42
146 44
146 45
146 65
146 67
146 68
146 137
146 164
146 165
146 167
146 168
164 2
164 3
164 6
164 8
164 9
164 30
164 31
164 35
164 37
164 38
164 42
164 44
164 45
164 65
164 67
164 68
164 137
164 138
164 142
164 144
164 145
164 167
164 169
169 6
169 8
169 9
169 30
169 35
169 37
169 38
169 42
169 44
169 45
169 65
169 67
169 68
169 137
169 142
169 144
169 145
3 8
3 30
3 37
3 44
3 67
3 137
3 144
3 167
8 28
8 31
8 65
8 67
8 68
8 165
8 167
8 168
30 6
30 9
30 42
30 44
30 45
30 142
30 144
30 145
37 135
37 138
37 142
37 144
37 145
37 165
37 167
37 168
44 28
44 31
44 65
44 68
44 135
44 137
44 138
44 142
44 145
44 165
44 167
44 168
67 6
67 9
67 42
67 45
67 135
67 137
67 138
67 142
67 144
67 145
67 165
67 168
137 35
137 38
137 42
137 45
137 65
137 68
144 28
144 31
144 35
144 38
144 42
144 45
144 65
144 68
144 165
144 168
167 6
167 9
167 35
167 38
167 42
167 45
167 65
167 68
167 142
167 145
4 6
4 28
4 35
4 42
4 65
4 135
4 142
4 165
6 31
6 65
6 68
6 165
6 168
28 9
28 42
28 45
28 142
28 145
35 138
35 142
35 145
35 165
35 168
42 31
42 68
42 135
42 138
42 145
42 165
42 168
65 9
65 45
65 135
65 138
65 142
65 145
65 168
135 38
135 45
135 68
142 31
142 38
142 45
142 68
142 168
165 9
165 38
165 45
165 68
165 145
31 45
31 145
38 145
38 168
45 138
45 168
68 9
68 138
68 145
168 9
