662 1568
0 0
0 221
0 285
221 8
221 171
221 221
285 47
285 285
1 1
1 8
1 227
1 297
8 8
227 4
227 32
227 227
227 279
297 297
297 311
297 312
297 406
2 2
2 94
2 165
94 94
94 245
165 33
165 165
3 3
3 125
3 258
125 125
125 167
258 147
258 258
4 4
4 82
82 82
82 123
5 5
5 108
5 212
108 108
108 270
212 150
212 212
212 230
6 6
6 44
6 64
44 44
44 209
44 233
64 64
64 142
7 7
7 37
7 116
7 118
7 198
7 210
7 266
37 37
37 104
116 71
116 116
118 118
118 119
118 198
198 198
198 210
198 283
198 388
210 210
266 38
266 266
9 9
9 48
9 105
9 215
9 302
48 48
48 211
105 105
105 190
215 92
215 215
215 265
302 302
302 303
302 423
10 10
10 121
10 123
121 19
121 121
121 151
121 154
121 347
123 39
123 123
123 238
11 11
11 24
11 79
24 24
24 157
24 192
24 288
24 304
79 13
79 79
12 12
12 89
12 293
89 89
89 135
293 78
293 153
293 292
293 293
293 294
13 13
13 244
244 162
244 177
244 225
244 244
244 253
244 406
14 14
14 23
14 85
14 136
14 164
14 303
23 23
23 186
85 85
85 200
136 136
136 207
164 164
164 208
164 254
164 345
303 303
303 345
15 15
15 56
15 276
56 56
56 191
276 36
276 45
276 59
276 130
276 134
276 159
276 276
276 427
16 16
16 222
16 230
222 140
222 222
230 229
230 230
230 402
17 17
17 250
17 288
250 106
250 134
250 250
288 288
18 18
18 200
18 235
200 46
200 182
200 200
235 235
235 265
19 19
19 140
140 140
20 20
20 74
20 272
74 43
74 69
74 70
74 74
74 240
74 327
272 101
272 272
21 21
21 26
21 226
26 26
26 68
226 95
226 226
22 22
22 33
22 88
33 33
33 47
33 135
33 166
33 195
33 309
88 88
88 292
186 186
186 241
157 157
157 275
192 106
192 159
192 192
304 304
304 344
304 365
304 393
304 406
304 419
304 427
304 435
25 25
25 201
25 249
201 107
201 111
201 201
201 260
249 249
249 281
68 68
68 213
68 261
68 325
27 27
27 32
27 139
32 32
139 139
139 191
28 28
28 53
28 237
53 53
53 107
237 57
237 237
29 29
29 148
29 153
148 55
148 148
153 153
30 30
30 95
30 96
30 307
95 95
96 96
96 287
307 305
307 307
307 418
307 420
31 31
31 156
31 270
156 156
156 229
270 218
270 270
47 47
135 135
166 93
166 166
195 84
195 195
309 309
309 310
309 311
309 369
309 409
309 425
34 34
34 369
369 353
369 369
369 409
369 426
35 35
35 264
35 280
264 112
264 264
280 67
280 130
280 173
280 203
280 280
36 36
36 67
67 67
104 104
104 290
38 38
38 103
103 103
103 252
39 39
39 292
292 292
40 40
40 97
40 213
97 97
97 169
97 287
213 213
41 41
41 263
263 42
263 92
263 110
263 263
263 423
42 42
42 286
286 131
286 211
286 241
286 286
43 43
43 66
43 145
43 187
66 66
66 295
145 60
145 145
145 187
145 223
145 366
187 187
209 98
209 209
233 75
233 233
233 234
233 267
233 403
45 45
45 80
80 80
80 225
46 46
46 181
181 181
181 207
211 211
49 49
49 170
49 184
170 113
170 170
170 185
170 239
170 382
184 184
184 206
50 50
50 167
50 271
167 167
271 51
271 171
271 172
271 271
271 424
51 51
51 236
236 146
236 236
52 52
52 317
317 317
317 358
317 360
317 394
317 422
107 58
107 107
107 120
107 343
54 54
54 205
54 289
205 155
205 203
205 205
205 257
205 282
205 391
289 191
289 289
55 55
55 131
55 150
55 175
131 131
150 150
175 175
175 238
191 127
191 188
191 191
57 57
57 124
57 231
57 283
57 318
124 124
124 155
231 231
283 111
283 283
318 318
318 323
318 441
58 58
58 281
281 281
59 59
60 60
60 223
223 122
223 149
223 223
61 61
61 151
61 189
151 151
189 189
189 229
62 62
62 112
62 183
112 73
112 112
112 274
112 344
183 183
183 257
63 63
63 321
321 314
321 321
321 376
321 385
321 429
142 142
142 214
142 291
142 357
65 65
65 202
65 252
202 158
202 202
202 204
202 243
202 390
252 160
252 204
252 252
252 290
252 416
295 232
295 295
261 122
261 261
325 308
325 325
325 331
325 457
69 69
69 197
197 197
197 269
70 70
70 196
196 87
196 196
71 71
71 141
141 72
141 77
141 119
141 137
141 141
141 356
72 72
72 128
128 115
128 128
73 73
73 99
73 132
73 216
99 99
132 132
132 275
216 81
216 216
240 149
240 240
327 308
327 327
327 436
75 75
75 254
254 254
76 76
76 117
117 83
117 117
117 346
77 77
77 143
143 129
143 143
78 78
78 214
214 214
225 225
81 81
81 251
251 251
251 415
83 83
83 194
194 194
194 206
84 84
84 138
138 138
138 291
86 86
86 330
330 324
330 330
330 417
330 434
87 87
87 160
160 160
90 90
90 332
332 332
332 333
332 334
332 375
91 91
91 336
336 336
336 387
336 428
336 447
92 92
93 93
93 246
246 246
246 268
245 147
245 245
287 287
169 169
169 228
98 98
100 100
100 220
100 232
220 129
220 220
232 158
232 174
232 199
232 232
101 101
101 228
228 113
228 228
228 269
228 401
102 102
102 342
342 298
342 314
342 342
342 376
342 431
290 290
190 182
190 190
106 106
106 134
134 134
120 120
120 133
343 343
343 502
109 109
109 161
109 188
161 161
161 253
188 188
110 110
110 218
218 218
111 111
274 155
274 274
344 344
344 405
344 415
344 441
113 113
114 114
114 133
114 193
133 133
193 155
193 193
115 115
115 199
199 199
199 243
346 346
346 382
346 444
346 447
119 119
154 127
154 154
347 347
347 350
347 355
347 393
347 491
122 122
238 238
155 155
155 277
155 284
126 126
126 348
348 348
348 349
348 397
127 127
129 129
130 130
275 275
207 207
207 208
137 137
137 260
260 260
291 291
356 326
356 356
356 383
356 388
357 354
357 357
357 403
144 144
144 358
358 358
358 359
358 384
358 422
366 331
366 366
366 367
366 389
146 146
146 368
368 368
368 408
368 413
147 147
147 219
147 259
219 219
219 268
219 395
259 168
259 259
149 149
152 152
152 375
375 375
375 413
277 277
277 282
277 284
284 284
229 229
158 158
159 159
253 253
162 162
162 279
279 279
163 163
163 381
381 349
381 370
381 380
381 381
381 397
381 418
381 442
208 208
345 345
345 403
168 168
168 172
172 172
185 185
185 206
239 239
382 382
382 401
382 434
171 171
173 173
174 174
176 176
176 384
384 333
384 334
384 359
384 362
384 384
384 385
384 386
384 394
177 177
177 248
248 248
248 414
178 178
178 387
387 359
387 387
387 405
387 441
179 179
179 206
206 180
206 206
180 180
182 182
257 257
241 241
241 267
269 269
388 323
388 388
243 243
204 204
390 389
390 390
203 203
282 282
391 391
391 441
265 265
217 217
217 394
394 394
394 408
394 413
268 268
395 395
395 409
224 224
224 400
400 349
400 351
400 397
400 400
400 420
401 401
401 421
402 355
402 402
402 423
234 234
234 294
267 267
403 403
294 294
242 242
242 405
405 405
405 415
406 406
247 247
247 413
413 333
413 334
413 409
413 412
413 413
413 424
414 360
414 362
414 411
414 414
415 415
415 441
416 323
416 383
416 389
416 416
416 434
416 436
416 437
255 255
255 417
417 320
417 417
256 256
256 418
418 418
262 262
262 422
422 364
422 365
422 422
423 352
423 423
424 424
273 273
273 426
426 354
426 425
426 426
427 379
427 393
427 427
278 278
278 428
428 324
428 328
428 398
428 428
428 429
296 296
296 447
447 447
311 311
312 312
298 298
298 299
298 335
298 338
299 299
335 319
335 335
335 385
338 338
338 339
338 399
300 300
300 370
370 370
301 301
301 371
371 371
371 398
365 365
393 392
393 393
419 315
419 419
435 364
435 435
305 305
305 306
305 308
305 377
305 378
305 433
306 306
306 380
308 308
308 320
308 331
308 340
308 341
308 421
377 377
377 433
377 647
378 378
378 440
378 649
433 433
433 434
433 570
380 380
380 430
420 351
420 372
420 373
420 404
420 420
420 421
420 442
320 320
331 331
340 340
341 341
421 421
421 444
310 310
310 644
409 408
409 409
409 411
425 350
425 425
644 618
644 644
644 645
644 646
313 313
313 314
313 412
314 314
314 385
412 392
412 407
412 412
385 385
315 315
315 379
379 379
316 316
316 376
316 431
376 376
431 337
431 397
431 430
431 431
431 432
360 360
360 361
323 323
441 440
441 441
319 319
429 399
429 429
322 322
322 392
322 455
392 392
392 407
392 440
392 565
455 455
455 456
455 517
455 543
455 563
455 570
324 324
457 457
457 584
326 326
326 578
578 470
578 578
436 436
436 438
328 328
329 329
329 432
432 432
434 434
434 437
333 333
334 334
337 337
337 339
337 399
339 339
399 396
399 399
502 502
502 518
444 444
444 445
350 350
355 355
491 491
491 508
349 349
397 396
397 397
351 351
351 374
374 372
374 373
374 374
352 352
352 571
571 516
571 566
571 571
353 353
354 354
383 383
359 359
361 361
362 362
362 363
363 363
364 364
367 367
389 389
408 408
398 396
398 398
372 372
373 373
647 647
647 648
647 654
440 440
649 649
649 654
430 430
430 612
442 442
442 443
386 386
407 407
407 410
407 565
407 617
565 517
565 565
565 566
565 567
396 396
404 404
410 410
617 617
617 618
411 411
437 437
437 438
612 612
612 613
612 643
570 570
438 438
438 439
439 439
443 443
445 445
445 446
446 446
448 448
448 501
448 561
501 494
501 501
501 521
501 553
561 471
561 529
561 561
449 449
449 524
449 532
524 524
524 572
532 453
532 509
532 521
532 532
450 450
450 483
450 499
483 483
483 496
483 506
483 528
499 474
499 479
499 499
499 538
499 581
451 451
451 465
451 485
465 465
465 568
485 485
485 495
452 452
452 554
452 572
554 503
554 516
554 519
554 533
554 537
554 554
554 580
572 540
572 572
453 453
453 552
453 558
552 546
552 552
558 514
558 558
454 454
454 560
454 583
560 560
560 569
583 479
583 512
583 583
456 456
456 507
456 522
456 535
456 551
456 556
456 574
517 517
517 525
517 563
543 543
543 650
543 658
563 525
563 563
563 564
507 463
507 507
522 522
522 531
535 460
535 480
535 535
535 551
535 573
535 574
551 551
556 469
556 556
574 462
574 493
574 498
574 513
574 515
574 574
584 464
584 547
584 555
584 584
458 458
458 533
458 579
533 533
579 488
579 511
579 579
459 459
459 509
459 577
509 509
577 492
577 577
460 460
460 559
559 559
559 581
461 461
461 469
461 478
469 469
469 474
478 478
478 479
462 462
463 463
463 474
463 557
463 564
463 581
474 474
474 557
474 564
557 527
557 557
564 479
564 564
564 581
581 479
581 581
464 464
464 475
464 534
464 555
475 475
475 542
534 534
555 555
568 473
568 519
568 567
568 568
568 576
466 466
466 481
466 544
481 468
481 481
481 487
481 511
481 520
481 541
544 488
544 544
467 467
467 545
545 494
545 545
468 468
468 523
468 527
523 523
527 527
527 538
470 470
470 513
470 542
470 547
470 548
470 575
513 513
542 542
547 547
548 498
548 548
575 487
575 575
471 471
471 510
471 582
510 510
510 569
582 569
582 582
472 472
472 488
472 500
488 477
488 488
488 566
500 500
500 508
500 516
473 473
473 489
473 492
473 503
473 562
489 489
492 492
503 503
562 562
476 476
476 528
476 569
528 528
569 569
477 477
477 504
477 516
477 520
477 526
504 504
504 537
516 482
516 516
520 520
526 526
479 479
479 490
479 496
479 536
490 490
490 512
496 496
536 536
480 480
487 487
487 515
487 518
511 511
541 541
482 482
482 514
514 514
506 506
484 484
484 518
484 539
518 518
539 505
539 539
495 495
495 538
486 486
486 508
486 566
508 497
508 508
508 566
508 585
566 566
566 580
515 515
512 512
493 493
494 494
538 538
497 497
497 505
505 505
498 498
521 521
553 550
553 553
537 537
585 580
585 585
525 525
519 519
531 531
531 573
529 529
529 530
530 530
573 573
540 540
540 549
549 549
650 650
650 651
658 651
658 652
658 656
658 657
658 658
546 546
546 550
550 550
580 576
580 580
567 567
576 576
586 586
586 589
586 627
589 589
589 590
589 607
589 631
589 633
627 592
627 594
627 600
627 607
627 627
627 629
627 631
587 587
587 594
587 607
594 594
594 631
594 638
607 607
588 588
588 609
588 639
609 596
609 597
609 609
609 610
609 626
609 639
639 603
639 610
639 623
639 639
639 640
590 590
590 661
631 631
633 633
633 659
661 652
661 654
661 657
661 659
661 660
661 661
591 591
591 603
603 603
603 610
592 592
592 593
592 595
592 600
592 618
592 646
593 593
593 641
593 645
595 595
595 618
595 642
600 600
600 632
618 618
618 619
646 646
641 614
641 641
645 614
645 645
638 597
638 616
638 624
638 628
638 638
642 620
642 642
642 643
596 596
596 597
596 601
596 634
597 597
597 601
597 610
597 622
597 626
597 634
601 601
634 634
610 610
622 622
626 626
598 598
598 605
598 613
605 605
605 621
613 613
599 599
599 611
599 628
611 611
611 630
628 604
628 628
632 604
632 608
632 632
602 602
602 608
608 608
604 604
604 625
625 606
625 625
625 630
621 614
621 620
621 621
606 606
606 615
606 637
615 615
615 616
637 635
637 637
630 630
643 643
614 614
616 616
619 619
620 620
623 623
623 660
660 654
660 655
660 659
660 660
624 624
629 629
659 652
659 654
659 655
659 659
635 635
635 636
636 636
640 640
648 648
654 653
654 654
654 657
651 651
651 655
651 656
655 652
655 653
655 655
655 657
656 653
656 656
656 657
652 652
652 653
652 657
653 653
653 657
657 657
