454 1417
0 182
0 298
0 308
0 383
0 410
0 431
182 79
182 383
298 43
298 120
298 243
298 305
298 308
298 384
298 402
298 419
298 440
298 453
298 456
308 183
308 305
383 36
383 43
383 117
383 126
383 169
383 172
383 176
383 181
383 211
383 301
383 328
383 363
383 384
383 390
383 413
383 421
410 120
410 123
410 161
410 279
410 348
410 430
431 184
431 235
431 243
431 351
431 359
431 430
1 355
1 430
355 91
355 146
355 315
355 356
355 419
355 434
355 441
355 443
355 456
355 461
355 472
430 14
430 26
430 43
430 75
430 135
430 159
430 161
430 207
430 208
430 237
430 279
430 304
430 342
430 348
430 368
430 370
430 373
430 396
430 402
430 419
430 421
430 441
2 163
163 60
163 103
163 204
163 285
163 309
163 342
163 399
163 422
163 467
3 176
3 207
3 210
3 250
3 258
3 275
3 277
3 283
3 301
3 403
3 450
176 9
176 27
176 91
176 118
176 132
176 141
176 144
176 148
176 250
176 265
176 279
176 290
176 301
176 305
176 328
176 343
176 350
176 363
176 368
176 398
176 403
176 411
176 419
176 434
176 438
176 442
176 459
207 79
207 124
207 161
210 9
210 34
210 129
210 135
210 144
210 245
210 258
210 275
250 27
250 118
250 144
250 148
250 301
250 328
250 363
250 398
250 403
258 9
275 5
275 9
275 144
275 244
275 279
275 306
275 334
275 368
275 378
275 419
277 135
277 144
277 313
277 419
283 148
283 403
301 43
301 141
301 148
301 172
301 174
301 241
301 245
301 350
301 390
301 403
301 442
403 27
403 37
403 46
403 148
403 281
403 287
403 372
403 418
403 421
450 7
450 9
450 43
450 45
450 79
450 107
450 152
450 183
450 209
450 245
450 288
450 297
450 378
450 393
4 164
4 245
4 459
4 478
245 9
245 16
245 77
245 96
245 120
245 129
245 136
245 144
245 154
245 161
245 179
245 214
245 244
245 246
245 272
245 328
245 338
245 342
245 368
245 378
245 391
245 421
245 440
245 478
459 9
459 35
459 45
459 77
459 81
459 120
459 125
459 133
459 144
459 147
459 152
459 173
459 174
459 183
459 196
459 198
459 211
459 222
459 254
459 257
459 268
459 313
459 326
459 328
459 340
459 349
459 363
459 369
459 373
459 385
459 413
459 440
459 442
459 455
459 463
478 9
478 43
478 70
478 96
478 160
478 173
478 222
478 254
478 260
478 261
478 268
478 357
478 385
478 398
478 421
478 454
478 455
478 475
5 9
5 20
5 79
5 251
5 363
5 391
5 421
5 442
9 16
9 20
9 43
9 77
9 112
9 125
9 136
9 138
9 144
9 161
9 174
9 224
9 267
9 279
9 312
9 313
9 323
9 342
9 363
9 373
9 378
9 421
9 438
9 440
9 442
9 449
9 455
20 61
20 77
20 105
20 136
20 155
20 161
20 251
20 279
20 290
20 306
20 313
20 329
20 336
20 349
20 363
20 397
20 398
20 411
20 412
20 419
20 421
20 438
20 442
20 480
79 19
79 45
79 69
79 95
79 161
79 183
79 193
79 196
79 251
79 279
79 313
79 363
79 393
79 442
79 455
251 74
251 89
251 90
251 144
251 173
251 323
251 328
251 356
251 363
251 382
251 411
251 421
251 442
363 53
363 57
363 85
363 112
363 136
363 144
363 160
363 161
363 169
363 173
363 183
363 241
363 248
363 254
363 267
363 268
363 281
363 313
363 328
363 336
363 345
363 349
363 385
363 398
363 421
363 442
363 454
363 455
363 480
363 482
391 16
391 154
391 246
391 328
421 43
421 57
421 77
421 125
421 131
421 156
421 161
421 224
421 279
421 281
421 286
421 304
421 328
421 330
421 340
421 368
421 384
421 411
421 442
421 449
421 455
421 470
421 482
421 484
442 23
442 43
442 74
442 77
442 161
442 173
442 241
442 328
442 349
442 373
442 381
442 382
442 411
442 419
442 455
7 30
7 40
7 68
7 77
7 161
7 264
7 274
7 276
7 288
7 295
7 324
7 393
7 435
7 475
30 68
30 183
30 274
30 276
40 68
40 324
68 77
68 154
68 160
68 161
68 183
68 192
68 198
68 206
68 222
68 260
68 261
68 268
68 274
68 295
68 324
68 338
68 369
68 392
68 393
68 435
68 481
68 484
77 43
77 53
77 73
77 123
77 131
77 136
77 144
77 154
77 161
77 173
77 208
77 323
77 324
77 378
77 449
77 455
77 460
77 465
77 480
77 482
77 485
161 43
161 53
161 57
161 73
161 104
161 120
161 131
161 136
161 144
161 183
161 196
161 208
161 273
161 279
161 304
161 313
161 323
161 324
161 368
161 373
161 378
161 411
161 419
161 446
161 460
161 465
161 480
161 482
161 485
264 274
264 276
264 475
274 160
274 183
274 276
274 392
274 435
274 475
276 295
276 393
276 475
288 393
288 435
295 71
295 81
295 120
295 154
295 440
324 154
324 183
324 198
324 222
324 260
324 261
324 268
324 338
324 393
324 435
393 71
393 183
393 231
393 260
393 331
393 362
393 435
393 481
435 120
435 154
435 198
8 159
8 208
8 462
159 35
159 135
159 370
208 14
462 106
462 162
16 154
16 246
16 328
16 340
43 66
43 81
43 96
43 172
43 183
43 194
43 196
43 206
43 224
43 226
43 248
43 281
43 297
43 313
43 331
43 367
43 411
43 482
43 484
112 57
112 134
112 183
112 267
112 336
112 482
125 57
125 70
125 144
125 154
125 160
125 173
125 174
125 183
125 222
125 223
125 268
125 281
125 297
125 326
125 328
125 333
125 354
125 369
125 385
125 392
125 411
125 419
125 423
136 57
136 61
136 96
136 105
136 131
136 144
136 273
136 279
136 323
136 328
136 373
136 378
136 412
136 419
136 440
136 480
138 103
138 201
138 373
138 390
144 110
144 131
144 160
144 169
144 173
144 265
144 279
144 323
144 328
144 370
144 373
144 398
144 419
144 455
174 254
174 281
174 328
174 368
174 411
224 17
224 281
267 33
267 36
267 104
267 205
267 336
279 45
279 57
279 90
279 96
279 175
279 313
279 328
279 349
279 378
279 381
279 398
279 411
279 438
279 455
279 470
279 482
312 74
312 75
312 84
312 373
312 381
312 449
313 48
313 57
313 135
313 155
313 173
313 183
313 196
313 254
313 268
313 336
313 367
313 375
313 385
313 463
323 51
323 72
323 86
323 131
323 204
323 296
323 297
323 346
323 357
323 359
323 381
342 23
342 26
342 62
342 103
342 106
342 162
342 219
342 242
342 263
342 285
342 318
342 335
342 370
342 378
342 381
342 388
342 396
342 399
342 422
342 426
342 448
342 467
342 474
373 23
373 328
373 381
373 387
373 446
373 448
373 451
378 419
378 440
378 455
438 328
438 329
440 81
440 98
440 120
440 228
440 305
440 398
440 433
440 484
449 131
449 482
455 131
455 173
455 183
455 211
455 241
455 254
455 482
10 83
10 143
10 316
10 337
10 370
10 401
10 405
10 406
83 115
83 255
83 370
143 78
143 115
143 282
143 341
143 370
316 139
316 243
316 247
316 333
316 353
316 358
316 370
316 401
316 406
337 406
337 453
370 17
370 106
370 387
370 405
401 405
405 339
405 389
406 76
406 341
406 353
11 419
419 54
419 57
419 104
419 134
419 141
419 181
419 255
419 309
419 352
419 381
419 385
419 411
419 427
419 441
419 456
419 480
419 489
12 75
12 364
75 26
75 94
75 170
75 351
75 387
364 67
364 94
364 95
364 113
364 130
364 239
364 328
364 447
14 15
14 57
14 340
15 57
15 222
57 160
57 167
57 173
57 183
57 222
57 273
57 369
57 385
340 328
340 400
222 70
222 160
222 173
222 183
222 192
222 260
222 261
222 268
222 326
222 369
222 385
222 476
154 71
154 120
154 179
154 192
154 198
154 246
154 260
154 261
154 328
154 338
246 328
328 19
328 156
328 202
328 254
328 286
328 349
328 411
328 463
17 376
376 416
376 467
19 105
105 61
105 309
105 412
61 60
61 96
61 110
61 133
61 329
61 412
61 465
61 484
155 98
155 209
155 256
155 297
155 333
290 27
290 132
290 149
290 350
290 453
306 244
306 253
306 408
306 487
329 140
329 141
329 349
329 437
336 85
336 134
336 365
336 427
336 482
349 173
349 254
349 281
411 45
411 54
411 104
411 352
411 381
411 385
412 309
412 352
412 368
480 134
480 181
480 309
480 465
21 351
351 219
351 407
351 451
22 151
22 339
22 395
151 199
339 44
339 63
339 200
395 216
395 389
23 381
23 448
381 103
381 119
381 175
381 242
381 285
381 291
381 318
381 426
448 103
448 178
448 204
448 219
448 285
448 318
24 243
243 41
243 369
243 465
26 106
26 204
26 348
26 396
26 467
26 474
204 285
204 346
204 348
204 357
348 120
348 474
396 38
396 51
396 114
396 116
396 172
396 263
396 474
467 280
467 361
474 51
27 148
27 203
27 265
27 445
148 64
148 265
148 350
265 110
265 123
265 227
445 37
28 50
28 347
28 437
28 479
50 41
50 54
50 294
50 437
50 479
347 59
347 98
347 305
347 326
347 484
437 318
437 434
437 456
437 479
479 49
29 31
29 131
31 131
131 482
183 37
183 54
183 87
183 95
183 102
183 135
183 172
183 189
183 192
183 196
183 214
183 231
183 244
183 260
183 261
183 302
183 305
183 331
183 362
183 392
183 423
183 458
183 484
33 37
33 104
33 205
33 281
37 205
37 477
104 169
104 205
104 254
104 299
104 368
104 375
205 65
205 169
205 281
205 368
281 173
281 214
281 223
281 248
281 254
281 330
34 129
34 135
129 135
135 47
135 116
135 150
35 201
35 211
35 413
201 390
211 365
211 413
413 85
413 297
413 365
36 390
390 181
38 51
51 304
51 307
39 126
126 286
41 55
41 230
41 341
41 353
55 341
230 78
230 92
230 341
230 439
230 464
230 483
341 78
341 93
341 128
341 233
353 139
42 93
66 206
66 331
81 120
81 433
81 484
96 69
96 404
172 86
172 88
172 116
172 181
172 263
172 305
172 384
194 140
194 226
196 45
196 53
196 193
196 365
196 367
196 446
196 482
206 47
206 100
206 334
226 69
248 173
297 60
297 62
297 85
297 197
297 209
297 233
297 359
297 362
297 484
331 152
331 238
331 362
367 178
482 85
482 432
484 62
484 85
484 98
484 209
484 359
484 362
44 63
45 120
45 197
45 423
120 186
120 198
120 305
120 433
197 209
423 70
423 124
423 354
423 385
47 76
48 365
365 85
365 309
365 427
49 319
54 305
54 458
304 368
307 399
52 175
52 451
175 242
175 332
175 387
175 407
175 426
175 451
451 380
451 387
451 407
451 426
53 137
458 428
56 380
56 452
380 387
380 452
160 70
160 169
160 173
160 260
160 261
160 268
160 369
160 385
173 70
173 149
173 223
173 257
173 268
173 326
173 369
173 385
173 488
369 70
369 190
369 385
369 392
385 70
385 223
385 268
385 326
385 333
385 354
385 392
59 326
59 471
326 70
326 488
60 454
133 254
465 97
465 368
62 359
62 362
359 309
359 362
359 441
362 192
362 238
65 368
192 73
192 185
192 190
192 198
192 266
192 476
198 152
198 190
198 261
260 261
260 268
261 268
268 70
268 257
338 179
338 476
392 107
69 209
209 116
70 190
190 266
94 195
94 271
94 284
94 387
170 240
387 187
387 242
387 318
387 407
387 441
123 124
123 156
123 227
123 241
460 292
460 327
460 485
78 128
78 215
78 414
95 447
80 85
85 98
85 309
85 427
115 439
255 456
309 427
86 88
86 171
88 171
89 165
89 356
89 472
165 101
165 356
356 101
472 178
472 286
472 443
472 453
91 139
139 402
139 436
139 469
195 386
284 249
284 441
447 113
447 232
97 441
441 456
99 146
99 219
99 235
146 217
146 235
146 443
219 162
235 217
102 456
456 168
456 177
456 434
456 439
456 443
169 254
169 299
254 241
254 299
254 375
108 318
113 181
113 232
181 314
232 327
114 116
116 263
116 415
119 374
124 354
124 461
241 278
333 256
150 357
402 436
402 466
402 469
436 228
436 259
436 466
436 469
469 466
141 434
145 249
443 187
443 473
147 468
350 236
350 303
357 296
357 346
152 257
152 429
153 491
179 476
158 343
446 296
446 371
166 180
407 310
407 311
407 426
214 321
231 191
185 266
202 320
202 425
320 425
212 228
212 252
228 229
228 252
228 389
216 389
221 292
292 262
292 345
292 428
464 483
253 408
253 487
408 487
262 372
293 417
310 311
409 424
