445 1381
0 180
0 294
0 304
0 378
0 405
0 426
180 77
180 378
294 42
294 118
294 241
294 301
294 304
294 379
294 397
294 414
294 435
294 447
294 450
304 181
304 301
378 36
378 42
378 115
378 124
378 167
378 170
378 174
378 179
378 209
378 297
378 324
378 359
378 379
378 385
378 408
378 416
405 118
405 121
405 159
405 276
405 344
405 425
426 182
426 241
426 347
426 355
426 425
1 351
1 425
351 89
351 144
351 311
351 352
351 414
351 429
351 436
351 438
351 450
351 455
351 466
425 14
425 26
425 42
425 73
425 133
425 157
425 159
425 205
425 206
425 235
425 276
425 300
425 338
425 344
425 364
425 366
425 369
425 391
425 397
425 414
425 416
425 436
2 161
161 58
161 101
161 202
161 282
161 305
161 338
161 394
161 417
3 174
3 205
3 208
3 248
3 256
3 272
3 274
3 280
3 297
3 398
3 445
174 9
174 27
174 89
174 116
174 130
174 139
174 142
174 146
174 248
174 262
174 276
174 287
174 297
174 301
174 324
174 339
174 346
174 359
174 364
174 393
174 398
174 406
174 414
174 429
174 433
174 437
174 453
205 77
205 122
205 159
208 9
208 34
208 127
208 133
208 142
208 243
208 256
208 272
248 27
248 116
248 142
248 146
248 297
248 324
248 359
248 393
248 398
256 9
272 5
272 9
272 142
272 242
272 276
272 302
272 330
272 364
272 374
272 414
274 133
274 142
274 309
274 414
280 146
280 398
297 42
297 139
297 146
297 170
297 172
297 239
297 243
297 346
297 385
297 398
297 437
398 27
398 37
398 45
398 146
398 278
398 284
398 368
398 413
398 416
445 7
445 9
445 42
445 44
445 77
445 105
445 150
445 181
445 207
445 243
445 285
445 293
445 374
445 388
4 162
4 243
4 453
4 471
243 9
243 16
243 75
243 94
243 118
243 127
243 134
243 142
243 152
243 159
243 177
243 212
243 242
243 244
243 269
243 324
243 334
243 338
243 364
243 374
243 386
243 416
243 435
243 471
453 9
453 35
453 44
453 75
453 79
453 118
453 123
453 131
453 142
453 145
453 171
453 172
453 181
453 194
453 209
453 220
453 252
453 255
453 265
453 309
453 322
453 324
453 336
453 345
453 359
453 365
453 369
453 380
453 408
453 435
453 437
453 449
453 457
471 9
471 42
471 68
471 94
471 158
471 171
471 220
471 252
471 258
471 259
471 265
471 353
471 380
471 393
471 416
471 448
471 449
5 9
5 20
5 77
5 249
5 359
5 386
5 416
5 437
9 16
9 20
9 42
9 75
9 110
9 123
9 134
9 136
9 142
9 159
9 172
9 222
9 264
9 276
9 308
9 309
9 319
9 338
9 359
9 369
9 374
9 416
9 433
9 435
9 437
9 444
9 449
20 59
20 75
20 103
20 134
20 153
20 159
20 249
20 276
20 287
20 302
20 309
20 325
20 332
20 345
20 359
20 392
20 393
20 406
20 407
20 414
20 416
20 433
20 437
20 473
77 19
77 44
77 67
77 93
77 159
77 181
77 191
77 194
77 249
77 276
77 309
77 359
77 388
77 437
77 449
249 72
249 87
249 88
249 142
249 171
249 319
249 324
249 352
249 359
249 377
249 406
249 416
249 437
359 52
359 55
359 83
359 110
359 134
359 142
359 158
359 159
359 167
359 171
359 181
359 239
359 246
359 264
359 265
359 278
359 309
359 324
359 332
359 341
359 345
359 380
359 393
359 416
359 437
359 448
359 449
359 473
359 475
386 16
386 152
386 244
386 324
416 42
416 55
416 75
416 123
416 129
416 154
416 159
416 222
416 276
416 278
416 283
416 300
416 324
416 326
416 336
416 364
416 379
416 406
416 437
416 444
416 449
416 464
416 475
416 477
437 23
437 42
437 72
437 75
437 159
437 171
437 239
437 324
437 345
437 369
437 376
437 377
437 406
437 414
437 449
7 30
7 39
7 66
7 75
7 159
7 271
7 273
7 285
7 291
7 320
7 388
7 430
30 66
30 181
30 271
30 273
39 66
39 320
66 75
66 152
66 158
66 159
66 181
66 190
66 196
66 204
66 220
66 258
66 259
66 265
66 271
66 291
66 320
66 334
66 365
66 387
66 388
66 430
66 474
66 477
75 42
75 52
75 71
75 121
75 129
75 134
75 142
75 152
75 159
75 171
75 206
75 319
75 320
75 374
75 444
75 449
75 454
75 459
75 473
75 475
75 478
159 42
159 52
159 55
159 71
159 102
159 118
159 129
159 134
159 142
159 181
159 194
159 206
159 270
159 276
159 300
159 309
159 319
159 320
159 364
159 369
159 374
159 406
159 414
159 441
159 454
159 459
159 473
159 475
159 478
271 158
271 181
271 273
271 387
271 430
273 291
273 388
285 388
285 430
291 69
291 79
291 118
291 152
291 435
320 152
320 181
320 196
320 220
320 258
320 259
320 265
320 334
320 388
320 430
388 69
388 181
388 229
388 258
388 327
388 358
388 430
388 474
430 118
430 152
430 196
8 157
8 206
8 456
157 35
157 133
157 366
206 14
456 104
456 160
16 152
16 244
16 324
16 336
42 64
42 79
42 94
42 170
42 181
42 192
42 194
42 204
42 222
42 224
42 246
42 278
42 293
42 309
42 327
42 363
42 406
42 475
42 477
110 55
110 132
110 181
110 264
110 332
110 475
123 55
123 68
123 142
123 158
123 171
123 172
123 181
123 220
123 221
123 265
123 278
123 293
123 322
123 324
123 329
123 350
123 365
123 380
123 387
123 406
123 414
123 418
134 55
134 59
134 94
134 103
134 129
134 142
134 270
134 276
134 319
134 324
134 369
134 374
134 407
134 414
134 435
134 473
136 101
136 199
136 369
136 385
142 108
142 129
142 158
142 167
142 171
142 262
142 276
142 319
142 324
142 366
142 369
142 393
142 414
142 449
172 252
172 278
172 324
172 364
172 406
222 17
222 278
264 33
264 36
264 102
264 203
264 332
276 44
276 55
276 88
276 94
276 173
276 309
276 324
276 345
276 374
276 376
276 393
276 406
276 433
276 449
276 464
276 475
308 72
308 73
308 82
308 369
308 376
308 444
309 47
309 55
309 133
309 153
309 171
309 181
309 194
309 265
309 332
309 363
309 371
309 380
309 457
319 50
319 70
319 84
319 129
319 202
319 292
319 293
319 342
319 353
319 355
319 376
338 23
338 26
338 60
338 101
338 104
338 160
338 217
338 240
338 261
338 282
338 314
338 331
338 366
338 374
338 376
338 383
338 391
338 394
338 417
338 421
338 443
338 461
338 468
369 324
369 376
369 382
369 441
369 443
369 446
374 414
374 435
374 449
433 324
433 325
435 79
435 96
435 118
435 226
435 301
435 393
435 428
435 477
444 129
444 475
449 129
449 171
449 181
449 209
449 239
449 252
449 475
10 81
10 141
10 312
10 333
10 366
10 396
10 400
10 401
81 113
81 253
81 366
141 76
141 113
141 279
141 337
141 366
312 137
312 241
312 245
312 329
312 349
312 354
312 366
312 396
312 401
333 401
333 447
366 17
366 104
366 382
366 400
396 400
400 335
400 384
401 74
401 337
401 349
11 414
414 53
414 55
414 102
414 132
414 139
414 179
414 253
414 305
414 348
414 376
414 380
414 406
414 422
414 436
414 450
414 473
414 482
12 73
12 360
73 26
73 92
73 168
73 347
73 382
360 65
360 92
360 93
360 111
360 128
360 237
360 324
360 442
14 15
14 55
14 336
15 55
15 220
55 158
55 165
55 171
55 181
55 220
55 270
55 365
55 380
336 324
336 395
220 68
220 158
220 171
220 181
220 190
220 258
220 259
220 265
220 322
220 365
220 380
220 469
152 69
152 118
152 177
152 190
152 196
152 244
152 258
152 259
152 324
152 334
244 324
324 19
324 154
324 200
324 252
324 283
324 345
324 406
17 372
372 411
372 461
19 103
103 59
103 305
103 407
59 94
59 108
59 131
59 325
59 407
59 459
59 477
153 96
153 207
153 254
153 293
153 329
287 27
287 130
287 147
287 346
287 447
302 242
302 251
302 403
302 480
325 138
325 139
325 432
332 83
332 132
332 361
332 422
332 475
345 171
345 252
345 278
406 44
406 53
406 102
406 348
406 376
406 380
407 305
407 348
407 364
473 132
473 179
473 305
473 459
21 347
347 217
347 402
347 446
22 149
22 335
22 390
149 197
335 43
335 61
335 198
390 214
390 384
23 376
23 443
376 101
376 117
376 173
376 240
376 282
376 314
376 421
443 101
443 176
443 202
443 217
443 282
443 314
24 241
241 40
241 365
241 459
26 104
26 202
26 344
26 391
26 461
26 468
202 282
202 342
202 344
202 353
344 118
344 468
391 50
391 112
391 114
391 170
391 261
391 468
461 277
461 357
468 50
27 146
27 201
27 262
27 440
146 62
146 262
146 346
262 108
262 121
262 225
440 37
28 49
28 343
28 432
28 472
49 40
49 53
49 290
49 432
49 472
343 57
343 96
343 301
343 322
343 477
432 314
432 429
432 450
432 472
472 48
29 31
29 129
31 129
129 475
181 37
181 53
181 85
181 93
181 100
181 133
181 170
181 187
181 190
181 194
181 212
181 229
181 242
181 258
181 259
181 298
181 301
181 327
181 358
181 387
181 418
181 452
181 477
33 37
33 102
33 203
33 278
37 203
37 470
102 167
102 203
102 252
102 295
102 364
203 63
203 167
203 278
203 364
278 171
278 212
278 221
278 246
278 252
278 326
34 127
34 133
127 133
133 46
133 114
133 148
35 199
35 209
35 408
199 385
209 361
209 408
408 83
408 361
36 385
385 179
38 124
124 283
40 54
40 228
40 337
40 349
54 337
228 76
228 90
228 337
228 434
228 458
228 476
337 76
337 91
337 126
337 231
349 137
41 91
64 204
64 327
79 118
79 428
79 477
94 67
94 399
170 84
170 86
170 114
170 179
170 261
170 301
170 379
192 138
192 224
194 44
194 52
194 191
194 361
194 363
194 441
194 475
204 98
204 330
224 67
246 171
293 58
293 60
293 83
293 195
293 207
293 231
293 355
293 477
327 150
327 236
327 358
363 176
475 83
475 427
477 60
477 83
477 96
477 207
477 355
477 358
43 61
44 118
44 195
44 418
118 184
118 196
118 301
118 428
195 207
418 68
418 122
418 350
418 380
46 74
47 361
361 83
361 305
361 422
48 315
53 301
53 452
50 300
50 303
300 364
303 394
51 173
51 446
173 240
173 328
173 382
173 402
173 421
173 446
446 382
446 402
446 421
52 135
452 423
158 68
158 167
158 171
158 258
158 259
158 265
158 365
158 380
171 68
171 147
171 221
171 255
171 265
171 322
171 365
171 380
171 481
365 68
365 188
365 380
365 387
380 68
380 221
380 265
380 322
380 329
380 350
380 387
57 322
57 465
322 68
322 481
58 448
131 252
459 95
459 364
60 355
60 358
355 305
355 358
355 436
358 190
358 236
63 364
190 71
190 183
190 188
190 196
190 263
190 469
196 150
196 188
258 259
258 265
259 265
265 255
334 177
334 469
387 105
67 207
207 114
68 188
92 193
92 268
92 281
92 382
168 238
382 185
382 240
382 314
382 402
382 436
121 122
121 154
121 225
121 239
454 288
454 323
454 478
76 126
76 213
76 409
93 442
78 83
83 96
83 305
83 422
113 434
253 450
305 422
84 86
84 169
86 169
87 163
87 352
87 466
163 99
163 352
352 99
466 176
466 283
466 438
466 447
89 137
137 397
137 431
137 463
193 381
281 247
281 436
442 111
442 230
95 436
436 450
97 144
97 217
97 233
144 215
144 233
144 438
217 160
233 215
100 450
450 166
450 175
450 429
450 434
450 438
167 252
167 295
252 239
252 295
106 314
111 179
111 230
179 310
230 323
112 114
114 261
114 410
117 370
122 350
122 455
239 275
329 254
148 353
397 431
397 460
397 463
431 226
431 257
431 460
431 463
463 460
139 429
143 247
438 185
438 467
145 462
346 234
346 299
353 292
353 342
150 255
150 424
177 469
156 339
441 292
441 367
164 178
402 306
402 307
402 421
212 317
229 189
183 263
200 316
200 420
316 420
210 226
210 250
226 227
226 250
226 384
214 384
219 288
288 260
288 341
288 423
458 476
251 403
251 480
403 480
260 368
289 412
306 307
404 419
