433 1314
0 173
0 286
0 295
0 367
0 414
173 72
173 367
286 37
286 111
286 234
286 292
286 295
286 368
286 385
286 402
286 423
286 435
286 437
295 174
295 292
367 31
367 37
367 108
367 117
367 160
367 163
367 167
367 172
367 202
367 288
367 315
367 350
367 368
367 373
367 396
367 404
414 175
414 234
414 338
414 346
414 413
1 342
1 413
342 84
342 137
342 302
342 343
342 402
342 417
342 424
342 426
342 437
342 442
342 453
413 22
413 37
413 68
413 126
413 150
413 152
413 198
413 199
413 228
413 268
413 291
413 329
413 335
413 354
413 356
413 359
413 379
413 385
413 393
413 400
413 402
413 404
413 424
2 167
2 198
2 201
2 240
2 248
2 264
2 266
2 272
2 288
2 386
2 433
167 8
167 23
167 84
167 109
167 123
167 132
167 135
167 139
167 240
167 254
167 268
167 279
167 288
167 292
167 315
167 330
167 337
167 350
167 354
167 381
167 386
167 394
167 402
167 417
167 421
167 425
167 440
198 115
198 152
201 8
201 29
201 120
201 126
201 135
201 236
201 248
201 264
240 23
240 109
240 135
240 139
240 288
240 315
240 350
240 381
240 386
248 8
264 4
264 8
264 135
264 235
264 268
264 293
264 321
264 354
264 364
264 402
266 126
266 135
266 300
266 402
272 139
272 386
288 37
288 132
288 139
288 163
288 165
288 236
288 337
288 373
288 386
288 425
386 23
386 32
386 40
386 139
386 270
386 276
386 358
386 401
386 404
433 6
433 8
433 37
433 39
433 72
433 98
433 143
433 174
433 200
433 236
433 277
433 285
433 364
433 376
3 155
3 236
3 440
3 458
236 8
236 13
236 70
236 89
236 111
236 120
236 127
236 135
236 145
236 152
236 170
236 205
236 235
236 237
236 261
236 315
236 325
236 329
236 354
236 364
236 374
236 404
236 423
236 458
440 8
440 30
440 70
440 74
440 111
440 116
440 124
440 135
440 138
440 164
440 165
440 174
440 187
440 202
440 213
440 244
440 247
440 257
440 300
440 313
440 315
440 327
440 336
440 350
440 355
440 359
440 369
440 396
440 423
440 425
440 436
440 444
458 8
458 37
458 63
458 89
458 151
458 164
458 213
458 250
458 251
458 257
458 344
458 369
458 381
458 404
458 436
4 8
4 16
4 72
4 241
4 350
4 374
4 404
4 425
8 13
8 16
8 37
8 70
8 103
8 116
8 127
8 129
8 135
8 152
8 165
8 215
8 256
8 268
8 299
8 300
8 310
8 329
8 350
8 359
8 364
8 404
8 421
8 425
8 432
8 436
16 54
16 70
16 96
16 127
16 146
16 152
16 241
16 268
16 279
16 293
16 300
16 316
16 323
16 336
16 350
16 380
16 381
16 394
16 395
16 402
16 404
16 421
16 425
16 460
72 15
72 39
72 62
72 88
72 152
72 174
72 184
72 187
72 241
72 268
72 300
72 350
72 376
72 425
72 436
241 67
241 82
241 83
241 135
241 164
241 310
241 315
241 343
241 350
241 394
241 404
241 425
350 47
350 50
350 78
350 103
350 127
350 135
350 151
350 152
350 160
350 164
350 174
350 232
350 256
350 257
350 270
350 300
350 315
350 323
350 332
350 336
350 369
350 381
350 404
350 425
350 436
350 460
350 462
374 13
374 145
374 237
374 315
404 37
404 50
404 70
404 116
404 122
404 147
404 152
404 215
404 268
404 270
404 275
404 291
404 315
404 317
404 327
404 354
404 368
404 394
404 425
404 432
404 436
404 451
404 462
404 464
425 19
425 37
425 67
425 70
425 152
425 164
425 232
425 315
425 336
425 359
425 366
425 394
425 402
425 436
6 26
6 34
6 61
6 70
6 152
6 263
6 265
6 277
6 283
6 311
6 376
6 418
26 61
26 174
26 263
26 265
34 61
34 311
61 70
61 145
61 151
61 152
61 174
61 183
61 189
61 197
61 213
61 250
61 251
61 257
61 263
61 283
61 311
61 325
61 355
61 375
61 376
61 418
61 461
61 464
70 37
70 47
70 66
70 114
70 122
70 127
70 135
70 145
70 152
70 164
70 199
70 310
70 311
70 364
70 432
70 436
70 441
70 446
70 460
70 462
70 465
152 37
152 47
152 50
152 66
152 111
152 122
152 127
152 135
152 174
152 187
152 199
152 262
152 268
152 291
152 300
152 310
152 311
152 354
152 359
152 364
152 394
152 402
152 429
152 441
152 446
152 460
152 462
152 465
263 151
263 174
263 265
263 375
263 418
265 283
265 376
277 376
277 418
283 64
283 74
283 111
283 145
283 423
311 145
311 174
311 189
311 213
311 250
311 251
311 257
311 325
311 376
311 418
376 64
376 174
376 222
376 250
376 318
376 349
376 418
376 461
418 111
418 145
418 189
7 150
7 199
7 443
150 30
150 126
150 356
443 97
443 153
13 145
13 237
13 315
13 327
37 59
37 74
37 89
37 163
37 174
37 187
37 197
37 215
37 217
37 270
37 285
37 300
37 318
37 394
37 462
37 464
103 50
103 125
103 174
103 256
103 323
103 462
116 50
116 63
116 135
116 151
116 164
116 165
116 174
116 213
116 214
116 257
116 285
116 313
116 315
116 320
116 341
116 355
116 369
116 375
116 394
116 402
116 406
127 50
127 54
127 89
127 96
127 122
127 135
127 262
127 268
127 310
127 315
127 359
127 364
127 395
127 402
127 423
127 460
129 95
129 192
129 359
129 373
135 101
135 122
135 151
135 160
135 164
135 254
135 268
135 310
135 315
135 356
135 359
135 381
135 402
135 436
165 244
165 315
165 354
165 394
215 14
215 270
256 31
256 196
256 323
268 39
268 50
268 83
268 89
268 166
268 300
268 336
268 364
268 366
268 381
268 393
268 394
268 421
268 436
268 451
268 462
299 67
299 68
299 77
299 359
299 366
299 432
300 42
300 50
300 126
300 146
300 164
300 174
300 187
300 257
300 323
300 361
300 369
300 444
310 45
310 65
310 79
310 122
310 195
310 284
310 285
310 333
310 344
310 346
310 366
329 19
329 22
329 55
329 95
329 97
329 153
329 154
329 210
329 233
329 253
329 274
329 305
329 322
329 356
329 364
329 366
329 372
329 379
329 405
329 409
329 431
329 448
329 455
359 315
359 366
359 371
359 429
359 431
359 434
364 402
364 423
364 436
421 315
421 316
432 462
436 122
436 164
436 174
436 202
436 232
436 244
436 462
9 76
9 134
9 303
9 324
9 356
9 384
9 388
9 389
76 106
76 245
76 356
134 71
134 106
134 271
134 328
134 356
303 130
303 234
303 238
303 320
303 340
303 345
303 356
303 384
303 389
324 389
324 435
356 14
356 97
356 371
356 388
384 388
388 326
389 69
389 328
389 340
10 402
402 48
402 50
402 125
402 132
402 172
402 245
402 296
402 339
402 366
402 369
402 394
402 410
402 424
402 437
402 460
402 469
11 68
11 351
68 22
68 87
68 161
68 338
68 371
351 60
351 87
351 88
351 104
351 121
351 230
351 315
351 430
145 64
145 170
145 183
145 189
145 237
145 250
145 251
145 315
145 325
237 315
315 15
315 147
315 193
315 244
315 275
315 327
315 336
315 394
327 383
14 362
362 399
362 448
15 96
96 54
96 296
96 395
54 89
54 101
54 124
54 316
54 395
54 446
54 464
146 91
146 200
146 246
146 285
146 320
279 23
279 123
279 140
279 337
279 435
293 235
293 243
293 391
293 467
316 131
316 132
316 420
323 78
323 125
323 352
323 410
323 462
336 164
336 244
336 270
381 423
394 39
394 48
394 339
394 366
394 369
395 296
395 339
395 354
460 125
460 172
460 296
460 446
17 338
338 210
338 390
338 434
18 142
18 326
18 378
142 190
326 38
326 56
326 191
378 207
19 366
19 431
366 95
366 110
366 166
366 233
366 274
366 305
366 409
431 95
431 169
431 195
431 210
431 274
431 305
20 234
234 35
234 355
234 446
22 97
22 195
22 335
22 379
22 448
22 455
195 154
195 274
195 333
195 335
195 344
335 111
335 455
379 45
379 105
379 107
379 163
379 253
379 455
448 269
448 348
455 45
23 139
23 194
23 254
23 428
139 57
139 254
139 337
254 101
254 114
254 218
428 32
24 44
24 334
24 420
24 459
44 35
44 48
44 282
44 420
44 459
334 52
334 91
334 292
334 313
334 464
420 305
420 417
420 437
420 459
459 43
25 27
25 122
27 122
122 462
174 32
174 48
174 50
174 80
174 88
174 94
174 126
174 163
174 180
174 183
174 187
174 205
174 213
174 222
174 235
174 250
174 251
174 289
174 292
174 318
174 349
174 375
174 406
174 439
174 464
29 120
29 126
120 126
126 41
126 107
126 141
30 192
30 202
30 396
192 373
202 352
202 396
396 78
396 352
31 373
373 172
32 196
32 457
196 58
196 354
33 117
117 275
35 49
35 221
35 328
35 340
49 328
221 71
221 85
221 328
221 422
221 445
221 463
328 71
328 86
328 119
328 224
340 130
36 86
59 197
59 318
74 111
74 416
74 423
74 464
89 62
89 387
163 79
163 81
163 107
163 172
163 253
163 292
163 368
187 39
187 47
187 184
187 352
187 429
187 462
197 321
217 62
270 164
270 205
270 214
270 317
285 53
285 55
285 78
285 188
285 200
285 346
285 464
318 143
318 229
318 349
462 78
462 415
464 55
464 78
464 91
464 200
464 346
464 349
464 423
38 56
39 111
39 188
39 406
111 177
111 292
111 416
111 423
188 200
406 63
406 115
406 341
406 369
41 69
42 352
352 78
352 296
352 410
43 306
48 292
48 439
45 291
45 294
291 354
294 382
46 166
46 434
166 233
166 319
166 371
166 390
166 409
166 434
434 371
434 390
434 409
47 128
292 423
439 411
50 151
50 158
50 164
50 213
50 262
50 355
50 369
151 63
151 160
151 164
151 213
151 250
151 251
151 257
151 355
151 369
164 140
164 213
164 214
164 247
164 257
164 313
164 355
164 369
164 468
213 63
213 183
213 250
213 251
213 257
213 313
213 355
213 369
213 456
355 63
355 181
355 369
355 375
369 63
369 214
369 257
369 313
369 320
369 341
369 375
52 313
52 452
313 63
313 468
53 154
154 95
154 274
154 296
154 382
154 405
124 244
446 90
446 354
55 346
55 349
346 296
346 349
346 424
349 183
349 229
58 354
183 66
183 176
183 181
183 189
183 255
183 456
189 143
189 181
250 251
250 257
251 257
257 247
325 170
325 456
375 98
62 200
200 107
63 181
87 186
87 260
87 273
87 371
161 231
371 178
371 233
371 305
371 390
371 424
114 115
114 147
114 218
114 232
441 280
441 314
441 465
71 119
71 206
71 397
88 430
73 78
78 91
78 296
78 410
416 423
423 91
423 219
106 422
245 437
296 410
79 81
79 162
81 162
82 156
82 343
82 453
156 93
156 343
343 93
453 169
453 426
453 435
84 130
130 385
130 419
130 450
186 370
273 239
273 424
430 104
430 223
90 424
424 437
92 137
92 210
92 226
137 208
137 226
137 426
210 153
226 208
94 437
437 159
437 168
437 417
437 422
437 426
99 305
104 172
104 223
172 301
223 314
105 107
107 253
107 398
110 360
115 341
115 442
232 244
232 267
320 246
141 344
385 419
385 447
385 450
419 219
419 249
419 447
419 450
450 447
131 185
132 417
136 239
426 178
426 454
138 449
337 227
337 290
344 284
344 333
143 247
143 412
170 456
149 330
429 284
429 357
157 171
390 297
390 298
390 409
205 308
222 182
176 255
193 307
193 408
307 408
203 219
203 242
219 220
219 242
212 280
280 252
280 332
280 411
445 463
243 391
243 467
391 467
252 358
281 400
297 298
392 407
