70 96
0 4
0 5
0 6
0 7
0 8
0 9
0 10
0 11
0 12
0 13
0 14
0 15
0 16
0 17
0 18
0 19
0 20
0 21
0 22
8 35
8 23
10 24
11 30
12 27
16 28
19 29
22 25
22 26
35 30
35 34
35 44
35 46
23 32
23 34
23 36
24 38
30 62
27 33
29 33
29 62
29 37
26 31
32 33
32 38
32 37
34 33
34 38
34 42
34 62
36 31
36 37
38 43
38 44
38 49
33 62
33 37
33 39
33 40
33 41
33 42
33 44
33 45
33 47
33 48
33 50
33 51
33 52
33 53
33 54
33 55
33 56
33 57
62 44
62 47
62 66
62 67
62 69
37 45
37 46
37 67
39 59
40 61
44 59
44 71
44 60
48 58
43 64
49 63
61 60
71 69
71 72
60 60
58 68
63 65
66 70
69 70
