67 118
0 19
0 29
19 28
19 30
19 68
19 50
29 7
29 12
29 17
29 25
29 27
29 28
29 32
29 35
29 36
29 40
29 55
29 61
29 62
29 68
29 70
1 5
1 27
5 6
5 25
5 27
5 36
5 40
5 45
5 65
27 3
27 7
27 17
27 32
27 37
27 40
27 54
27 55
27 60
2 3
3 14
3 15
3 70
14 21
14 30
15 13
70 6
70 7
70 17
70 21
70 24
70 25
70 36
70 37
70 38
70 40
70 43
70 44
70 46
70 51
70 56
70 61
6 25
25 40
25 48
25 63
25 65
25 66
36 12
40 17
45 9
45 39
45 41
45 57
65 37
7 68
68 18
68 28
68 57
68 62
8 52
9 41
41 20
41 57
10 18
18 16
18 71
11 47
47 57
13 64
64 16
64 61
21 38
21 51
21 56
30 50
30 71
16 28
71 24
71 26
71 32
71 63
71 67
50 31
50 67
20 37
37 35
38 51
51 34
24 26
35 43
61 62
31 39
31 57
39 57
42 53
42 58
49 59
